	baseMean	log2FoldChange	lfcSE	stat	pvalue	padj
Serpina3m	13.0604132725097	7.1063228101203	1.13867157434146	6.24088891850149	4.35091156653297e-10	1.0930111413926e-07
Akr1c13	13.4808573891011	6.43605214074985	1.10898865941845	5.80353287302765	6.4932015311782e-09	1.2513199882276e-06
Akr1c18	8.95886689117325	5.99231292085389	1.17531208797037	5.09848659108232	3.4237978084877e-07	4.45981366387083e-05
Ube2dnl	8.69323954125026	5.94960052642108	1.1802174636234	5.04110531304557	4.62850648658605e-07	5.91943902302659e-05
Grid2	9.69779503261108	5.04831911040273	1.05065870953402	4.80490863930659	1.5482218465223e-06	0.000167541422591352
Cybb	4.23066771269657	4.82970421732875	1.32252951533285	3.65186875705622	0.000260338931887066	0.0126291313578871
Plb1	2.43071162736632	4.80544789995562	1.52698417584565	3.14701879428079	0.00164944359236984	0.049266183561484
Col6a3	3.82940976971495	4.75775423156851	1.3471170995129	3.53180449813076	0.000412734372353297	0.0182017152045962
C130073F10Rik	41.1996894177393	4.638419871629	0.49159804037123	9.43539129677225	3.89537563484534e-21	3.04445246838913e-18
4930486L24Rik	4.21530809969138	4.18443479962547	1.26889991788485	3.29768702846208	0.000974847272029672	0.0338887498098399
Ldoc1	4.7847417876025	4.1517390396149	1.18622656196755	3.49995453880966	0.000465337510772133	0.0202048398195752
Cd200	6.08911263847809	4.13458612683471	1.06535025017711	3.88096414878331	0.000104043178935478	0.00604826215398474
Gm20548	37.8866192304065	3.76539394748057	0.421052049407155	8.94282299013216	3.7935309759143e-19	2.54130446519821e-16
Folh1	4.87078467418206	3.49564309249834	1.10981830564935	3.1497435883913	0.0016341381650865	0.0490895418536497
Cyp2b23	58.7029129315343	3.13757951921939	0.311046602655299	10.0871685864271	6.29593543761083e-24	6.32651569545066e-21
1700024B05Rik	6.87535554935669	2.99975362353088	0.844332163581783	3.55281221410005	0.000381136435961913	0.0171853441702314
AI662270	15.2513821212778	2.86505017954575	0.607236899440157	4.71817536481592	2.37969326810853e-06	0.000242590760114136
Qpct	31.8751290405437	2.86409520602952	0.38740208869523	7.39308147685985	1.43464504337949e-13	5.6062740195174e-11
Plxnc1	14.6395286573785	2.81888193629253	0.631983630479602	4.46037175702371	8.18176055658571e-06	0.000689227589880526
Slc7a14	8.7730362952455	2.8086961743951	0.791300317300131	3.54946928869965	0.000386008488463235	0.01729416374427
Mep1b	73.5613741818028	2.78461400120683	0.274816000966367	10.1326487228363	3.9578053214556e-24	4.63986710518645e-21
Pabpc6	7.26973681894606	2.77822451342249	0.846781188650881	3.2809237506195	0.00103467711446274	0.0355888451008846
Kcnf1	7.16802524134201	2.71205439566743	0.845083917515999	3.20921312008767	0.00133098795324431	0.0426882921910938
BC067074	165.59854402667	2.63474748033818	0.181314256763663	14.5313861544406	7.66534510800131e-48	1.07836074979362e-43
Ddx60	10.3078265389973	2.47153024969636	0.72276524586079	3.41954772154664	0.000627253292772089	0.0250687480759027
Lama3	125.152689979853	2.43701584149447	0.206510405947248	11.8009348260978	3.85999288786216e-32	6.78779749330562e-29
Gtsf1	11.2674116455981	2.38435517801868	0.6198179055274	3.84686398497933	0.000119639342163199	0.0068141144354327
Gm281	22.0778048077666	2.35141142695028	0.439399615434679	5.35141894610929	8.72672243251301e-08	1.32008098043648e-05
Nckap5	11.4057937361959	2.32987423805875	0.624201811433098	3.73256564685325	0.000189539276988193	0.00976717417095203
Khdc1c	26.032172739696	2.31323011067235	0.519639750364003	4.45160345999695	8.52314506424911e-06	0.00070948878558495
Slc5a4b	8.55927463451094	2.31132016444562	0.700938258750105	3.29746612571428	0.000975614420883222	0.0338887498098399
Nlrp4g	17.1161355972675	2.26140565517515	0.492245719405305	4.59405854845668	4.34707325967039e-06	0.000394545978174471
3830417A13Rik	8.6985929258285	2.24597104941125	0.69673722636384	3.22355540141383	0.00126609804760083	0.0413573401279164
Mgat4c	35.9689513316018	2.1572379733043	0.352600303009452	6.11808315220442	9.47076474819309e-10	2.18417571274722e-07
Pkhd1	11.2854419029663	2.14263337863075	0.660024129350415	3.24629552670976	0.00116917401886665	0.0391617621367049
Tspan2	52.1381121170524	2.10250075608143	0.289583945741038	7.26041891134946	3.8589332948306e-13	1.42861772609676e-10
Khdc1a	35.0109517227128	2.03282710478889	0.447807226170214	4.53951384879217	5.63840772620102e-06	0.000489636542544419
Dazl	174.56802485212	2.00170239665065	0.159842019547604	12.5230049164545	5.58788388714033e-36	1.31017250873817e-32
Nlrp14	16.0589854157982	1.94697987293447	0.503787070878294	3.86468805072773	0.000111231266082648	0.0063869446989824
Samd9l	52.9677386495381	1.91015871123294	0.284831633709591	6.70627305807085	1.9965796275952e-11	6.10606134804548e-09
Neb	43.9191808793488	1.90309821901185	0.335888004146953	5.6658713485321	1.46279251453462e-08	2.54056359191025e-06
D630013G24Rik	14.8698405802885	1.86559066667041	0.531781491351514	3.50819029434259	0.00045116620561497	0.0197111993186068
Aass	23.2828882006031	1.85516164012021	0.419260052561737	4.42484712956771	9.6510600680236e-06	0.000792292112272235
AV320801	23.1045936079229	1.80139734492042	0.443267076512635	4.06390963906627	4.82575141588214e-05	0.00315761260086651
Rpl39l	218.35452525843	1.73165477070788	0.133956859607724	12.9269585430624	3.17117261258105e-38	1.48706854379301e-34
Nlrp4c	62.9684625106143	1.69570243006148	0.288554843782155	5.87653427624198	4.18944693124813e-09	8.30100555335193e-07
Gm5128	17.4750035263553	1.68018256551387	0.494517852469253	3.39761761304326	0.000679753614734494	0.0266596452222933
Gm7903	15.6655949978895	1.64642927397342	0.523466287776332	3.1452441397275	0.00165948281090689	0.0494610258132163
Fmn2	253.615274137589	1.61705695417431	0.124824195317888	12.9546755743642	2.21068719283588e-38	1.48706854379301e-34
Gm364	21.5991068205096	1.60976237025576	0.425985977296095	3.77890929761016	0.000157516781458123	0.00852286954443412
Sstr5	58.5038488665352	1.58536975880361	0.29983722166048	5.28743479553316	1.24043555337675e-07	1.79901519225816e-05
Aox3	134.599140988612	1.58158679173755	0.184660533562488	8.56483386690936	1.08231783336608e-17	6.09041891191762e-15
Colec12	17.7857902435418	1.57181237004292	0.455912903370006	3.44761545116278	0.000565558637706608	0.0232639734364227
Tex19.2	17.5761582340604	1.5179348870273	0.481306828041361	3.15377800311791	0.00161171637696322	0.0488655732567211
Magea4	22.3504156432195	1.50105553737742	0.41213046403939	3.64218534748733	0.000270333311462855	0.0130241404988337
Ankrd45	63.846902391328	1.45089654389504	0.245661708842403	5.90607527209632	3.50353942114227e-09	7.35181146802274e-07
Kdm5d	33.7803131312779	1.44124742291201	0.354372432144268	4.06704159855547	4.76137461722669e-05	0.00313004757547407
Prex2	205.88334592906	1.43404033354251	0.245003557641052	5.85314085782984	4.82375245067457e-09	9.42507631612358e-07
Gm15023	26.139143063903	1.42198290369328	0.393865239351788	3.61032851244639	0.00030580943543814	0.0141984393984943
Akap6	25.4904017484434	1.38266005179362	0.398207517879699	3.47220981451014	0.000516192733866319	0.0218072053454396
Gm13227	151.339501939506	1.35453453948506	0.156538148722255	8.65306348989988	5.0135115035557e-18	2.93875332633423e-15
Lpl	203.425788913082	1.28869537878293	0.136153297379755	9.46503245667667	2.93469906807865e-21	2.42854979351356e-18
Col11a1	41.0869354653995	1.28426894953758	0.334237084283157	3.84238916005377	0.000121842443159232	0.0068838533749561
Slc1a4	345.840443570855	1.28111734600814	0.117274938984642	10.9240504160562	8.84608161001097e-28	1.13133341899668e-24
Nod1	69.4983703009637	1.27934674023883	0.251616224838138	5.08451607626585	3.68564552009969e-07	4.75684964924426e-05
Clca4	41.6765455308052	1.27072444061706	0.312429045459407	4.06724169562579	4.75728945732597e-05	0.00313004757547407
Csf2ra	38.9540494466108	1.26942778262197	0.306594637695864	4.14041090921237	3.46684237617137e-05	0.00236755041495043
Spna1	312.53013377898	1.24603436698178	0.113478821338865	10.9803252473071	4.75209774463969e-28	6.68525110715912e-25
Ahsg	29.9237108809166	1.24033153698374	0.367459829113823	3.37542076361097	0.000737029121505369	0.0280171622490715
Gm14136	35.2804951102294	1.23301728539917	0.329731981521353	3.73945311495154	0.00018442104004166	0.00968072832576894
Gm10482	24.7033789574845	1.22388273570454	0.374952414441471	3.26410149279247	0.00109811821070595	0.0371354014139696
Hint3	36.3839947941135	1.20991574856769	0.335746415988356	3.60365946128119	0.000313768098022276	0.0145200315887414
Col5a2	140.475190144174	1.18730173580746	0.193574569785346	6.13356257035237	8.59325976896798e-10	2.01483297383069e-07
Stk31	91.3635442804574	1.13542785561937	0.211596458891352	5.36600594153787	8.04992908382896e-08	1.23093915599246e-05
Tlr2	114.221088272698	1.11819828211606	0.177654670517548	6.29422395064815	3.08941529888421e-10	8.20035743862322e-08
Hunk	561.137076380962	1.11676556159789	0.116834434739442	9.55853095954501	1.19439993850543e-21	1.0501761459309e-18
Galnt12	46.347436884722	1.07883117003707	0.298514695025061	3.61399685850138	0.000301512715431112	0.0140719858400557
Smarca2	112.40104627509	1.06486844219946	0.195842491068656	5.43737182053181	5.40722232057362e-08	8.74354064434823e-06
Lpcat1	679.417993047849	1.05046725053459	0.0816039637981795	12.8727478622555	6.40811163557935e-38	2.25373286223326e-34
Ly6a	397.474504476574	1.03196150752321	0.109544233487153	9.42050051082092	4.48942836367906e-21	3.32406727474932e-18
Tnfrsf8	67.6114311522448	0.993885644193217	0.246138843911266	4.03790652625116	5.39303329139817e-05	0.00348023818088942
Tpd52l1	143.434449155217	0.987472193249338	0.157537454096671	6.26817412349058	3.65306165480708e-10	9.51690210367149e-08
Tdrd3	193.450851065574	0.968435449691925	0.136327621260687	7.10373613752178	1.21428592406963e-12	4.16648155605159e-10
Gm9631	147.942481981843	0.94805211299511	0.15830792760213	5.98865847942763	2.11578913016741e-09	4.65076898174924e-07
Atf7ip	829.778741099824	0.925440757017166	0.0725892989319208	12.7489970372232	3.15781769663191e-37	8.88483587124355e-34
Pkd2l1	58.6876470628592	0.885408266030551	0.260621282658134	3.39729839789014	0.000680547126889679	0.0266596452222933
Adrb3	172.062675181633	0.885293442477036	0.15056968033907	5.87962623340522	4.11193914609966e-09	8.26382284390429e-07
Pdzrn4	165.914327129612	0.883775979491527	0.170754997431407	5.17569613063035	2.27062758225613e-07	3.07146046415185e-05
1700029P11Rik	55.8951474711106	0.878381076987647	0.258661778149154	3.39586731086778	0.000684115149647986	0.0266596452222933
Zbtb10	350.15234898791	0.874207204087239	0.118072169662218	7.40400728290314	1.32135172689836e-13	5.31107888400174e-11
1700019D03Rik	400.231391179256	0.871281899125191	0.0995000759179518	8.75659532002422	2.01236556862256e-18	1.23086777475575e-15
D1Pas1	299.40160050652	0.865919162916188	0.114663188745727	7.551849659758	4.29119672924898e-14	1.90080534018488e-11
Pramef8	394.433647441767	0.863578405771432	0.102796052855259	8.40089071306453	4.43104641428546e-17	2.39753695985261e-14
Pigyl	89.9022432831692	0.863249407723146	0.197062389194948	4.38058937197376	1.18358733984658e-05	0.000930207078042551
Islr2	55.5170107985259	0.852183381447625	0.265529601972699	3.20937242068869	0.00133025066650239	0.0426882921910938
Itgb5	371.086354220795	0.844962180674066	0.101018746570857	8.36440967005451	6.04166534335231e-17	3.14793140926964e-14
Gpr126	164.912638695288	0.838993286146493	0.163976770210905	5.11653745263668	3.11195515504366e-07	4.09149393655647e-05
Nlrp9b	65.3146289242683	0.825415759664701	0.243971517249803	3.38324640912717	0.000716343289998445	0.0276096367224606
Fsd1l	396.434301050877	0.794190447696206	0.109889105473253	7.22719913203329	4.93056881635901e-13	1.77854466944971e-10
Slc35c1	146.772922621559	0.789408331416664	0.161056415022529	4.90143985451458	9.51367776542323e-07	0.000110610263474359
1700030C10Rik	226.755151331629	0.785999393349546	0.135714609810001	5.79156064663883	6.97353688960513e-09	1.32572590490493e-06
Zfp462	966.519466745721	0.784115124107045	0.0687730646294279	11.401485862701	4.11043046942211e-30	6.42505953820337e-27
Pttg1	115.231407243802	0.779103022043097	0.194906893869384	3.9973086973784	6.40667294037275e-05	0.00403621299842855
B3galtl	75.1650026427849	0.778438441458413	0.223959277928759	3.4758034972145	0.000509325329182126	0.0215818937678739
Prtg	237.923477804573	0.769437239815686	0.133800331658333	5.75063776209829	8.89074237453528e-09	1.62435017824626e-06
Tfcp2	143.447658132103	0.76897717117336	0.157879060750159	4.87067232044315	1.11219155299757e-06	0.000126179925544918
Nefm	96.0473509868419	0.766124963530975	0.200431925451753	3.82236992337528	0.000132175205308367	0.0073787332868179
Slc38a4	98.3063303775424	0.762416918859254	0.195574404687982	3.89834712817155	9.68515129775151e-05	0.00565355636750076
Nlrp4f	203.700108998686	0.757417032491037	0.135796043601715	5.57760750904138	2.43849079405375e-08	4.08389148699382e-06
Eya1	159.008288952391	0.753173596803628	0.160575563671424	4.69046210757696	2.72588709176745e-06	0.000271970068134642
Ddhd1	163.678007336547	0.749034905839465	0.150859228944248	4.9651248457347	6.86568891581348e-07	8.25525740749265e-05
Car2	242.11436687254	0.745440789478662	0.126625090461868	5.88699117023055	3.93289716958729e-09	8.01855034518174e-07
Zfp229	568.442361611406	0.740952287898024	0.0955471107503535	7.75483719056656	8.84568870675883e-15	4.29107409402356e-12
Reep1	137.023441982007	0.726003413886334	0.162849197757342	4.4581331924529	8.26765264097323e-06	0.000692317484245306
Apcdd1	85.7971171674667	0.725304723316862	0.220688016056757	3.28656143761937	0.00101418647757219	0.0350007802312269
Cc2d2a	76.6664206027721	0.716091573043291	0.220400247058221	3.24905068211711	0.00115790845643836	0.0388950151365782
Tpk1	81.7668433087443	0.707523233040897	0.213022153897381	3.32135986842821	0.000895799531419996	0.0319850451980114
Gpat2	118.234959266777	0.706215284590391	0.170000270972747	4.15420093479501	3.264262388015e-05	0.00227175507961103
Cpxm1	117.707423699925	0.699597679792153	0.17559112013724	3.98424293463904	6.7695593092969e-05	0.00421390090102606
En2	105.866325110501	0.68236229615519	0.183372992548769	3.72117118595702	0.000198300950338345	0.0100367934576804
Dctd	339.747291046186	0.677257575650262	0.107359811051682	6.30829701557724	2.82122419423188e-10	7.63249653162578e-08
Ube1y1	247.257168106046	0.656965105751659	0.124756233121127	5.26599023804931	1.39435693782032e-07	1.96158134012562e-05
Ppfibp2	97.477179158594	0.653402207088176	0.19426853629138	3.36339697390909	0.000769895670383863	0.0286531542088894
Ap3b2	273.959864764277	0.644184719105481	0.119010874054218	5.41282235110724	6.20390326408039e-08	9.69739012434254e-06
Maml2	100.850571482385	0.64286427172321	0.189619893555981	3.39027862355285	0.000698216209474314	0.0269849055903424
Fkbp6	111.205494603465	0.638775967502357	0.17950062233691	3.55862814950814	0.000372796888410317	0.0168633653574159
Zfp951	98.2323463694765	0.627666414766608	0.186501116998742	3.36548340764545	0.00076409662588895	0.02858859397076
Pam	157.53215928377	0.618129344979236	0.148866184141318	4.15224819890896	3.2922491314817e-05	0.00227175507961103
Diap2	456.870684486291	0.613991372059407	0.0919122722996392	6.68018923585917	2.3863390403918e-11	6.71420352404638e-09
Mme	521.141006050794	0.610289450255513	0.0876939944075037	6.95930724080795	3.41950035380974e-12	1.09330752221353e-09
Naa11	108.650986411136	0.608649130134113	0.177758212953798	3.42402817861535	0.000617002228196341	0.0247293086788209
Nefl	602.263363114195	0.606605707197859	0.0865667522325035	7.00737513599471	2.42830559502953e-12	7.94451235136638e-10
Plekhb2	290.236662078687	0.600605570202452	0.113968314865252	5.26993463852268	1.36472346721848e-07	1.93928583200299e-05
Cttnbp2	134.056411783273	0.59940705647115	0.175009258565227	3.42500197638257	0.000614794948249726	0.0247293086788209
Frem2	349.409844366131	0.59187903955389	0.118568900500508	4.9918573677872	5.98014111479797e-07	7.3155326263459e-05
Ddah1	307.452016863361	0.589990951802614	0.117529996383542	5.01991806310677	5.16935246011247e-07	6.43561508043029e-05
Mtus2	106.103014549842	0.589773305480983	0.181529101130329	3.24891877835916	0.00115844550342808	0.0388950151365782
Lamb1	224.521886610823	-0.589716176220443	0.128459205811847	-4.5906883239197	4.41786633535194e-06	0.000398400920549558
Pfkl	371.704667491374	-0.594964084482484	0.109887259731371	-5.41431359683482	6.15242576818786e-08	9.69739012434254e-06
D17H6S56E-5	179.852038360616	-0.603059560878074	0.140925619910289	-4.27927555870944	1.87502607069391e-05	0.00140307801928308
Tfrc	2884.89624209577	-0.606366097183992	0.124203327711102	-4.88204389011544	1.04991879236126e-06	0.000120083394885676
Arl4a	124.597331205109	-0.642179373571162	0.168823294424434	-3.80385524261052	0.000142461449554045	0.00779823997014125
Bahcc1	137.758521757958	-0.64348736687974	0.168169316396975	-3.82642553746691	0.000130017454512072	0.00728719342659695
Atp5k	102.09411951076	-0.657296042435332	0.20775200692261	-3.16384930365646	0.00155697390451293	0.0478242552154759
Rtkn	206.640921001778	-0.677223136162348	0.146541426153848	-4.62137672559129	3.81201823693952e-06	0.000350506356583433
S100a10	153.785290857652	-0.684420798243087	0.1578678835221	-4.3354023818738	1.45493731147514e-05	0.00111847312010012
2810417H13Rik	97.1852467995706	-0.736781992998962	0.193579144674979	-3.80610212032925	0.00014117411100081	0.00775795856859141
Podxl	119.809765018065	-0.745018895072938	0.179993438383809	-4.13914474751182	3.48602960701051e-05	0.00236915287494801
Narf	77.7183425483206	-0.760575161939419	0.214223956088689	-3.55037399096738	0.0003846842426204	0.0172898975245488
Camk2b	128.407286984014	-0.762588130679701	0.172431560486565	-4.4225554099716	9.75403228954272e-06	0.000792292112272235
Ldha	1165.54157985795	-0.796594224922691	0.0645253778188283	-12.3454406909377	5.1551189801164e-35	1.03603162588968e-31
Lgals1	192.92064473779	-0.824701758327643	0.143315566983208	-5.75444646863989	8.6926144059571e-09	1.6090486771448e-06
Wdr86	55.5488845713972	-0.89860865836545	0.278620927012077	-3.22520159559479	0.00125883991409252	0.0412805592341574
Gng3	39.1311856443578	-1.01983207474131	0.312222986143776	-3.26635808380773	0.00108940397074005	0.0371354014139696
Tgm3	70.8010375332993	-1.01984797403472	0.256929566777267	-3.96936789652874	7.20635455925933e-05	0.00444644719033598
Celf5	50.0488760792637	-1.10598644536271	0.275106605108878	-4.02021043778647	5.81461784706173e-05	0.00370135945124274
Ndrg4	46.8372005594417	-1.18793527024121	0.278997814536115	-4.25786586255654	2.06387718227408e-05	0.00152013739268229
Lefty1	56.243700826441	-1.3258608053126	0.296545513849218	-4.47101960202556	7.7847561973284e-06	0.000659734639662747
Lefty2	157.681872649767	-1.35291216588938	0.185557059794785	-7.29108430250845	3.07470287602655e-13	1.16905189351193e-10
Slc16a3	15.2674368444791	-2.42582118022633	0.58377593102338	-4.15539773278042	3.24722166457714e-05	0.00227175507961103
