Sample	aligned_libsize	Subfamily:Family:Class	copies	uniq_counts	tot_counts	tot_reads	avg_conf
VC10-VC-54801786	6445993.5	LSU-rRNA_Hsa:rRNA:rRNA	480	267256	1023449.11	1020812	100.26
VC10-VC-54801786	6445993.5	7SLRNA:srpRNA:srpRNA	437	758	219144.60	218852	100.13
VC10-VC-54801786	6445993.5	FordPrefect:hAT-Tip100:DNA	291	57736	85528.06	85522	100.01
VC10-VC-54801786	6445993.5	7SK:RNA:RNA	691	658	48966.43	48952	100.03
VC10-VC-54801786	6445993.5	L1Md_T:L1:LINE	23688	2191	47566.20	48668	97.74
VC10-VC-54801786	6445993.5	MMETn-int:ERVK:LTR	980	218	46354.59	50639	91.54
VC10-VC-54801786	6445993.5	SSU-rRNA_Hsa:rRNA:rRNA	45	2140	38768.01	37970	102.10
VC10-VC-54801786	6445993.5	B3:B2:SINE	148427	20629	36870.30	40002	92.17
VC10-VC-54801786	6445993.5	L1Md_A:L1:LINE	16844	1453	30322.55	31645	95.82
VC10-VC-54801786	6445993.5	U3:snRNA:snRNA	97	104	28638.63	17037	168.10
VC10-VC-54801786	6445993.5	ID_B1:B4:SINE	110827	18241	27805.65	30323	91.70
VC10-VC-54801786	6445993.5	B2_Mm2:B2:SINE	90007	12221	23927.01	26618	89.89
VC10-VC-54801786	6445993.5	B1_Mus1:Alu:SINE	95081	14984	23921.85	26578	90.01
VC10-VC-54801786	6445993.5	U1:snRNA:snRNA	329	128	22266.48	14650	151.99
VC10-VC-54801786	6445993.5	RSINE1:B4:SINE	115806	14031	21212.85	23179	91.52
VC10-VC-54801786	6445993.5	U2:snRNA:snRNA	921	173	20976.60	15281	137.27
VC10-VC-54801786	6445993.5	B1_Mus2:Alu:SINE	70891	12129	19510.56	21646	90.13
VC10-VC-54801786	6445993.5	RLTR1B-int:ERV1:LTR	798	1128	18720.26	16833	111.21
VC10-VC-54801786	6445993.5	B3A:B2:SINE	92925	10302	17594.43	19296	91.18
VC10-VC-54801786	6445993.5	B4A:B4:SINE	107073	8762	15663.64	16968	92.31
VC10-VC-54801786	6445993.5	PB1D10:Alu:SINE	65054	11629	15322.54	16915	90.59
VC10-VC-54801786	6445993.5	B2_Mm1a:B2:SINE	18346	3919	14314.76	14808	96.67
VC10-VC-54801786	6445993.5	MMVL30-int:ERV1:LTR	956	12402	13053.44	13025	100.22
VC10-VC-54801786	6445993.5	L1Md_F2:L1:LINE	64898	2126	12624.56	17468	72.27
VC10-VC-54801786	6445993.5	B2_Mm1t:B2:SINE	23218	3636	11790.90	12819	91.98
VC10-VC-54801786	6445993.5	PB1D9:Alu:SINE	28939	7985	11083.59	12285	90.22
VC10-VC-54801786	6445993.5	B1F:Alu:SINE	45170	7505	10406.16	11350	91.68
VC10-VC-54801786	6445993.5	B1_Mur1:Alu:SINE	38058	7000	10065.73	11250	89.47
VC10-VC-54801786	6445993.5	B1_Mur4:Alu:SINE	41031	6658	9971.01	11244	88.68
VC10-VC-54801786	6445993.5	B1_Mur2:Alu:SINE	31869	6841	9732.71	10719	90.80
VC10-VC-54801786	6445993.5	B1_Mm:Alu:SINE	42910	6190	9567.95	10797	88.62
VC10-VC-54801786	6445993.5	L1_Mus1:L1:LINE	27252	2408	9097.03	9654	94.23
VC10-VC-54801786	6445993.5	B4:B4:SINE	64020	4761	8458.58	9437	89.63
VC10-VC-54801786	6445993.5	ETnERV-int:ERVK:LTR	906	84	8442.53	23774	35.51
VC10-VC-54801786	6445993.5	B1_Mur3:Alu:SINE	24632	5281	7919.33	8592	92.17
VC10-VC-54801786	6445993.5	MTD:ERVL-MaLR:LTR	51544	3439	7540.79	7981	94.48
VC10-VC-54801786	6445993.5	U17:snRNA:snRNA	24	523	7193.99	7195	99.99
VC10-VC-54801786	6445993.5	PB1D7:Alu:SINE	24346	5215	6749.73	7416	91.02
VC10-VC-54801786	6445993.5	MIRb:MIR:SINE	42160	4799	6471.39	6776	95.50
VC10-VC-54801786	6445993.5	Lx8:L1:LINE	49141	2350	6470.08	6801	95.13
VC10-VC-54801786	6445993.5	L1_Mus3:L1:LINE	48489	1083	6196.54	7118	87.05
VC10-VC-54801786	6445993.5	IAPEz-int:ERVK:LTR	7319	254	5973.78	5453	109.55
VC10-VC-54801786	6445993.5	B1F1:Alu:SINE	19678	4147	5455.05	5952	91.65
VC10-VC-54801786	6445993.5	ID4:ID:SINE	23970	4329	5389.23	5797	92.97
VC10-VC-54801786	6445993.5	MTA_Mm-int:ERVL-MaLR:LTR	3027	122	5378.84	4491	119.77
VC10-VC-54801786	6445993.5	ID4_:ID:SINE	26384	3933	5205.71	5655	92.06
VC10-VC-54801786	6445993.5	RMER16-int:ERVK:LTR	2599	328	4917.64	4628	106.26
VC10-VC-54801786	6445993.5	MIR:MIR:SINE	38978	3581	4909.80	5071	96.82
VC10-VC-54801786	6445993.5	MTC:ERVL-MaLR:LTR	27489	2040	4600.81	4987	92.26
VC10-VC-54801786	6445993.5	B1F2:Alu:SINE	16513	3119	4418.84	4895	90.27
VC10-VC-54801786	6445993.5	Lx7:L1:LINE	40190	1220	4308.78	4704	91.60
VC10-VC-54801786	6445993.5	L2a:L2:LINE	24277	2870	4288.06	4430	96.80
VC10-VC-54801786	6445993.5	MTA_Mm:ERVL-MaLR:LTR	15623	948	4227.08	4799	88.08
VC10-VC-54801786	6445993.5	Lx:L1:LINE	24834	792	4215.45	4597	91.70
VC10-VC-54801786	6445993.5	Lx9:L1:LINE	49160	1240	3968.38	4165	95.28
VC10-VC-54801786	6445993.5	Lx3B:L1:LINE	5993	237	3961.54	3750	105.64
VC10-VC-54801786	6445993.5	PB1D11:Alu:SINE	18484	3019	3937.27	4351	90.49
VC10-VC-54801786	6445993.5	RMER15:ERVL:LTR	18077	1469	3873.98	3957	97.90
VC10-VC-54801786	6445993.5	MIRc:MIR:SINE	23213	3157	3824.28	3948	96.87
VC10-VC-54801786	6445993.5	LTRIS2:ERV1:LTR	1423	355	3654.76	3677	99.40
VC10-VC-54801786	6445993.5	L1_Mus2:L1:LINE	21079	719	3497.50	4369	80.05
VC10-VC-54801786	6445993.5	L1Md_F3:L1:LINE	16146	388	3460.94	5085	68.06
VC10-VC-54801786	6445993.5	RLTR19-int:ERVK:LTR	2407	619	3280.47	2766	118.60
VC10-VC-54801786	6445993.5	L1M4:L1:LINE	13935	1474	3218.49	3597	89.48
VC10-VC-54801786	6445993.5	MMERVK9C_I-int:ERVK:LTR	1807	269	3133.40	3331	94.07
VC10-VC-54801786	6445993.5	ORR1E:ERVL-MaLR:LTR	22742	1444	3125.22	3286	95.11
VC10-VC-54801786	6445993.5	ORR1D1:ERVL-MaLR:LTR	21507	1424	3076.31	3296	93.33
VC10-VC-54801786	6445993.5	L1_Mur3:L1:LINE	27399	620	3023.27	3217	93.98
VC10-VC-54801786	6445993.5	PB1:Alu:SINE	11784	2210	3020.95	3323	90.91
VC10-VC-54801786	6445993.5	L2:L2:LINE	17614	2127	2979.78	3067	97.16
VC10-VC-54801786	6445993.5	URR1B:hAT-Charlie:DNA	16889	1934	2978.48	3228	92.27
VC10-VC-54801786	6445993.5	MERVL-int:ERVL:LTR	2600	498	2931.35	2744	106.83
VC10-VC-54801786	6445993.5	ORR1A2:ERVL-MaLR:LTR	14843	914	2857.56	3109	91.91
VC10-VC-54801786	6445993.5	MMERVK10C-int:ERVK:LTR	3230	1710	2853.77	2827	100.95
VC10-VC-54801786	6445993.5	MIR3:MIR:SINE	16085	2256	2774.39	2864	96.87
VC10-VC-54801786	6445993.5	L2c:L2:LINE	12298	2093	2722.95	2807	97.01
VC10-VC-54801786	6445993.5	RLTR13G:ERVK:LTR	877	32	2664.39	3475	76.67
VC10-VC-54801786	6445993.5	ORR1B1:ERVL-MaLR:LTR	17313	939	2657.73	2899	91.68
VC10-VC-54801786	6445993.5	MT2B:ERVL:LTR	13977	1793	2654.01	3425	77.49
VC10-VC-54801786	6445993.5	URR1A:hAT-Charlie:DNA	17621	1614	2554.01	2763	92.44
VC10-VC-54801786	6445993.5	MTEa:ERVL-MaLR:LTR	20061	1324	2535.43	2767	91.63
VC10-VC-54801786	6445993.5	L3:CR1:LINE	9732	2064	2404.27	2442	98.45
VC10-VC-54801786	6445993.5	L1_Mm:L1:LINE	5429	468	2334.63	4996	46.73
VC10-VC-54801786	6445993.5	RMER6A:ERVK:LTR	3983	566	2327.70	2410	96.59
VC10-VC-54801786	6445993.5	ORR1F:ERVL-MaLR:LTR	23086	1203	2243.98	2392	93.81
VC10-VC-54801786	6445993.5	ETnERV3-int:ERVK:LTR	560	52	2237.32	2218	100.87
VC10-VC-54801786	6445993.5	MTE2a:ERVL-MaLR:LTR	15148	911	2182.95	2314	94.34
VC10-VC-54801786	6445993.5	Lx5:L1:LINE	16339	392	2112.34	2258	93.55
VC10-VC-54801786	6445993.5	Lx6:L1:LINE	18164	357	1991.46	2107	94.52
VC10-VC-54801786	6445993.5	L1_Mur2:L1:LINE	20769	407	1990.59	2174	91.56
VC10-VC-54801786	6445993.5	ORR1D2:ERVL-MaLR:LTR	15061	902	1984.43	2095	94.72
VC10-VC-54801786	6445993.5	Lx2:L1:LINE	18521	367	1916.33	2158	88.80
VC10-VC-54801786	6445993.5	L1Md_Gf:L1:LINE	1080	88	1887.66	6503	29.03
VC10-VC-54801786	6445993.5	MER33:hAT-Charlie:DNA	2719	304	1842.31	523	352.26
VC10-VC-54801786	6445993.5	MERVL_2A-int:ERVL:LTR	3899	216	1833.89	2169	84.55
VC10-VC-54801786	6445993.5	L1M2:L1:LINE	18488	635	1830.38	2015	90.84
VC10-VC-54801786	6445993.5	Lx8b:L1:LINE	24166	541	1803.27	1960	92.00
VC10-VC-54801786	6445993.5	L1M5:L1:LINE	16596	990	1778.34	1975	90.04
VC10-VC-54801786	6445993.5	ERVB7_1-LTR_MM:ERVK:LTR	770	36	1760.56	3633	48.46
VC10-VC-54801786	6445993.5	L1MB7:L1:LINE	6956	767	1759.61	1864	94.40
VC10-VC-54801786	6445993.5	MTB:ERVL-MaLR:LTR	6419	474	1751.76	2115	82.83
VC10-VC-54801786	6445993.5	ORR1A2-int:ERVL-MaLR:LTR	2132	294	1744.31	1825	95.58
VC10-VC-54801786	6445993.5	ORR1A0-int:ERVL-MaLR:LTR	456	29	1723.43	1780	96.82
VC10-VC-54801786	6445993.5	tRNA-Ser-TCA(m):tRNA:tRNA	4	1120	1718.00	1718	100.00
VC10-VC-54801786	6445993.5	L2b:L2:LINE	13720	1260	1710.89	1786	95.79
VC10-VC-54801786	6445993.5	U4:snRNA:snRNA	108	44	1648.50	1654	99.67
VC10-VC-54801786	6445993.5	Lx5c:L1:LINE	16422	399	1618.52	1782	90.83
VC10-VC-54801786	6445993.5	MT2A:ERVL:LTR	10140	590	1583.97	1678	94.40
VC10-VC-54801786	6445993.5	RMER19B:ERVK:LTR	5640	298	1575.53	1613	97.68
VC10-VC-54801786	6445993.5	ORR1C2:ERVL-MaLR:LTR	12473	641	1574.32	1688	93.27
VC10-VC-54801786	6445993.5	ORR1A4:ERVL-MaLR:LTR	7791	559	1526.10	1676	91.06
VC10-VC-54801786	6445993.5	MTE2b:ERVL-MaLR:LTR	14367	711	1495.00	1637	91.33
VC10-VC-54801786	6445993.5	RLTR9E:ERVK:LTR	1318	250	1439.08	1456	98.84
VC10-VC-54801786	6445993.5	RMER1A:Other:Other	3854	179	1416.30	1187	119.32
VC10-VC-54801786	6445993.5	MER34B-int:ERV1:LTR	81	535	1414.00	1413	100.07
VC10-VC-54801786	6445993.5	MER2:TcMar-Tigger:DNA	10246	763	1368.66	1412	96.93
VC10-VC-54801786	6445993.5	L1VL2:L1:LINE	4697	284	1340.33	1399	95.81
VC10-VC-54801786	6445993.5	RMER1B:Other:Other	7511	368	1332.23	1379	96.61
VC10-VC-54801786	6445993.5	RLTR17B_Mm:ERVK:LTR	27369	886	1297.44	1441	90.04
VC10-VC-54801786	6445993.5	MT2_Mm:ERVL:LTR	2667	462	1268.48	1277	99.33
VC10-VC-54801786	6445993.5	MMERVK9E_I-int:ERVK:LTR	1568	50	1268.04	1357	93.44
VC10-VC-54801786	6445993.5	RLTR10-int:ERVK:LTR	2617	75	1262.78	1154	109.43
VC10-VC-54801786	6445993.5	Lx2B2:L1:LINE	11012	176	1260.85	1410	89.42
VC10-VC-54801786	6445993.5	MTEb:ERVL-MaLR:LTR	10811	659	1250.05	1333	93.78
VC10-VC-54801786	6445993.5	L1_Mus4:L1:LINE	11880	239	1239.39	1382	89.68
VC10-VC-54801786	6445993.5	ORR1B2:ERVL-MaLR:LTR	8528	544	1238.22	1341	92.34
VC10-VC-54801786	6445993.5	BC1_Mm:scRNA:scRNA	6758	830	1225.80	1351	90.73
VC10-VC-54801786	6445993.5	MER5A:hAT-Charlie:DNA	8982	988	1222.94	1295	94.44
VC10-VC-54801786	6445993.5	MER20:hAT-Charlie:DNA	5994	859	1170.43	1241	94.31
VC10-VC-54801786	6445993.5	MT2B1:ERVL:LTR	7248	440	1161.21	1244	93.34
VC10-VC-54801786	6445993.5	L1MEg:L1:LINE	3797	912	1149.71	1187	96.86
VC10-VC-54801786	6445993.5	ID2:ID:SINE	5671	939	1145.75	1250	91.66
VC10-VC-54801786	6445993.5	RLTR17:ERVK:LTR	1758	301	1134.52	1227	92.46
VC10-VC-54801786	6445993.5	L1Md_F:L1:LINE	4016	97	1116.03	2313	48.25
VC10-VC-54801786	6445993.5	L1VL4:L1:LINE	6091	172	1113.95	1195	93.22
VC10-VC-54801786	6445993.5	RMER4B:ERVK:LTR	5158	470	1111.04	1180	94.16
VC10-VC-54801786	6445993.5	ORR1C1:ERVL-MaLR:LTR	7423	420	1092.93	1176	92.94
VC10-VC-54801786	6445993.5	ORR1A0:ERVL-MaLR:LTR	2133	204	1075.48	1285	83.70
VC10-VC-54801786	6445993.5	RCHARR1:hAT-Charlie:DNA	6811	314	1071.53	1166	91.90
VC10-VC-54801786	6445993.5	MLT1B:ERVL-MaLR:LTR	9316	585	1069.46	1129	94.73
VC10-VC-54801786	6445993.5	RMER5:ERV1:LTR	7418	436	1050.58	1118	93.97
VC10-VC-54801786	6445993.5	MT2B2:ERVL:LTR	3655	562	1041.95	1186	87.85
VC10-VC-54801786	6445993.5	MYSERV6-int:ERVK:LTR	3183	130	1030.65	1084	95.08
VC10-VC-54801786	6445993.5	Lx4A:L1:LINE	10564	316	1024.54	1136	90.19
VC10-VC-54801786	6445993.5	L1MB8:L1:LINE	6000	406	1015.31	1103	92.05
VC10-VC-54801786	6445993.5	Lx3_Mus:L1:LINE	12651	156	1005.04	1115	90.14
VC10-VC-54801786	6445993.5	BGLII:ERVK:LTR	2269	401	1000.04	1045	95.70
VC10-VC-54801786	6445993.5	MLT1A1:ERVL-MaLR:LTR	9015	664	983.91	1092	90.10
VC10-VC-54801786	6445993.5	RMER10A:ERVL:LTR	4464	457	982.78	1043	94.23
VC10-VC-54801786	6445993.5	Lx3A:L1:LINE	9223	283	973.91	1032	94.37
VC10-VC-54801786	6445993.5	ID:ID:SINE	8022	722	965.66	1082	89.25
VC10-VC-54801786	6445993.5	MLT1D:ERVL-MaLR:LTR	8368	525	956.05	1017	94.01
VC10-VC-54801786	6445993.5	L1MC4:L1:LINE	5589	497	944.16	1009	93.57
VC10-VC-54801786	6445993.5	L1_Rod:L1:LINE	11315	232	936.24	1003	93.34
VC10-VC-54801786	6445993.5	RLTRETN_Mm:ERVK:LTR	1355	88	915.74	1794	51.04
VC10-VC-54801786	6445993.5	L1MA4:L1:LINE	7467	354	898.08	965	93.06
VC10-VC-54801786	6445993.5	MTE-int:ERVL-MaLR:LTR	4958	328	890.71	965	92.30
VC10-VC-54801786	6445993.5	MTB_Mm:ERVL-MaLR:LTR	4963	361	875.64	947	92.46
VC10-VC-54801786	6445993.5	MLTR14:ERV1:LTR	6798	387	871.84	929	93.85
VC10-VC-54801786	6445993.5	ORR1A4-int:ERVL-MaLR:LTR	1326	47	870.97	976	89.24
VC10-VC-54801786	6445993.5	Lx5b:L1:LINE	7975	267	862.04	900	95.78
VC10-VC-54801786	6445993.5	MLT1A0:ERVL-MaLR:LTR	10413	459	859.25	931	92.29
VC10-VC-54801786	6445993.5	L1ME1:L1:LINE	5261	321	854.54	930	91.89
VC10-VC-54801786	6445993.5	ORR1B1-int:ERVL-MaLR:LTR	2965	150	851.80	981	86.83
VC10-VC-54801786	6445993.5	ETnERV2-int:ERVK:LTR	1805	53	834.19	917	90.97
VC10-VC-54801786	6445993.5	L1MB3:L1:LINE	5343	376	829.04	900	92.12
VC10-VC-54801786	6445993.5	MMERGLN-int:ERV1:LTR	856	45	802.98	820	97.92
VC10-VC-54801786	6445993.5	ERVB4_1C-LTR_Mm:ERVK:LTR	961	19	802.48	2226	36.05
VC10-VC-54801786	6445993.5	RLTR25B:ERVK:LTR	3674	395	801.71	987	81.23
VC10-VC-54801786	6445993.5	Lx4B:L1:LINE	5680	139	778.73	819	95.08
VC10-VC-54801786	6445993.5	MER58A:hAT-Charlie:DNA	3714	544	764.71	799	95.71
VC10-VC-54801786	6445993.5	Tigger7:TcMar-Tigger:DNA	5206	343	763.92	813	93.96
VC10-VC-54801786	6445993.5	MLT1C:ERVL-MaLR:LTR	7791	431	757.36	791	95.75
VC10-VC-54801786	6445993.5	ORR1A1-int:ERVL-MaLR:LTR	859	68	755.55	850	88.89
VC10-VC-54801786	6445993.5	ORR1A3:ERVL-MaLR:LTR	4381	265	754.98	851	88.72
VC10-VC-54801786	6445993.5	RLTR45-int:ERVK:LTR	1317	79	745.21	699	106.61
VC10-VC-54801786	6445993.5	RLTR11A:ERVK:LTR	2655	289	744.35	767	97.05
VC10-VC-54801786	6445993.5	MER3:hAT-Charlie:DNA	2967	594	730.20	755	96.72
VC10-VC-54801786	6445993.5	L1MC1:L1:LINE	5571	294	714.85	778	91.88
VC10-VC-54801786	6445993.5	RLTR6-int:ERV1:LTR	1220	98	713.51	717	99.51
VC10-VC-54801786	6445993.5	MTC-int:ERVL-MaLR:LTR	3520	112	710.88	801	88.75
VC10-VC-54801786	6445993.5	ORR1A1:ERVL-MaLR:LTR	4414	238	706.94	823	85.90
VC10-VC-54801786	6445993.5	RMER6C:ERVK:LTR	4887	204	699.52	785	89.11
VC10-VC-54801786	6445993.5	MER5B:hAT-Charlie:DNA	5140	492	695.06	712	97.62
VC10-VC-54801786	6445993.5	L1MB2:L1:LINE	2927	288	691.31	744	92.92
VC10-VC-54801786	6445993.5	L1MD:L1:LINE	6361	393	689.63	751	91.83
VC10-VC-54801786	6445993.5	MurERV4-int:ERVK:LTR	1525	73	687.77	715	96.19
VC10-VC-54801786	6445993.5	L1MEd:L1:LINE	3245	516	685.40	714	95.99
VC10-VC-54801786	6445993.5	L1MC5:L1:LINE	3476	333	671.69	752	89.32
VC10-VC-54801786	6445993.5	RMER4A:ERVK:LTR	3287	313	662.81	720	92.06
VC10-VC-54801786	6445993.5	L1MB5:L1:LINE	3766	293	655.73	710	92.36
VC10-VC-54801786	6445993.5	RMER19B2:ERVK:LTR	2296	97	637.72	451	141.40
VC10-VC-54801786	6445993.5	MusHAL1:L1:LINE	3890	170	619.29	656	94.40
VC10-VC-54801786	6445993.5	L1M3:L1:LINE	7043	271	616.47	682	90.39
VC10-VC-54801786	6445993.5	L1MA6:L1:LINE	6985	270	611.57	653	93.66
VC10-VC-54801786	6445993.5	MLT1K:ERVL-MaLR:LTR	2759	291	606.51	618	98.14
VC10-VC-54801786	6445993.5	RLTR13B2:ERVK:LTR	314	81	604.98	634	95.42
VC10-VC-54801786	6445993.5	IAPLTR1_Mm:ERVK:LTR	1492	14	604.67	729	82.95
VC10-VC-54801786	6445993.5	Charlie1a:hAT-Charlie:DNA	2660	235	601.03	657	91.48
VC10-VC-54801786	6445993.5	MER21B:ERVL:LTR	1618	300	585.43	608	96.29
VC10-VC-54801786	6445993.5	RLTR4_MM-int:ERV1:LTR	432	91	580.59	558	104.05
VC10-VC-54801786	6445993.5	L1MC3:L1:LINE	5288	239	576.91	605	95.36
VC10-VC-54801786	6445993.5	MTD-int:ERVL-MaLR:LTR	2521	77	575.60	659	87.34
VC10-VC-54801786	6445993.5	RMER17C:ERVK:LTR	6479	298	566.54	634	89.36
VC10-VC-54801786	6445993.5	L1MC:L1:LINE	5426	271	563.25	638	88.28
VC10-VC-54801786	6445993.5	MLTR25A:ERVK:LTR	2168	167	553.73	649	85.32
VC10-VC-54801786	6445993.5	RLTR42-int:ERVK:LTR	2473	239	552.06	574	96.18
VC10-VC-54801786	6445993.5	Lx2B:L1:LINE	6191	103	549.72	607	90.56
VC10-VC-54801786	6445993.5	MER58B:hAT-Charlie:DNA	2843	343	549.43	555	99.00
VC10-VC-54801786	6445993.5	RLTR11A2:ERVK:LTR	2676	200	547.97	591	92.72
VC10-VC-54801786	6445993.5	Lx3C:L1:LINE	6475	115	537.15	571	94.07
VC10-VC-54801786	6445993.5	L1_Mur1:L1:LINE	7793	69	522.71	674	77.55
VC10-VC-54801786	6445993.5	MuRRS4-int:ERV1:LTR	2735	93	516.44	797	64.80
VC10-VC-54801786	6445993.5	LTRIS_Mus:ERV1:LTR	919	113	514.01	521	98.66
VC10-VC-54801786	6445993.5	Lx10:L1:LINE	10010	165	511.67	557	91.86
VC10-VC-54801786	6445993.5	MER21C:ERVL:LTR	2261	251	511.54	544	94.03
VC10-VC-54801786	6445993.5	4.5SRNA:scRNA:scRNA	1517	133	510.67	555	92.01
VC10-VC-54801786	6445993.5	RLTR20A4:ERVK:LTR	11527	373	509.67	566	90.05
VC10-VC-54801786	6445993.5	L1MA8:L1:LINE	3882	269	504.55	532	94.84
VC10-VC-54801786	6445993.5	L1MC4a:L1:LINE	3077	236	502.33	535	93.89
VC10-VC-54801786	6445993.5	MYSERV16_I-int:ERVK:LTR	2516	66	500.49	547	91.50
VC10-VC-54801786	6445993.5	RLTR31D_MM:ERVK:LTR	8270	269	499.44	710	70.34
VC10-VC-54801786	6445993.5	L1MEi:L1:LINE	478	155	497.62	546	91.14
VC10-VC-54801786	6445993.5	RMER10B:ERVL:LTR	3002	229	496.89	545	91.17
VC10-VC-54801786	6445993.5	L1MEc:L1:LINE	5378	249	495.96	541	91.68
VC10-VC-54801786	6445993.5	ORR1G:ERVL-MaLR:LTR	4680	275	494.95	517	95.73
VC10-VC-54801786	6445993.5	HAL1:L1:LINE	3550	260	486.50	507	95.96
VC10-VC-54801786	6445993.5	RLTR11B:ERVK:LTR	1049	264	476.05	503	94.64
VC10-VC-54801786	6445993.5	L1MD2:L1:LINE	3227	227	472.55	505	93.57
VC10-VC-54801786	6445993.5	RLTR21:ERVK:LTR	3816	116	471.21	493	95.58
VC10-VC-54801786	6445993.5	IAP-d-int:ERVK:LTR	1323	19	468.52	469	99.90
VC10-VC-54801786	6445993.5	RMER15-int:ERVL:LTR	3100	113	466.45	492	94.81
VC10-VC-54801786	6445993.5	RMER1C:Other:Other	6347	192	462.60	493	93.83
VC10-VC-54801786	6445993.5	L3b:CR1:LINE	2304	367	457.86	474	96.59
VC10-VC-54801786	6445993.5	MLTR18B_MM:ERVK:LTR	468	72	457.75	434	105.47
VC10-VC-54801786	6445993.5	L1MCa:L1:LINE	3565	230	454.44	482	94.28
VC10-VC-54801786	6445993.5	RLTR40:ERVK:LTR	2651	134	453.48	471	96.28
VC10-VC-54801786	6445993.5	RMER30:hAT-Charlie:DNA	3588	347	448.39	473	94.80
VC10-VC-54801786	6445993.5	MLT1E2:ERVL-MaLR:LTR	1821	184	446.04	409	109.06
VC10-VC-54801786	6445993.5	MTB-int:ERVL-MaLR:LTR	592	12	441.42	524	84.24
VC10-VC-54801786	6445993.5	L1MA5:L1:LINE	4952	190	440.23	485	90.77
VC10-VC-54801786	6445993.5	RLTR25A:ERVK:LTR	1781	202	437.28	509	85.91
VC10-VC-54801786	6445993.5	L1MB4:L1:LINE	2690	240	425.49	457	93.10
VC10-VC-54801786	6445993.5	RLTR15:ERVK:LTR	2437	160	424.24	464	91.43
VC10-VC-54801786	6445993.5	ORR1D1-int:ERVL-MaLR:LTR	1715	63	423.91	496	85.47
VC10-VC-54801786	6445993.5	RLTR13B1:ERVK:LTR	1029	90	420.67	453	92.86
VC10-VC-54801786	6445993.5	LFSINE_Vert:tRNA:SINE	1208	378	418.43	419	99.86
VC10-VC-54801786	6445993.5	tRNA-Ala-GCY_:tRNA:tRNA	2580	345	416.34	457	91.10
VC10-VC-54801786	6445993.5	MamSINE1:tRNA:SINE	410	347	405.69	408	99.43
VC10-VC-54801786	6445993.5	RLTR28:ERVL:LTR	1949	191	401.37	428	93.78
VC10-VC-54801786	6445993.5	L1ME4a:L1:LINE	1560	278	400.03	432	92.60
VC10-VC-54801786	6445993.5	MT2C_Mm:ERVL:LTR	1982	133	396.77	432	91.84
VC10-VC-54801786	6445993.5	L1VL1:L1:LINE	1797	54	396.34	502	78.95
VC10-VC-54801786	6445993.5	IAP1-MM_I-int:ERVK:LTR	479	116	395.56	399	99.14
VC10-VC-54801786	6445993.5	AmnSINE1:Deu:SINE	1311	343	388.99	391	99.49
VC10-VC-54801786	6445993.5	ORR1A3-int:ERVL-MaLR:LTR	2435	59	386.59	471	82.08
VC10-VC-54801786	6445993.5	MMERVK10D3_I-int:ERVK:LTR	458	19	386.52	448	86.28
VC10-VC-54801786	6445993.5	RMER3D-int:ERVK:LTR	2711	58	386.51	412	93.81
VC10-VC-54801786	6445993.5	Charlie5:hAT-Charlie:DNA	1547	332	385.58	412	93.59
VC10-VC-54801786	6445993.5	RLTR1B:ERV1:LTR	893	65	384.47	426	90.25
VC10-VC-54801786	6445993.5	MER5A1:hAT-Charlie:DNA	3905	289	380.18	389	97.73
VC10-VC-54801786	6445993.5	RMER17B:ERVK:LTR	2898	97	378.13	403	93.83
VC10-VC-54801786	6445993.5	MLTR11A:ERVK:LTR	2124	139	372.82	396	94.15
VC10-VC-54801786	6445993.5	RMER19A:ERVK:LTR	2095	101	372.16	390	95.42
VC10-VC-54801786	6445993.5	RLTR22_Mur:ERVK:LTR	2503	92	370.88	386	96.08
VC10-VC-54801786	6445993.5	U5:snRNA:snRNA	85	155	369.25	368	100.34
VC10-VC-54801786	6445993.5	RLTR16B_MM:ERVK:LTR	635	118	368.23	385	95.64
VC10-VC-54801786	6445993.5	RLTR12C:ERVK:LTR	319	215	366.83	379	96.79
VC10-VC-54801786	6445993.5	RLTR10:ERVK:LTR	2930	38	366.15	394	92.93
VC10-VC-54801786	6445993.5	RLTR14-int:ERV1:LTR	1816	166	363.43	368	98.76
VC10-VC-54801786	6445993.5	RMER6D:ERVK:LTR	2411	112	362.86	392	92.57
VC10-VC-54801786	6445993.5	RMER13B:ERVK:LTR	2134	78	362.62	373	97.22
VC10-VC-54801786	6445993.5	RLTR41:ERV1:LTR	1121	138	361.67	407	88.86
VC10-VC-54801786	6445993.5	MLTR11B:ERVK:LTR	2985	143	360.10	382	94.27
VC10-VC-54801786	6445993.5	MER44B:TcMar-Tigger:DNA	1493	207	358.45	372	96.36
VC10-VC-54801786	6445993.5	RMER12:ERVK:LTR	3319	118	357.25	379	94.26
VC10-VC-54801786	6445993.5	Tigger1:TcMar-Tigger:DNA	1025	145	343.95	377	91.23
VC10-VC-54801786	6445993.5	IAPEy-int:ERVK:LTR	755	4	343.18	323	106.25
VC10-VC-54801786	6445993.5	L1MA9:L1:LINE	4587	161	342.33	365	93.79
VC10-VC-54801786	6445993.5	L1MA7:L1:LINE	3250	137	340.58	373	91.31
VC10-VC-54801786	6445993.5	MurERV4_19-int:ERVK:LTR	969	63	340.04	391	86.97
VC10-VC-54801786	6445993.5	MER58C:hAT-Charlie:DNA	436	293	339.70	344	98.75
VC10-VC-54801786	6445993.5	RLTR13E:ERVK:LTR	603	53	337.61	444	76.04
VC10-VC-54801786	6445993.5	MLT1J:ERVL-MaLR:LTR	2943	201	332.01	346	95.96
VC10-VC-54801786	6445993.5	MLT1A:ERVL-MaLR:LTR	4950	202	329.98	350	94.28
VC10-VC-54801786	6445993.5	L1M4b:L1:LINE	2190	143	327.99	344	95.35
VC10-VC-54801786	6445993.5	RLTR10C:ERVK:LTR	1779	82	327.51	343	95.48
VC10-VC-54801786	6445993.5	Charlie1:hAT-Charlie:DNA	977	131	324.28	345	93.99
VC10-VC-54801786	6445993.5	RLTR9D:ERVK:LTR	803	82	323.81	405	79.95
VC10-VC-54801786	6445993.5	MLT1F:ERVL-MaLR:LTR	1561	218	323.66	335	96.61
VC10-VC-54801786	6445993.5	L1MD3:L1:LINE	2480	175	320.62	353	90.83
VC10-VC-54801786	6445993.5	RLTR23:ERV1:LTR	1524	122	316.96	343	92.41
VC10-VC-54801786	6445993.5	RLTR20C1_MM:ERVK:LTR	5561	241	314.04	341	92.09
VC10-VC-54801786	6445993.5	L1ME2:L1:LINE	2633	144	312.64	329	95.03
VC10-VC-54801786	6445993.5	U6:snRNA:snRNA	1353	156	312.30	309	101.07
VC10-VC-54801786	6445993.5	Tigger10:TcMar-Tigger:DNA	242	101	312.01	322	96.90
VC10-VC-54801786	6445993.5	RLTR49:ERVK:LTR	933	151	310.30	330	94.03
VC10-VC-54801786	6445993.5	MER68:ERVL:LTR	637	142	309.29	338	91.51
VC10-VC-54801786	6445993.5	LTR50:ERVL:LTR	549	110	308.86	284	108.75
VC10-VC-54801786	6445993.5	L1MC2:L1:LINE	2252	139	305.13	339	90.01
VC10-VC-54801786	6445993.5	RMER12C:ERVK:LTR	4954	135	305.10	334	91.35
VC10-VC-54801786	6445993.5	RMER21A:ERV1:LTR	622	171	303.44	307	98.84
VC10-VC-54801786	6445993.5	RLTR18:ERVK:LTR	610	35	299.72	314	95.45
VC10-VC-54801786	6445993.5	L1MA4A:L1:LINE	2709	103	298.62	320	93.32
VC10-VC-54801786	6445993.5	L1MD1:L1:LINE	2268	109	297.60	324	91.85
VC10-VC-54801786	6445993.5	L1MC5a:L1:LINE	2588	150	297.44	325	91.52
VC10-VC-54801786	6445993.5	RMER19C:ERVK:LTR	2729	64	297.03	315	94.30
VC10-VC-54801786	6445993.5	MERV1_I-int:ERV1:LTR	1365	81	294.84	305	96.67
VC10-VC-54801786	6445993.5	L1ME4b:L1:LINE	1818	162	294.82	317	93.00
VC10-VC-54801786	6445993.5	RMER6B:ERVK:LTR	1360	100	294.71	322	91.53
VC10-VC-54801786	6445993.5	RLTR33:ERVK:LTR	1336	58	293.46	309	94.97
VC10-VC-54801786	6445993.5	Charlie8:hAT-Charlie:DNA	728	156	292.09	299	97.69
VC10-VC-54801786	6445993.5	Tigger19a:TcMar-Tigger:DNA	771	260	290.09	293	99.01
VC10-VC-54801786	6445993.5	IAPEY4_I-int:ERVK:LTR	521	2	287.96	289	99.64
VC10-VC-54801786	6445993.5	RMER17C-int:ERVK:LTR	1940	70	287.15	297	96.68
VC10-VC-54801786	6445993.5	MRLTR33:ERVK:LTR	624	124	279.40	296	94.39
VC10-VC-54801786	6445993.5	MURVY-LTR:ERV1:LTR	1910	110	277.85	282	98.53
VC10-VC-54801786	6445993.5	MamGyp-int:Gypsy:LTR	28	59	277.71	267	104.01
VC10-VC-54801786	6445993.5	L1MEf:L1:LINE	3127	130	276.06	316	87.36
VC10-VC-54801786	6445993.5	ORR1D2-int:ERVL-MaLR:LTR	1361	49	275.70	298	92.52
VC10-VC-54801786	6445993.5	RLTR14:ERV1:LTR	2341	107	274.38	306	89.67
VC10-VC-54801786	6445993.5	ORR1C2-int:ERVL-MaLR:LTR	914	41	273.60	290	94.34
VC10-VC-54801786	6445993.5	L1ME3A:L1:LINE	2086	134	270.61	282	95.96
VC10-VC-54801786	6445993.5	ORR1E-int:ERVL-MaLR:LTR	1446	31	269.06	296	90.90
VC10-VC-54801786	6445993.5	RMER13A1:ERVK:LTR	1082	62	268.47	292	91.94
VC10-VC-54801786	6445993.5	L1MDa:L1:LINE	3451	115	267.85	289	92.68
VC10-VC-54801786	6445993.5	RLTR20B1:ERVK:LTR	668	65	266.50	287	92.86
VC10-VC-54801786	6445993.5	RMER17A2:ERVK:LTR	2598	35	263.92	285	92.60
VC10-VC-54801786	6445993.5	L1M4c:L1:LINE	2049	88	262.98	278	94.60
VC10-VC-54801786	6445993.5	RMER13A2:ERVK:LTR	1473	106	262.98	274	95.98
VC10-VC-54801786	6445993.5	MLT1G1:ERVL-MaLR:LTR	1080	51	261.40	316	82.72
VC10-VC-54801786	6445993.5	RMER20A:ERVK:LTR	1559	60	254.89	300	84.96
VC10-VC-54801786	6445993.5	RMER17D:ERVK:LTR	1166	87	250.88	238	105.41
VC10-VC-54801786	6445993.5	MLT1H:ERVL-MaLR:LTR	2322	143	250.73	272	92.18
VC10-VC-54801786	6445993.5	IAPLTR2_Mm:ERVK:LTR	1388	28	248.98	282	88.29
VC10-VC-54801786	6445993.5	IAPEY3-int:ERVK:LTR	2345	4	246.79	274	90.07
VC10-VC-54801786	6445993.5	RLTR31B2:ERVK:LTR	1192	97	245.68	263	93.41
VC10-VC-54801786	6445993.5	RLTR14_RN:ERV1:LTR	1148	77	244.66	259	94.46
VC10-VC-54801786	6445993.5	RMER20B:ERVK:LTR	1949	91	242.81	265	91.63
VC10-VC-54801786	6445993.5	HAL1ME:L1:LINE	900	139	242.08	264	91.70
VC10-VC-54801786	6445993.5	RLTR12B:ERVK:LTR	909	111	241.80	256	94.45
VC10-VC-54801786	6445993.5	MLT1F2:ERVL-MaLR:LTR	2297	133	240.52	259	92.86
VC10-VC-54801786	6445993.5	RLTR13D6:ERVK:LTR	805	30	240.32	258	93.15
VC10-VC-54801786	6445993.5	RLTR13C2:ERVK:LTR	844	45	239.87	260	92.26
VC10-VC-54801786	6445993.5	L1ME3Cz:L1:LINE	1051	134	236.16	250	94.47
VC10-VC-54801786	6445993.5	MYSERV-int:ERVK:LTR	1435	44	233.16	244	95.56
VC10-VC-54801786	6445993.5	L1ME3:L1:LINE	1527	107	229.89	248	92.70
VC10-VC-54801786	6445993.5	RLTR22_Mus:ERVK:LTR	1191	43	227.62	258	88.23
VC10-VC-54801786	6445993.5	RLTR13A2:ERVK:LTR	151	19	227.30	225	101.02
VC10-VC-54801786	6445993.5	ORR1D-int:ERVL-MaLR:LTR	878	54	225.91	242	93.35
VC10-VC-54801786	6445993.5	RLTR18B:ERVK:LTR	989	71	224.79	235	95.66
VC10-VC-54801786	6445993.5	MURVY-int:ERV1:LTR	544	1	221.40	218	101.56
VC10-VC-54801786	6445993.5	Tigger5:TcMar-Tigger:DNA	1975	116	221.00	245	90.20
VC10-VC-54801786	6445993.5	Charlie6:hAT-Charlie:DNA	148	83	218.00	220	99.09
VC10-VC-54801786	6445993.5	Tigger5b:TcMar-Tigger:DNA	2473	124	215.77	249	86.66
VC10-VC-54801786	6445993.5	RLTR44-int:ERVK:LTR	653	28	213.85	214	99.93
VC10-VC-54801786	6445993.5	RodERV21-int:ERV1:LTR	1856	36	212.27	221	96.05
VC10-VC-54801786	6445993.5	MMERGLN_LTR:ERV1:LTR	435	55	207.24	210	98.69
VC10-VC-54801786	6445993.5	RLTR12D:ERVK:LTR	647	91	206.23	229	90.06
VC10-VC-54801786	6445993.5	RLTR12E:ERVK:LTR	615	75	203.29	217	93.68
VC10-VC-54801786	6445993.5	L1MA5A:L1:LINE	1231	62	201.83	210	96.11
VC10-VC-54801786	6445993.5	MARNA:TcMar-Mariner:DNA	562	151	199.05	201	99.03
VC10-VC-54801786	6445993.5	RMER17B2:ERVK:LTR	898	40	198.76	202	98.40
VC10-VC-54801786	6445993.5	RLTR9A:ERVK:LTR	648	45	198.19	208	95.29
VC10-VC-54801786	6445993.5	RLTR10A:ERVK:LTR	800	100	192.91	253	76.25
VC10-VC-54801786	6445993.5	MERVK26-int:ERVK:LTR	1001	34	191.74	200	95.87
VC10-VC-54801786	6445993.5	RLTR13C3:ERVK:LTR	538	94	190.71	208	91.69
VC10-VC-54801786	6445993.5	MLT1J2:ERVL-MaLR:LTR	1110	151	190.44	193	98.67
VC10-VC-54801786	6445993.5	MTEa-int:ERVL-MaLR:LTR	1368	26	188.77	207	91.20
VC10-VC-54801786	6445993.5	RLTR12BD_Mm:ERVK:LTR	883	81	188.33	197	95.60
VC10-VC-54801786	6445993.5	RLTR20C2_MM:ERVK:LTR	3620	87	186.76	209	89.36
VC10-VC-54801786	6445993.5	MER20B:hAT-Charlie:DNA	831	121	186.42	200	93.21
VC10-VC-54801786	6445993.5	Tigger15a:TcMar-Tigger:DNA	704	132	186.07	191	97.42
VC10-VC-54801786	6445993.5	RLTR24:ERV1:LTR	1240	66	185.42	198	93.65
VC10-VC-54801786	6445993.5	RLTR13D3A1:ERVK:LTR	613	54	184.95	197	93.88
VC10-VC-54801786	6445993.5	RMER2:ERV1:LTR	2358	51	183.51	205	89.52
VC10-VC-54801786	6445993.5	L1ME2z:L1:LINE	1533	98	181.09	198	91.46
VC10-VC-54801786	6445993.5	MLT1F1:ERVL-MaLR:LTR	1608	104	178.51	193	92.49
VC10-VC-54801786	6445993.5	MLT1L:ERVL-MaLR:LTR	1535	127	176.49	183	96.44
VC10-VC-54801786	6445993.5	RLTR16:ERVK:LTR	1350	50	175.57	187	93.89
VC10-VC-54801786	6445993.5	RLTR17D_Mm:ERVK:LTR	1225	33	175.42	183	95.86
VC10-VC-54801786	6445993.5	Charlie2b:hAT-Charlie:DNA	884	85	175.39	185	94.81
VC10-VC-54801786	6445993.5	ERVB2_1A-I_MM-int:ERVK:LTR	289	23	175.07	211	82.97
VC10-VC-54801786	6445993.5	MERV1_LTR:ERV1:LTR	615	101	174.83	192	91.06
VC10-VC-54801786	6445993.5	MLT2D:ERVL:LTR	1567	110	174.49	182	95.87
VC10-VC-54801786	6445993.5	RLTR26_Mus:ERVK:LTR	1091	57	172.78	183	94.42
VC10-VC-54801786	6445993.5	Charlie1b:hAT-Charlie:DNA	952	103	171.47	193	88.85
VC10-VC-54801786	6445993.5	Cheshire:hAT-Charlie:DNA	1091	90	169.93	179	94.94
VC10-VC-54801786	6445993.5	BGLII_B:ERVK:LTR	960	62	168.78	183	92.23
VC10-VC-54801786	6445993.5	LTR78B:ERV1:LTR	405	147	168.37	171	98.46
VC10-VC-54801786	6445993.5	L1MB1:L1:LINE	2524	68	167.72	202	83.03
VC10-VC-54801786	6445993.5	RLTR45:ERVK:LTR	1557	32	165.04	204	80.90
VC10-VC-54801786	6445993.5	MLT1M:ERVL-MaLR:LTR	212	129	165.00	166	99.40
VC10-VC-54801786	6445993.5	MER2B:TcMar-Tigger:DNA	1093	117	163.07	175	93.19
VC10-VC-54801786	6445993.5	Tigger17a:TcMar-Tigger:DNA	908	64	161.71	179	90.34
VC10-VC-54801786	6445993.5	IAPLTR2a2_Mm:ERVK:LTR	1541	25	159.06	165	96.40
VC10-VC-54801786	6445993.5	AmnSINE2:Deu:SINE	391	154	157.50	158	99.68
VC10-VC-54801786	6445993.5	RLTR13A3:ERVK:LTR	243	26	157.47	150	104.98
VC10-VC-54801786	6445993.5	IAPEY_LTR:ERVK:LTR	1410	71	157.37	185	85.06
VC10-VC-54801786	6445993.5	RMER17A:ERVK:LTR	1819	42	156.45	171	91.49
VC10-VC-54801786	6445993.5	RLTR10D2:ERVK:LTR	225	32	154.23	139	110.96
VC10-VC-54801786	6445993.5	L1M2b:L1:LINE	16	138	154.00	154	100.00
VC10-VC-54801786	6445993.5	ERVB4_1B-I_MM-int:ERVK:LTR	1368	13	153.36	188	81.57
VC10-VC-54801786	6445993.5	MER46C:TcMar-Tigger:DNA	788	111	151.77	156	97.29
VC10-VC-54801786	6445993.5	RMER17C2:ERVK:LTR	3413	81	151.14	172	87.87
VC10-VC-54801786	6445993.5	MER31B:ERV1:LTR	558	77	150.37	158	95.17
VC10-VC-54801786	6445993.5	MER53:hAT:DNA	1693	113	149.40	154	97.01
VC10-VC-54801786	6445993.5	MLTR73:ERV1:LTR	956	113	148.00	152	97.37
VC10-VC-54801786	6445993.5	MER89:ERV1:LTR	614	18	147.55	117	126.11
VC10-VC-54801786	6445993.5	LTR72_RN:ERV1:LTR	1000	70	144.52	163	88.67
VC10-VC-54801786	6445993.5	RLTR10F:ERVK:LTR	482	30	144.38	154	93.76
VC10-VC-54801786	6445993.5	MMAR1:TcMar-Mariner:DNA	309	50	144.35	152	94.97
VC10-VC-54801786	6445993.5	L1ME3B:L1:LINE	735	70	143.95	155	92.87
VC10-VC-54801786	6445993.5	RLTR48A:ERV1:LTR	635	26	143.82	151	95.25
VC10-VC-54801786	6445993.5	RLTR30D2_MM:ERV1:LTR	741	43	143.15	151	94.80
VC10-VC-54801786	6445993.5	ERVB4_1B-LTR_MM:ERVK:LTR	648	113	142.98	145	98.61
VC10-VC-54801786	6445993.5	L1ME4c:L1:LINE	968	121	142.37	145	98.19
VC10-VC-54801786	6445993.5	RLTR19:ERVK:LTR	944	36	142.03	153	92.83
VC10-VC-54801786	6445993.5	RMER20C_Mm:ERVK:LTR	1595	61	140.22	147	95.38
VC10-VC-54801786	6445993.5	RMER6BA:ERVK:LTR	957	60	140.12	165	84.92
VC10-VC-54801786	6445993.5	RLTR16C_MM:ERVK:LTR	360	27	139.05	142	97.92
VC10-VC-54801786	6445993.5	MLT-int:ERVL-MaLR:LTR	846	68	139.03	154	90.28
VC10-VC-54801786	6445993.5	RLTR20D:ERVK:LTR	777	29	138.97	151	92.03
VC10-VC-54801786	6445993.5	MER34A1:ERV1:LTR	541	47	138.60	140	99.00
VC10-VC-54801786	6445993.5	RLTR51A_Mm:ERVK?:LTR	3523	83	138.60	159	87.17
VC10-VC-54801786	6445993.5	L1M3e:L1:LINE	652	55	138.57	144	96.23
VC10-VC-54801786	6445993.5	MER103C:hAT-Charlie:DNA	1072	102	138.33	141	98.11
VC10-VC-54801786	6445993.5	RLTR13D5:ERVK:LTR	745	23	137.26	148	92.74
VC10-VC-54801786	6445993.5	LTR10_RN:ERVK:LTR	546	55	136.28	144	94.64
VC10-VC-54801786	6445993.5	ORR1B2-int:ERVL-MaLR:LTR	857	21	136.23	151	90.22
VC10-VC-54801786	6445993.5	HY3:scRNA:scRNA	15	86	135.00	135	100.00
VC10-VC-54801786	6445993.5	RLTR20B3A_MM:ERVK:LTR	843	77	134.48	142	94.71
VC10-VC-54801786	6445993.5	MLT2B5:ERVL:LTR	442	97	134.38	147	91.42
VC10-VC-54801786	6445993.5	MLT1G3:ERVL-MaLR:LTR	1075	79	134.33	141	95.27
VC10-VC-54801786	6445993.5	MER31A:ERV1:LTR	707	72	132.77	149	89.11
VC10-VC-54801786	6445993.5	RLTR41C:ERV1:LTR	157	81	132.04	145	91.06
VC10-VC-54801786	6445993.5	RLTR11C_MM:ERVK:LTR	858	51	131.79	143	92.16
VC10-VC-54801786	6445993.5	MT-int:ERVL-MaLR:LTR	438	23	131.59	336	39.16
VC10-VC-54801786	6445993.5	L4_A_Mam:RTE-X:LINE	630	100	131.05	135	97.07
VC10-VC-54801786	6445993.5	RMER16C:ERVK:LTR	190	52	130.61	135	96.75
VC10-VC-54801786	6445993.5	IAPLTR2b:ERVK:LTR	1017	53	130.20	164	79.39
VC10-VC-54801786	6445993.5	MTE2a-int:ERVL-MaLR:LTR	795	31	129.86	165	78.70
VC10-VC-54801786	6445993.5	RLTR12A:ERVK:LTR	829	31	129.58	141	91.90
VC10-VC-54801786	6445993.5	MTE2b-int:ERVL-MaLR:LTR	729	11	127.94	140	91.39
VC10-VC-54801786	6445993.5	Lx2A1:L1:LINE	2739	40	127.17	159	79.98
VC10-VC-54801786	6445993.5	RLTR44C:ERVK:LTR	198	20	125.73	127	99.00
VC10-VC-54801786	6445993.5	RMER21B:ERV1:LTR	1252	53	125.54	132	95.11
VC10-VC-54801786	6445993.5	ERVL-B4-int:ERVL:LTR	1384	48	125.20	151	82.91
VC10-VC-54801786	6445993.5	RLTR31C_MM:ERVK:LTR	726	42	124.47	140	88.90
VC10-VC-54801786	6445993.5	RLTR1A2_MM:ERV1:LTR	406	28	124.26	123	101.03
VC10-VC-54801786	6445993.5	RLTR13C1:ERVK:LTR	309	20	124.02	130	95.40
VC10-VC-54801786	6445993.5	ORR1C1-int:ERVL-MaLR:LTR	783	8	123.54	130	95.03
VC10-VC-54801786	6445993.5	RMER12B:ERVK:LTR	1011	32	123.29	128	96.32
VC10-VC-54801786	6445993.5	Charlie24:hAT-Charlie:DNA	374	61	122.42	133	92.04
VC10-VC-54801786	6445993.5	X7B_LINE:CR1:LINE	162	52	122.18	127	96.20
VC10-VC-54801786	6445993.5	MLTR31F_MM:ERVK:LTR	403	70	121.86	125	97.49
VC10-VC-54801786	6445993.5	LTR82A:ERVL:LTR	341	55	119.83	125	95.86
VC10-VC-54801786	6445993.5	MTB_Mm-int:ERVL-MaLR:LTR	379	5	119.77	135	88.72
VC10-VC-54801786	6445993.5	IAPLTR1a_Mm:ERVK:LTR	1786	9	119.26	206	57.89
VC10-VC-54801786	6445993.5	RMER13A:ERVK:LTR	1010	36	118.94	126	94.40
VC10-VC-54801786	6445993.5	RLTR53_Mm:ERVK:LTR	481	60	117.38	122	96.21
VC10-VC-54801786	6445993.5	Charlie4a:hAT-Charlie:DNA	1121	71	117.07	127	92.18
VC10-VC-54801786	6445993.5	IAPEY2_LTR:ERVK:LTR	1062	29	116.76	126	92.67
VC10-VC-54801786	6445993.5	RLTR30E_MM:ERV1:LTR	320	43	116.10	120	96.75
VC10-VC-54801786	6445993.5	tRNA-Ala-GCA:tRNA:tRNA	749	100	115.08	125	92.07
VC10-VC-54801786	6445993.5	L1ME3G:L1:LINE	1161	68	113.98	122	93.43
VC10-VC-54801786	6445993.5	RLTR34B_MM:ERVK:LTR	527	34	113.59	126	90.15
VC10-VC-54801786	6445993.5	LTR16A:ERVL:LTR	1472	76	112.98	114	99.11
VC10-VC-54801786	6445993.5	MLT1E1A:ERVL-MaLR:LTR	1154	54	112.94	116	97.36
VC10-VC-54801786	6445993.5	Charlie15a:hAT-Charlie:DNA	217	85	112.81	114	98.95
VC10-VC-54801786	6445993.5	MamTip2:hAT-Tip100:DNA	892	99	112.43	114	98.62
VC10-VC-54801786	6445993.5	Charlie18a:hAT-Charlie:DNA	242	82	111.98	114	98.23
VC10-VC-54801786	6445993.5	Tigger6a:TcMar-Tigger:DNA	369	56	111.50	114	97.81
VC10-VC-54801786	6445993.5	MLTR18A_MM:ERVK:LTR	299	27	108.18	120	90.15
VC10-VC-54801786	6445993.5	MLT2F:ERVL:LTR	574	54	107.79	110	97.99
VC10-VC-54801786	6445993.5	BGLII_Mur:ERVK:LTR	611	32	105.74	113	93.58
VC10-VC-54801786	6445993.5	MuLV-int:ERV1:LTR	392	59	105.47	133	79.30
VC10-VC-54801786	6445993.5	MER117:hAT-Charlie:DNA	745	89	104.23	106	98.33
VC10-VC-54801786	6445993.5	MLT2B4:ERVL:LTR	1871	54	104.14	113	92.16
VC10-VC-54801786	6445993.5	MLTR13:ERVK:LTR	205	19	104.13	122	85.35
VC10-VC-54801786	6445993.5	BGLII_Mus:ERVK:LTR	615	37	102.77	106	96.95
VC10-VC-54801786	6445993.5	RLTR26C_MM:ERVK:LTR	454	62	102.43	107	95.73
VC10-VC-54801786	6445993.5	RLTR13D3:ERVK:LTR	339	22	102.42	91	112.55
VC10-VC-54801786	6445993.5	5S:rRNA:rRNA	1038	85	102.41	108	94.82
VC10-VC-54801786	6445993.5	RLTR18-int:ERVK:LTR	506	29	102.05	107	95.37
VC10-VC-54801786	6445993.5	ERVB7_2-LTR_MM:ERVK:LTR	425	64	101.51	111	91.45
VC10-VC-54801786	6445993.5	MER74A:ERVL:LTR	731	60	100.80	104	96.92
VC10-VC-54801786	6445993.5	MuRRS-int:ERV1:LTR	996	6	100.69	108	93.23
VC10-VC-54801786	6445993.5	MLT2B1:ERVL:LTR	1637	47	100.30	110	91.18
VC10-VC-54801786	6445993.5	L1MEb:L1:LINE	352	29	99.28	102	97.33
VC10-VC-54801786	6445993.5	ERVB3_1-I_MM-int:ERVK:LTR	134	17	99.27	106	93.65
VC10-VC-54801786	6445993.5	ERVB7_3-LTR_MM:ERVK:LTR	319	20	99.18	108	91.84
VC10-VC-54801786	6445993.5	IAPLTR3-int:ERVK:LTR	1773	4	98.71	98	100.73
VC10-VC-54801786	6445993.5	MLTR18D_MM:ERVK:LTR	620	20	98.57	103	95.70
VC10-VC-54801786	6445993.5	RLTR27:ERVK:LTR	1621	37	98.54	126	78.21
VC10-VC-54801786	6445993.5	MLT1E3:ERVL-MaLR:LTR	1020	49	98.51	107	92.06
VC10-VC-54801786	6445993.5	MER112:hAT-Charlie:DNA	358	79	98.42	101	97.44
VC10-VC-54801786	6445993.5	RLTR13A:ERVK:LTR	211	48	98.12	109	90.02
VC10-VC-54801786	6445993.5	RLTR20B2:ERVK:LTR	880	32	98.05	102	96.13
VC10-VC-54801786	6445993.5	IAPLTR2a:ERVK:LTR	627	29	97.31	121	80.42
VC10-VC-54801786	6445993.5	ERVL-E-int:ERVL:LTR	1044	60	97.13	106	91.63
VC10-VC-54801786	6445993.5	MER102b:hAT-Charlie:DNA	507	60	96.82	104	93.10
VC10-VC-54801786	6445993.5	MLT2B2:ERVL:LTR	1351	48	95.56	101	94.61
VC10-VC-54801786	6445993.5	RLTR13B3:ERVK:LTR	265	16	95.07	99	96.03
VC10-VC-54801786	6445993.5	RLTR10E:ERVK:LTR	227	19	94.19	97	97.11
VC10-VC-54801786	6445993.5	RLTR20B5_MM:ERVK:LTR	868	18	93.64	104	90.04
VC10-VC-54801786	6445993.5	RLTR13D2:ERVK:LTR	270	21	93.62	99	94.56
VC10-VC-54801786	6445993.5	RLTR10D:ERVK:LTR	491	29	93.60	107	87.47
VC10-VC-54801786	6445993.5	RLTR4_Mm:ERV1:LTR	239	9	93.39	105	88.95
VC10-VC-54801786	6445993.5	tRNA-Glu-GAA:tRNA:tRNA	9	0	93.00	93	100.00
VC10-VC-54801786	6445993.5	Tigger12:TcMar-Tigger:DNA	155	80	92.49	99	93.42
VC10-VC-54801786	6445993.5	Tigger17c:TcMar-Tigger:DNA	649	48	92.11	107	86.08
VC10-VC-54801786	6445993.5	U14:snRNA:snRNA	4	78	92.00	92	100.00
VC10-VC-54801786	6445993.5	RLTR9A3:ERVK:LTR	774	28	91.12	104	87.62
VC10-VC-54801786	6445993.5	MLT2B3:ERVL:LTR	1483	46	90.40	100	90.40
VC10-VC-54801786	6445993.5	RLTR1C:ERV1:LTR	697	13	89.59	93	96.33
VC10-VC-54801786	6445993.5	HAL1M8:L1:LINE	710	53	88.84	102	87.09
VC10-VC-54801786	6445993.5	MLT1I:ERVL-MaLR:LTR	1777	52	88.74	91	97.52
VC10-VC-54801786	6445993.5	RMER17D2:ERVK:LTR	1783	19	88.47	96	92.16
VC10-VC-54801786	6445993.5	MTEb-int:ERVL-MaLR:LTR	635	9	87.51	95	92.12
VC10-VC-54801786	6445993.5	MLTR12:ERV1:LTR	477	43	87.48	90	97.20
VC10-VC-54801786	6445993.5	RLTR20A3_MM:ERVK:LTR	880	31	86.54	95	91.10
VC10-VC-54801786	6445993.5	MLT1H-int:ERVL-MaLR:LTR	379	76	86.00	88	97.73
VC10-VC-54801786	6445993.5	MER77:ERVL:LTR	570	35	85.83	92	93.30
VC10-VC-54801786	6445993.5	LTR33:ERVL:LTR	1466	52	85.17	88	96.78
VC10-VC-54801786	6445993.5	RLTR6B_Mm:ERV1:LTR	646	14	85.15	93	91.55
VC10-VC-54801786	6445993.5	MER77B:ERVL:LTR	505	40	84.64	91	93.01
VC10-VC-54801786	6445993.5	Charlie12:hAT-Charlie:DNA	902	44	84.21	94	89.59
VC10-VC-54801786	6445993.5	RLTR6_Mm:ERV1:LTR	237	3	84.04	85	98.87
VC10-VC-54801786	6445993.5	MER113:hAT-Charlie:DNA	643	55	83.96	88	95.41
VC10-VC-54801786	6445993.5	RLTR19C:ERVK:LTR	248	24	83.79	94	89.14
VC10-VC-54801786	6445993.5	MLTR31FA_MM:ERVK:LTR	525	19	83.77	91	92.06
VC10-VC-54801786	6445993.5	ERVB7_2B-LTR_MM:ERVK:LTR	710	23	83.74	93	90.04
VC10-VC-54801786	6445993.5	LTR40b:ERVL:LTR	577	39	83.43	81	102.99
VC10-VC-54801786	6445993.5	Lx2A:L1:LINE	1364	21	83.15	185	44.95
VC10-VC-54801786	6445993.5	RMER16:ERVK:LTR	471	16	82.76	89	92.99
VC10-VC-54801786	6445993.5	MER44C:TcMar-Tigger:DNA	185	20	82.73	90	91.92
VC10-VC-54801786	6445993.5	MLT1H1:ERVL-MaLR:LTR	1001	47	82.10	84	97.73
VC10-VC-54801786	6445993.5	MER44A:TcMar-Tigger:DNA	661	46	81.37	86	94.61
VC10-VC-54801786	6445993.5	MamRep137:TcMar-Tigger:DNA	339	64	79.59	80	99.49
VC10-VC-54801786	6445993.5	RLTR20B3:ERVK:LTR	974	31	79.38	84	94.50
VC10-VC-54801786	6445993.5	MLT1G:ERVL-MaLR:LTR	896	47	79.22	86	92.11
VC10-VC-54801786	6445993.5	Charlie4z:hAT-Charlie:DNA	431	59	79.16	85	93.13
VC10-VC-54801786	6445993.5	MER92B:ERV1:LTR	238	62	78.77	84	93.78
VC10-VC-54801786	6445993.5	LTRIS4A:ERV1:LTR	228	16	78.65	76	103.49
VC10-VC-54801786	6445993.5	MER57D:ERV1:LTR	300	45	76.50	77	99.35
VC10-VC-54801786	6445993.5	RLTR51B_Mm:ERVK?:LTR	662	33	75.76	82	92.39
VC10-VC-54801786	6445993.5	MLT1J1:ERVL-MaLR:LTR	1135	37	75.71	81	93.47
VC10-VC-54801786	6445993.5	RLTR24B_MM:ERV1:LTR	1018	44	74.99	80	93.74
VC10-VC-54801786	6445993.5	MER119:hAT-Charlie:DNA	404	40	74.12	79	93.83
VC10-VC-54801786	6445993.5	RLTR5_Mm:ERV1:LTR	601	4	73.94	77	96.03
VC10-VC-54801786	6445993.5	CR1_Mam:CR1:LINE	257	44	73.89	72	102.63
VC10-VC-54801786	6445993.5	LTRIS_Mm:ERV1:LTR	555	12	73.57	78	94.31
VC10-VC-54801786	6445993.5	RLTR20A:ERVK:LTR	361	38	73.57	79	93.13
VC10-VC-54801786	6445993.5	MamRep605:LTR?:LTR?	629	48	73.50	74	99.32
VC10-VC-54801786	6445993.5	BGLII_B2:ERVK:LTR	359	45	73.41	76	96.59
VC10-VC-54801786	6445993.5	RLTR34C_MM:ERVK:LTR	402	24	73.16	76	96.26
VC10-VC-54801786	6445993.5	LTR40a:ERVL:LTR	709	41	72.83	75	97.11
VC10-VC-54801786	6445993.5	MER44D:TcMar-Tigger:DNA	940	38	72.65	79	91.96
VC10-VC-54801786	6445993.5	L1M4a2:L1:LINE	736	35	72.51	78	92.96
VC10-VC-54801786	6445993.5	Kanga1:TcMar-Tc2:DNA	321	31	72.15	73	98.84
VC10-VC-54801786	6445993.5	U13:snRNA:snRNA	13	39	72.01	71	101.42
VC10-VC-54801786	6445993.5	RMER6-int:ERVK:LTR	607	8	71.92	78	92.21
VC10-VC-54801786	6445993.5	RMER16A3:ERVK:LTR	699	13	71.72	94	76.30
VC10-VC-54801786	6445993.5	RLTR30D_RN:ERV1:LTR	64	19	71.43	80	89.29
VC10-VC-54801786	6445993.5	Tigger13a:TcMar-Tigger:DNA	645	39	71.02	75	94.70
VC10-VC-54801786	6445993.5	MER47B:TcMar-Tigger:DNA	509	32	70.82	75	94.43
VC10-VC-54801786	6445993.5	MLTR18_MM:ERVK:LTR	427	19	70.50	73	96.58
VC10-VC-54801786	6445993.5	LTRIS3:ERV1:LTR	165	23	69.84	94	74.30
VC10-VC-54801786	6445993.5	MER34:ERV1:LTR	737	45	69.11	74	93.40
VC10-VC-54801786	6445993.5	LTR16C:ERVL:LTR	1352	44	68.66	69	99.50
VC10-VC-54801786	6445993.5	RMER16A2:ERVK:LTR	273	20	68.33	209	32.69
VC10-VC-54801786	6445993.5	HY1:scRNA:scRNA	38	33	68.00	68	100.00
VC10-VC-54801786	6445993.5	MLTR18C_MM:ERVK:LTR	468	17	67.67	72	93.99
VC10-VC-54801786	6445993.5	Tigger17:TcMar-Tigger:DNA	315	36	66.92	71	94.25
VC10-VC-54801786	6445993.5	IAPLTR4:ERVK:LTR	663	7	66.60	70	95.14
VC10-VC-54801786	6445993.5	MLT1H2:ERVL-MaLR:LTR	1034	44	66.20	70	94.58
VC10-VC-54801786	6445993.5	Kanga2_a:TcMar-Tc2:DNA	356	43	66.18	73	90.66
VC10-VC-54801786	6445993.5	ERVB4_2-I_MM-int:ERVK:LTR	313	3	65.74	193	34.06
VC10-VC-54801786	6445993.5	RLTR11D:ERVK:LTR	529	23	65.50	69	94.93
VC10-VC-54801786	6445993.5	MER68B:ERVL:LTR	237	35	64.09	70	91.56
VC10-VC-54801786	6445993.5	X9_LINE:L1?:LINE	52	64	64.00	64	100.00
VC10-VC-54801786	6445993.5	MLT1N2:ERVL-MaLR:LTR	692	40	63.81	66	96.69
VC10-VC-54801786	6445993.5	LTR41:ERVL:LTR	506	33	63.68	65	97.97
VC10-VC-54801786	6445993.5	RLTR41A2:ERV1:LTR	440	21	63.67	72	88.43
VC10-VC-54801786	6445993.5	HAL1b:L1:LINE	763	43	63.53	68	93.42
VC10-VC-54801786	6445993.5	LTR48:ERV1:LTR	651	36	63.28	65	97.35
VC10-VC-54801786	6445993.5	RLTR13D4:ERVK:LTR	205	9	63.26	68	93.04
VC10-VC-54801786	6445993.5	Charlie7:hAT-Charlie:DNA	844	35	63.18	69	91.57
VC10-VC-54801786	6445993.5	Tigger16a:TcMar-Tigger:DNA	290	51	63.14	67	94.23
VC10-VC-54801786	6445993.5	Zaphod2:hAT-Tip100:DNA	169	21	62.28	63	98.86
VC10-VC-54801786	6445993.5	MLTR25C:ERVK:LTR	504	30	61.50	65	94.62
VC10-VC-54801786	6445993.5	RLTR13B4:ERVK:LTR	412	24	61.23	66	92.78
VC10-VC-54801786	6445993.5	LTR40c:ERVL:LTR	248	39	61.00	62	98.39
VC10-VC-54801786	6445993.5	MLT1E:ERVL-MaLR:LTR	534	29	60.71	70	86.73
VC10-VC-54801786	6445993.5	RLTR9C:ERVK:LTR	477	9	60.68	72	84.27
VC10-VC-54801786	6445993.5	RMER16B2:ERVK:LTR	329	15	60.12	73	82.36
VC10-VC-54801786	6445993.5	RLTR12G:ERVK:LTR	238	16	60.01	64	93.76
VC10-VC-54801786	6445993.5	RLTR10B2:ERVK:LTR	854	22	59.76	66	90.55
VC10-VC-54801786	6445993.5	RLTR26B_MM:ERVK:LTR	507	18	59.57	62	96.08
VC10-VC-54801786	6445993.5	Tigger9b:TcMar-Tigger:DNA	360	20	59.15	67	88.28
VC10-VC-54801786	6445993.5	BGLII_A:ERVK:LTR	292	15	59.06	66	89.48
VC10-VC-54801786	6445993.5	RLTR1D2_MM:ERV1:LTR	192	10	59.06	63	93.75
VC10-VC-54801786	6445993.5	ERVB4_1-I_MM-int:ERVK:LTR	296	10	59.00	60	98.33
VC10-VC-54801786	6445993.5	L1ME3D:L1:LINE	323	25	59.00	60	98.33
VC10-VC-54801786	6445993.5	MER131:SINE?:SINE?	274	42	58.52	58	100.90
VC10-VC-54801786	6445993.5	RLTR26D_MM:ERVK:LTR	247	21	58.49	62	94.35
VC10-VC-54801786	6445993.5	MLT2C2:ERVL:LTR	651	22	58.45	62	94.27
VC10-VC-54801786	6445993.5	Charlie16a:hAT-Charlie:DNA	197	38	58.27	60	97.12
VC10-VC-54801786	6445993.5	RLTR28B:ERVL:LTR	428	21	58.27	64	91.04
VC10-VC-54801786	6445993.5	ORR1F-int:ERVL-MaLR:LTR	395	11	58.25	66	88.26
VC10-VC-54801786	6445993.5	LTR37-int:ERV1:LTR	239	23	58.08	58	100.14
VC10-VC-54801786	6445993.5	U8:snRNA:snRNA	5	21	58.00	58	100.00
VC10-VC-54801786	6445993.5	HERVL40-int:ERVL:LTR	204	37	57.46	62	92.68
VC10-VC-54801786	6445993.5	RLTR8:ERVK:LTR	241	19	56.26	56	100.46
VC10-VC-54801786	6445993.5	RMER16_Mm:ERVK:LTR	435	9	55.64	63	88.32
VC10-VC-54801786	6445993.5	LTR33A:ERVL:LTR	504	29	55.51	56	99.12
VC10-VC-54801786	6445993.5	MER102c:hAT-Charlie:DNA	363	32	55.29	61	90.65
VC10-VC-54801786	6445993.5	MLT1E1:ERVL-MaLR:LTR	576	26	55.04	56	98.28
VC10-VC-54801786	6445993.5	MER45B:hAT-Tip100:DNA	688	25	54.98	60	91.64
VC10-VC-54801786	6445993.5	L1M1:L1:LINE	881	32	54.31	62	87.60
VC10-VC-54801786	6445993.5	LTR101_Mam:ERVL:LTR	157	44	54.01	58	93.12
VC10-VC-54801786	6445993.5	RNERVK23-int:ERVK:LTR	45	28	53.57	70	76.52
VC10-VC-54801786	6445993.5	ERVB7_4-LTR_MM:ERVK:LTR	166	12	52.75	57	92.54
VC10-VC-54801786	6445993.5	L1M4a1:L1:LINE	607	26	52.56	57	92.21
VC10-VC-54801786	6445993.5	RLTR30D_MM:ERV1:LTR	268	9	51.91	53	97.95
VC10-VC-54801786	6445993.5	RLTR30:ERV1:LTR	390	26	51.61	55	93.84
VC10-VC-54801786	6445993.5	Charlie10:hAT-Charlie:DNA	371	20	51.50	54	95.37
VC10-VC-54801786	6445993.5	L1ME3E:L1:LINE	327	32	50.98	54	94.40
VC10-VC-54801786	6445993.5	MER104:TcMar-Tc2:DNA	295	41	50.84	53	95.92
VC10-VC-54801786	6445993.5	RMER17A-int:ERVK:LTR	409	18	50.58	53	95.44
VC10-VC-54801786	6445993.5	LTR67B:ERVL:LTR	632	26	50.53	56	90.24
VC10-VC-54801786	6445993.5	Plat_L3:CR1:LINE	579	33	50.25	50	100.49
VC10-VC-54801786	6445993.5	RLTR31_Mur:ERVK:LTR	354	11	50.14	52	96.42
VC10-VC-54801786	6445993.5	MER34A:ERV1:LTR	694	29	49.74	54	92.12
VC10-VC-54801786	6445993.5	RLTR44A:ERVK:LTR	259	18	49.68	54	92.00
VC10-VC-54801786	6445993.5	L1ME3F:L1:LINE	308	21	49.34	52	94.88
VC10-VC-54801786	6445993.5	MER63D:hAT-Blackjack:DNA	1034	26	48.96	55	89.02
VC10-VC-54801786	6445993.5	RLTR19A:ERVK:LTR	153	18	48.73	53	91.94
VC10-VC-54801786	6445993.5	RLTR13F:ERVK:LTR	98	12	48.28	50	96.55
VC10-VC-54801786	6445993.5	Chap1_Mam:hAT-Charlie:DNA	153	30	47.76	59	80.95
VC10-VC-54801786	6445993.5	MER91B:hAT-Tip100:DNA	229	31	47.50	48	98.96
VC10-VC-54801786	6445993.5	RLTR31_Mm:ERVK:LTR	145	22	47.31	50	94.62
VC10-VC-54801786	6445993.5	MLTR31D_MM:ERVK:LTR	318	14	47.19	52	90.76
VC10-VC-54801786	6445993.5	RLTR44E:ERVK:LTR	122	14	47.13	49	96.19
VC10-VC-54801786	6445993.5	RLTR1D:ERV1:LTR	305	13	47.10	53	88.87
VC10-VC-54801786	6445993.5	L1M7:L1:LINE	207	26	47.01	50	94.02
VC10-VC-54801786	6445993.5	LTR88c:Gypsy?:LTR	118	33	46.56	48	97.01
VC10-VC-54801786	6445993.5	SRV_MM-int:ERVK:LTR	129	18	46.50	47	98.94
VC10-VC-54801786	6445993.5	RLTR34D_MM:ERVK:LTR	410	17	46.17	54	85.51
VC10-VC-54801786	6445993.5	LTR87:ERVL?:LTR	214	35	46.04	47	97.97
VC10-VC-54801786	6445993.5	RLTR19B:ERVK:LTR	224	10	45.78	49	93.42
VC10-VC-54801786	6445993.5	MLT1D-int:ERVL-MaLR:LTR	176	7	45.66	45	101.47
VC10-VC-54801786	6445993.5	Arthur1:hAT-Tip100:DNA	920	17	45.62	53	86.08
VC10-VC-54801786	6445993.5	BLACKJACK:hAT-Blackjack:DNA	716	26	45.23	51	88.69
VC10-VC-54801786	6445993.5	MLT2C1:ERVL:LTR	872	27	45.00	47	95.74
VC10-VC-54801786	6445993.5	IAPEY4_LTR:ERVK:LTR	95	6	44.96	50	89.92
VC10-VC-54801786	6445993.5	Charlie17b:hAT-Charlie:DNA	130	26	44.85	48	93.44
VC10-VC-54801786	6445993.5	RLTR35B_MM:ERVL:LTR	492	22	44.50	48	92.71
VC10-VC-54801786	6445993.5	MLTR31C_MM:ERVK:LTR	227	15	44.47	46	96.67
VC10-VC-54801786	6445993.5	RLTR13D1:ERVK:LTR	255	9	44.22	51	86.71
VC10-VC-54801786	6445993.5	MER102a:hAT-Charlie:DNA	386	31	44.17	49	90.15
VC10-VC-54801786	6445993.5	RLTR13D3A:ERVK:LTR	162	19	43.31	45	96.24
VC10-VC-54801786	6445993.5	MLTR31A_MM:ERVK:LTR	352	8	43.00	45	95.56
VC10-VC-54801786	6445993.5	Helitron3Na_Mam:Helitron:RC	191	35	42.95	43	99.88
VC10-VC-54801786	6445993.5	MLT1F2-int:ERVL-MaLR:LTR	68	9	42.59	41	103.89
VC10-VC-54801786	6445993.5	RLTR20A2:ERVK:LTR	368	13	42.50	44	96.59
VC10-VC-54801786	6445993.5	MER67B:ERV1:LTR	220	20	42.44	46	92.26
VC10-VC-54801786	6445993.5	Arthur1B:hAT-Tip100:DNA	597	21	42.35	42	100.84
VC10-VC-54801786	6445993.5	MER74B:ERVL:LTR	324	26	42.09	43	97.88
VC10-VC-54801786	6445993.5	RLTR30B_MM:ERV1:LTR	283	14	41.89	43	97.43
VC10-VC-54801786	6445993.5	LTR45:ERV1:LTR	31	12	41.49	54	76.84
VC10-VC-54801786	6445993.5	MER96B:hAT-Tip100:DNA	410	28	41.43	44	94.15
VC10-VC-54801786	6445993.5	Tigger2b:TcMar-Tigger:DNA	176	15	41.32	45	91.82
VC10-VC-54801786	6445993.5	IAPEY3_LTR:ERVK:LTR	553	20	41.08	44	93.37
VC10-VC-54801786	6445993.5	MamRep434:TcMar-Tigger:DNA	518	18	41.00	42	97.62
VC10-VC-54801786	6445993.5	Tigger16b:TcMar-Tigger:DNA	197	29	41.00	41	100.00
VC10-VC-54801786	6445993.5	MER91A:hAT-Tip100:DNA	370	36	40.65	41	99.16
VC10-VC-54801786	6445993.5	MLT1O:ERVL-MaLR:LTR	538	29	40.50	42	96.43
VC10-VC-54801786	6445993.5	RLTR20A2B_MM:ERVK:LTR	438	11	40.50	41	98.78
VC10-VC-54801786	6445993.5	IAP1-MM_LTR:ERVK:LTR	420	8	40.28	48	83.92
VC10-VC-54801786	6445993.5	MER90a:ERV1:LTR	581	20	40.28	44	91.54
VC10-VC-54801786	6445993.5	L1M:L1:LINE	459	25	40.18	50	80.37
VC10-VC-54801786	6445993.5	L1MA10:L1:LINE	866	26	40.09	44	91.10
VC10-VC-54801786	6445993.5	MER105:DNA:DNA	171	33	40.06	42	95.38
VC10-VC-54801786	6445993.5	MER106A:hAT-Charlie:DNA	115	31	39.00	39	100.00
VC10-VC-54801786	6445993.5	MMERVK10D3_LTR:ERVK:LTR	174	10	38.72	63	61.47
VC10-VC-54801786	6445993.5	RLTR10B:ERVK:LTR	477	1	38.29	50	76.58
VC10-VC-54801786	6445993.5	LTR41B:ERVL:LTR	290	29	38.00	41	92.69
VC10-VC-54801786	6445993.5	MER99:hAT?:DNA	198	11	37.89	38	99.71
VC10-VC-54801786	6445993.5	L1MCb:L1:LINE	713	17	37.67	41	91.87
VC10-VC-54801786	6445993.5	RLTR9F:ERVK:LTR	411	11	37.61	47	80.03
VC10-VC-54801786	6445993.5	MLT1B-int:ERVL-MaLR:LTR	165	16	37.57	42	89.46
VC10-VC-54801786	6445993.5	RLTR9A3B:ERVK:LTR	346	14	37.57	43	87.38
VC10-VC-54801786	6445993.5	L1MCc:L1:LINE	529	22	37.50	40	93.75
VC10-VC-54801786	6445993.5	RLTR48B:ERV1:LTR	110	14	37.28	38	98.10
VC10-VC-54801786	6445993.5	RLTR13A1:ERVK:LTR	205	7	37.00	36	102.78
VC10-VC-54801786	6445993.5	tRNA-Gln-CAG:tRNA:tRNA	25	36	37.00	37	100.00
VC10-VC-54801786	6445993.5	MER106B:hAT-Charlie:DNA	242	35	36.67	38	96.49
VC10-VC-54801786	6445993.5	Looper:PiggyBac:DNA	209	10	36.11	45	80.24
VC10-VC-54801786	6445993.5	ERVL-int:ERVL:LTR	721	13	36.00	38	94.74
VC10-VC-54801786	6445993.5	LTR37A:ERV1:LTR	549	23	35.50	36	98.61
VC10-VC-54801786	6445993.5	LTR16E1:ERVL:LTR	514	27	35.45	39	90.89
VC10-VC-54801786	6445993.5	Charlie9:hAT-Charlie:DNA	232	32	35.00	35	100.00
VC10-VC-54801786	6445993.5	MLT1J-int:ERVL-MaLR:LTR	506	24	35.00	36	97.22
VC10-VC-54801786	6445993.5	ERV3-16A3_I-int:ERVL:LTR	908	14	34.50	35	98.57
VC10-VC-54801786	6445993.5	LTR104_Mam:Gypsy:LTR	254	31	34.50	35	98.57
VC10-VC-54801786	6445993.5	MER45A:hAT-Tip100:DNA	769	27	34.50	35	98.57
VC10-VC-54801786	6445993.5	LTR33C:ERVL:LTR	232	28	34.48	37	93.19
VC10-VC-54801786	6445993.5	L1M3b:L1:LINE	169	6	34.31	35	98.04
VC10-VC-54801786	6445993.5	MER63C:hAT-Blackjack:DNA	414	12	34.16	36	94.88
VC10-VC-54801786	6445993.5	MER50B:ERV1:LTR	14	28	34.00	34	100.00
VC10-VC-54801786	6445993.5	MER58D:hAT-Charlie:DNA	292	27	34.00	35	97.14
VC10-VC-54801786	6445993.5	L1MDb:L1:LINE	583	20	33.67	38	88.60
VC10-VC-54801786	6445993.5	L1ME3C:L1:LINE	326	19	33.50	35	95.71
VC10-VC-54801786	6445993.5	RLTR31B_Mm:ERVK:LTR	349	7	33.00	36	91.67
VC10-VC-54801786	6445993.5	Charlie22a:hAT-Charlie:DNA	163	23	32.86	33	99.57
VC10-VC-54801786	6445993.5	MLT1F-int:ERVL-MaLR:LTR	417	22	32.80	34	96.48
VC10-VC-54801786	6445993.5	Charlie15b:hAT-Charlie:DNA	272	12	32.33	35	92.38
VC10-VC-54801786	6445993.5	ERVB5_1-I_MM-int:ERVK:LTR	292	4	32.33	33	97.98
VC10-VC-54801786	6445993.5	RLTR12H:ERVK:LTR	188	10	32.26	36	89.62
VC10-VC-54801786	6445993.5	HERVL74-int:ERVL:LTR	149	14	32.24	32	100.74
VC10-VC-54801786	6445993.5	MER81:hAT-Blackjack:DNA	512	27	32.00	33	96.97
VC10-VC-54801786	6445993.5	RLTR20C:ERVK:LTR	263	15	32.00	33	96.97
VC10-VC-54801786	6445993.5	tRNA-Tyr-TAC:tRNA:tRNA	20	29	32.00	32	100.00
VC10-VC-54801786	6445993.5	L4_C_Mam:RTE-X:LINE	590	18	31.50	34	92.65
VC10-VC-54801786	6445993.5	X6B_LINE:CR1:LINE	274	31	31.31	33	94.88
VC10-VC-54801786	6445993.5	MMTV-int:ERVK:LTR	35	1	31.25	32	97.65
VC10-VC-54801786	6445993.5	LTR65:ERV1:LTR	162	16	31.00	31	100.00
VC10-VC-54801786	6445993.5	RLTR9B:ERVK:LTR	206	9	31.00	33	93.94
VC10-VC-54801786	6445993.5	MLT1-int:ERVL-MaLR:LTR	285	13	30.62	37	82.76
VC10-VC-54801786	6445993.5	Charlie19a:hAT-Charlie:DNA	240	26	30.50	31	98.39
VC10-VC-54801786	6445993.5	Charlie29a:hAT-Charlie:DNA	324	18	30.21	33	91.54
VC10-VC-54801786	6445993.5	L4_B_Mam:RTE-X:LINE	361	18	30.04	32	93.88
VC10-VC-54801786	6445993.5	RLTR9A2:ERVK:LTR	227	13	29.57	35	84.49
VC10-VC-54801786	6445993.5	LTR33A_:ERVL:LTR	474	17	29.50	30	98.33
VC10-VC-54801786	6445993.5	MER115:hAT-Tip100:DNA	521	21	29.50	31	95.16
VC10-VC-54801786	6445993.5	Ricksha_c:MULE-MuDR:DNA	405	18	29.50	33	89.39
VC10-VC-54801786	6445993.5	RLTR17C_Mm:ERVK:LTR	218	6	29.50	31	95.16
VC10-VC-54801786	6445993.5	Tigger14a:TcMar-Tigger:DNA	225	25	29.27	31	94.43
VC10-VC-54801786	6445993.5	RLTR9D2:ERVK:LTR	194	9	29.01	35	82.87
VC10-VC-54801786	6445993.5	Mam_R4:Dong-R4:LINE	138	26	29.00	30	96.67
VC10-VC-54801786	6445993.5	LTR79:ERVL:LTR	380	15	28.73	27	106.42
VC10-VC-54801786	6445993.5	HAL1_SS:L1:LINE	79	11	28.50	29	98.28
VC10-VC-54801786	6445993.5	L1MEj:L1:LINE	178	22	28.50	29	98.28
VC10-VC-54801786	6445993.5	Zaphod3:hAT-Tip100:DNA	454	19	28.50	29	98.28
VC10-VC-54801786	6445993.5	Charlie2a:hAT-Charlie:DNA	505	14	28.20	34	82.94
VC10-VC-54801786	6445993.5	LTR16A1:ERVL:LTR	654	20	28.11	31	90.68
VC10-VC-54801786	6445993.5	L1M2c:L1:LINE	321	6	28.00	31	90.32
VC10-VC-54801786	6445993.5	L1M8:L1:LINE	201	18	28.00	30	93.33
VC10-VC-54801786	6445993.5	MER124:DNA?:DNA?	252	22	28.00	28	100.00
VC10-VC-54801786	6445993.5	MER63B:hAT-Blackjack:DNA	701	17	28.00	30	93.33
VC10-VC-54801786	6445993.5	RLTR26:ERVK:LTR	408	6	27.90	41	68.05
VC10-VC-54801786	6445993.5	MER63A:hAT-Blackjack:DNA	635	19	27.73	30	92.43
VC10-VC-54801786	6445993.5	L1M3c:L1:LINE	337	11	27.60	32	86.25
VC10-VC-54801786	6445993.5	MER67C:ERV1:LTR	620	18	27.54	28	98.37
VC10-VC-54801786	6445993.5	Tigger6b:TcMar-Tigger:DNA	217	16	27.50	29	94.83
VC10-VC-54801786	6445993.5	ORSL:hAT-Tip100:DNA	281	23	27.09	30	90.30
VC10-VC-54801786	6445993.5	LTR84b:ERVL:LTR	187	22	27.00	27	100.00
VC10-VC-54801786	6445993.5	RLTR48C:ERV1:LTR	149	7	27.00	28	96.43
VC10-VC-54801786	6445993.5	Charlie17:hAT-Charlie:DNA	134	10	26.74	34	78.66
VC10-VC-54801786	6445993.5	MER54A:ERVL:LTR	273	13	26.50	28	94.64
VC10-VC-54801786	6445993.5	tRNA-Gly-GGA:tRNA:tRNA	86	16	26.46	26	101.78
VC10-VC-54801786	6445993.5	tRNA-Ala-GCG:tRNA:tRNA	194	22	26.34	29	90.83
VC10-VC-54801786	6445993.5	ERVB3_1-LTR_MM:ERVK:LTR	158	6	26.07	32	81.47
VC10-VC-54801786	6445993.5	X6A_LINE:CR1:LINE	145	26	26.00	26	100.00
VC10-VC-54801786	6445993.5	LTRIS4:ERV1:LTR	147	6	25.87	31	83.47
VC10-VC-54801786	6445993.5	FAM:Alu:SINE	117	20	25.69	30	85.64
VC10-VC-54801786	6445993.5	Tigger18a:TcMar-Tigger:DNA	240	14	25.59	29	88.24
VC10-VC-54801786	6445993.5	Zaphod:hAT-Tip100:DNA	728	9	25.57	38	67.30
VC10-VC-54801786	6445993.5	ERVB5_2-LTR_MM:ERVK:LTR	520	9	25.50	27	94.44
VC10-VC-54801786	6445993.5	Kanga1c:TcMar-Tc2:DNA	184	18	25.50	26	98.08
VC10-VC-54801786	6445993.5	Tigger20a:TcMar-Tigger:DNA	188	11	25.50	25	102.00
VC10-VC-54801786	6445993.5	RLTR20B4_MM:ERVK:LTR	416	7	25.44	28	90.86
VC10-VC-54801786	6445993.5	RLTR31A_Mm:ERVK:LTR	209	6	25.31	28	90.40
VC10-VC-54801786	6445993.5	MER31-int:ERV1:LTR	149	10	25.15	27	93.14
VC10-VC-54801786	6445993.5	hAT-N1_Mam:hAT?:DNA	185	17	24.00	24	100.00
VC10-VC-54801786	6445993.5	tRNA-His-CAY_:tRNA:tRNA	16	15	24.00	24	100.00
VC10-VC-54801786	6445993.5	LTR78:ERV1:LTR	583	11	23.99	27	88.86
VC10-VC-54801786	6445993.5	ERVB4_2-LTR_MM:ERVK:LTR	144	4	23.92	31	77.17
VC10-VC-54801786	6445993.5	MER54B:ERVL:LTR	114	5	23.83	24	99.27
VC10-VC-54801786	6445993.5	MLTR32C_MM:ERVK:LTR	127	8	23.65	28	84.45
VC10-VC-54801786	6445993.5	LTR33B:ERVL:LTR	268	15	23.56	24	98.19
VC10-VC-54801786	6445993.5	MER94:hAT-Blackjack:DNA	466	20	23.50	25	94.00
VC10-VC-54801786	6445993.5	MamTip3:hAT-Tip100:DNA	180	18	23.00	24	95.83
VC10-VC-54801786	6445993.5	MER57E1:ERV1:LTR	210	12	22.94	22	104.27
VC10-VC-54801786	6445993.5	LTR37B:ERV1:LTR	386	12	22.93	26	88.18
VC10-VC-54801786	6445993.5	RLTR42:ERVK:LTR	266	10	22.61	28	80.75
VC10-VC-54801786	6445993.5	RLTR1F_Mm:ERVK:LTR	83	10	22.59	25	90.38
VC10-VC-54801786	6445993.5	LTR48B:ERV1:LTR	302	16	22.33	23	97.07
VC10-VC-54801786	6445993.5	LTR16A2:ERVL:LTR	416	17	22.00	23	95.65
VC10-VC-54801786	6445993.5	LTR16B2:ERVL:LTR	384	11	22.00	22	100.00
VC10-VC-54801786	6445993.5	RLTR41B:ERV1:LTR	98	2	21.87	25	87.47
VC10-VC-54801786	6445993.5	HERV16-int:ERVL:LTR	277	11	21.50	22	97.73
VC10-VC-54801786	6445993.5	MamRep38:hAT:DNA	212	15	21.50	23	93.48
VC10-VC-54801786	6445993.5	MER76:ERVL:LTR	247	12	21.50	23	93.48
VC10-VC-54801786	6445993.5	X7A_LINE:CR1:LINE	159	18	21.50	22	97.73
VC10-VC-54801786	6445993.5	X7C_LINE:CR1:LINE	155	16	21.50	23	93.48
VC10-VC-54801786	6445993.5	IAPA_MM-int:ERVK:LTR	126	0	21.39	148	14.45
VC10-VC-54801786	6445993.5	RMER16B:ERVK:LTR	84	9	21.31	22	96.84
VC10-VC-54801786	6445993.5	Tigger9a:TcMar-Tigger:DNA	200	12	21.24	22	96.57
VC10-VC-54801786	6445993.5	RLTR6C_Mm:ERV1:LTR	102	12	21.06	23	91.57
VC10-VC-54801786	6445993.5	LTR16D2:ERVL:LTR	65	17	21.00	21	100.00
VC10-VC-54801786	6445993.5	MER34-int:ERV1:LTR	66	10	21.00	21	100.00
VC10-VC-54801786	6445993.5	tRNA-Gln-CAA_:tRNA:tRNA	4	21	21.00	21	100.00
VC10-VC-54801786	6445993.5	MLT1A1-int:ERVL-MaLR:LTR	130	4	20.94	22	95.20
VC10-VC-54801786	6445993.5	RLTR31M:ERVK:LTR	264	6	20.71	26	79.66
VC10-VC-54801786	6445993.5	L1ME5:L1:LINE	146	11	20.55	23	89.37
VC10-VC-54801786	6445993.5	MER113A:hAT-Charlie:DNA	140	17	20.50	21	97.62
VC10-VC-54801786	6445993.5	MER45R:hAT-Tip100:DNA	375	14	20.50	21	97.62
VC10-VC-54801786	6445993.5	L1M2a:L1:LINE	208	6	20.44	25	81.77
VC10-VC-54801786	6445993.5	LTR16B:ERVL:LTR	260	9	20.24	23	88.01
VC10-VC-54801786	6445993.5	MER5C:hAT-Charlie:DNA	242	13	20.10	23	87.37
VC10-VC-54801786	6445993.5	Charlie26a:hAT-Charlie:DNA	98	14	20.00	20	100.00
VC10-VC-54801786	6445993.5	RLTR44B:ERVK:LTR	275	5	19.70	24	82.08
VC10-VC-54801786	6445993.5	LTR81C:Gypsy:LTR	99	15	19.52	21	92.94
VC10-VC-54801786	6445993.5	L1M3f:L1:LINE	100	11	19.50	20	97.50
VC10-VC-54801786	6445993.5	RLTR12B2:ERVK:LTR	95	7	19.50	21	92.86
VC10-VC-54801786	6445993.5	MamGypLTR1b:Gypsy:LTR	141	18	19.00	19	100.00
VC10-VC-54801786	6445993.5	MER135:DNA:DNA	287	15	19.00	19	100.00
VC10-VC-54801786	6445993.5	RLTR9B2:ERVK:LTR	178	4	19.00	21	90.48
VC10-VC-54801786	6445993.5	tRNA-Asn-AAC:tRNA:tRNA	27	9	19.00	19	100.00
VC10-VC-54801786	6445993.5	MER70B:ERVL:LTR	254	10	18.90	20	94.48
VC10-VC-54801786	6445993.5	IAPEY3C_LTR:ERVK:LTR	475	5	18.75	21	89.29
VC10-VC-54801786	6445993.5	LTR81B:Gypsy:LTR	204	9	18.75	19	98.70
VC10-VC-54801786	6445993.5	L1M6:L1:LINE	329	9	18.42	20	92.09
VC10-VC-54801786	6445993.5	L1M3de:L1:LINE	157	9	18.36	20	91.78
VC10-VC-54801786	6445993.5	MER57C2:ERV1:LTR	415	12	18.00	18	100.00
VC10-VC-54801786	6445993.5	RLTR46B:ERVK:LTR	73	3	17.90	23	77.83
VC10-VC-54801786	6445993.5	Ricksha:MuDR:DNA	85	12	17.50	19	92.11
VC10-VC-54801786	6445993.5	Tigger17b:TcMar-Tigger:DNA	72	9	17.41	22	79.14
VC10-VC-54801786	6445993.5	MLT1C-int:ERVL-MaLR:LTR	122	7	17.00	17	100.00
VC10-VC-54801786	6445993.5	UCON29:PiggyBac?:DNA	141	17	17.00	17	100.00
VC10-VC-54801786	6445993.5	Tigger12c:TcMar-Tigger:DNA	97	15	16.75	17	98.55
VC10-VC-54801786	6445993.5	Charlie13a:hAT-Charlie:DNA	184	8	16.50	18	91.67
VC10-VC-54801786	6445993.5	MER92-int:ERV1:LTR	324	7	16.33	20	81.67
VC10-VC-54801786	6445993.5	Kanga1b:TcMar-Tc2:DNA	121	12	16.05	18	89.15
VC10-VC-54801786	6445993.5	L1PB4:L1:LINE	144	6	16.00	16	100.00
VC10-VC-54801786	6445993.5	LTR28B:ERV1:LTR	144	12	16.00	16	100.00
VC10-VC-54801786	6445993.5	LTR53:ERVL:LTR	226	10	16.00	16	100.00
VC10-VC-54801786	6445993.5	MADE2:TcMar-Mariner:DNA	208	14	16.00	17	94.12
VC10-VC-54801786	6445993.5	MER50:ERV1:LTR	13	15	16.00	16	100.00
VC10-VC-54801786	6445993.5	RLTR43C:ERVK:LTR	264	3	16.00	16	100.00
VC10-VC-54801786	6445993.5	MLTR31E_MM:ERVK:LTR	164	7	15.84	17	93.20
VC10-VC-54801786	6445993.5	LTR107_Mam:LTR:LTR	93	11	15.81	16	98.84
VC10-VC-54801786	6445993.5	LTR31:ERV1:LTR	187	12	15.79	17	92.87
VC10-VC-54801786	6445993.5	UCON23:hAT?:DNA	22	14	15.78	16	98.60
VC10-VC-54801786	6445993.5	ERVB5_1-LTR_MM:ERVK:LTR	143	5	15.50	17	91.18
VC10-VC-54801786	6445993.5	MER67A:ERV1:LTR	176	6	15.50	16	96.88
VC10-VC-54801786	6445993.5	MER70A:ERVL:LTR	184	7	15.50	17	91.18
VC10-VC-54801786	6445993.5	X8_LINE:CR1:LINE	158	13	15.50	17	91.18
VC10-VC-54801786	6445993.5	Arthur1C:hAT-Tip100:DNA	155	5	15.00	15	100.00
VC10-VC-54801786	6445993.5	Charlie25:hAT-Charlie:DNA	301	7	15.00	16	93.75
VC10-VC-54801786	6445993.5	Eulor2B:DNA?:DNA?	42	14	15.00	15	100.00
VC10-VC-54801786	6445993.5	MER90:ERV1:LTR	245	10	15.00	16	93.75
VC10-VC-54801786	6445993.5	RLTR20A1:ERVK:LTR	98	3	15.00	16	93.75
VC10-VC-54801786	6445993.5	tRNA-Pro-CCY:tRNA:tRNA	29	9	14.69	15	97.96
VC10-VC-54801786	6445993.5	RLTR19A2:ERVK:LTR	94	2	14.63	19	77.00
VC10-VC-54801786	6445993.5	MLT1A0-int:ERVL-MaLR:LTR	206	3	14.55	16	90.92
VC10-VC-54801786	6445993.5	RLTR47:ERVK:LTR	209	3	14.50	17	85.29
VC10-VC-54801786	6445993.5	RLTR50B:ERVK:LTR	334	6	14.49	15	96.63
VC10-VC-54801786	6445993.5	RLTR9A3A:ERVK:LTR	222	4	14.40	19	75.78
VC10-VC-54801786	6445993.5	Charlie23a:hAT-Charlie:DNA	157	8	14.19	17	83.50
VC10-VC-54801786	6445993.5	Charlie7a:hAT-Charlie:DNA	102	11	14.00	14	100.00
VC10-VC-54801786	6445993.5	LTR16E2:ERVL:LTR	423	11	14.00	14	100.00
VC10-VC-54801786	6445993.5	LTR86B2:ERVL:LTR	36	11	14.00	14	100.00
VC10-VC-54801786	6445993.5	LTR89:ERVL?:LTR	146	7	14.00	14	100.00
VC10-VC-54801786	6445993.5	MER68-int:ERVL:LTR	77	3	14.00	14	100.00
VC10-VC-54801786	6445993.5	Charlie20a:hAT-Charlie:DNA	161	8	13.78	15	91.84
VC10-VC-54801786	6445993.5	Kanga11a:TcMar-Tc2:DNA	187	9	13.50	14	96.43
VC10-VC-54801786	6445993.5	MER52-int:ERV1:LTR	206	6	13.50	14	96.43
VC10-VC-54801786	6445993.5	MER57-int:ERV1:LTR	202	9	13.50	14	96.43
VC10-VC-54801786	6445993.5	tRNA-Lys-AAG:tRNA:tRNA	184	13	13.50	14	96.43
VC10-VC-54801786	6445993.5	ERV3-16A3_LTR:ERVL:LTR	279	4	13.33	14	95.24
VC10-VC-54801786	6445993.5	Eulor2A:DNA?:DNA?	41	12	13.00	13	100.00
VC10-VC-54801786	6445993.5	tRNA-Ala-GCY:tRNA:tRNA	12	13	13.00	13	100.00
VC10-VC-54801786	6445993.5	IAPLTR4_I:ERVK:LTR	183	0	12.84	19	67.59
VC10-VC-54801786	6445993.5	L1MEa:L1:LINE	169	6	12.50	13	96.15
VC10-VC-54801786	6445993.5	MamRep1151:LTR?:LTR?	249	7	12.50	14	89.29
VC10-VC-54801786	6445993.5	Ricksha_c:MuDR:DNA	26	10	12.50	15	83.33
VC10-VC-54801786	6445993.5	tRNA-Ser-TCY:tRNA:tRNA	12	12	12.42	13	95.52
VC10-VC-54801786	6445993.5	LTR73:ERV1:LTR	137	6	12.24	15	81.60
VC10-VC-54801786	6445993.5	MER47A:TcMar-Tigger:DNA	127	8	12.03	13	92.51
VC10-VC-54801786	6445993.5	Charlie13b:hAT-Charlie:DNA	114	6	12.00	12	100.00
VC10-VC-54801786	6445993.5	LTR16B1:ERVL:LTR	299	6	12.00	12	100.00
VC10-VC-54801786	6445993.5	MER127:TcMar-Tigger:DNA	119	11	12.00	12	100.00
VC10-VC-54801786	6445993.5	ORSL-2b:hAT-Tip100:DNA	210	9	12.00	12	100.00
VC10-VC-54801786	6445993.5	Tigger8:TcMar-Tigger:DNA	121	10	12.00	12	100.00
VC10-VC-54801786	6445993.5	LTRIS4B:ERV1:LTR	71	5	11.91	13	91.65
VC10-VC-54801786	6445993.5	tRNA-Gly-GGY:tRNA:tRNA	52	7	11.90	12	99.13
VC10-VC-54801786	6445993.5	X3_LINE:RTE-BovB:LINE	260	10	11.61	15	77.37
VC10-VC-54801786	6445993.5	LTR68:ERV1:LTR	106	5	11.50	12	95.83
VC10-VC-54801786	6445993.5	LTR85a:Gypsy?:LTR	234	7	11.50	12	95.83
VC10-VC-54801786	6445993.5	MER126:DNA:DNA	118	7	11.50	12	95.83
VC10-VC-54801786	6445993.5	Kanga1a:TcMar-Tc2:DNA	191	5	11.22	13	86.34
VC10-VC-54801786	6445993.5	LTR86B1:ERVL:LTR	49	11	11.00	11	100.00
VC10-VC-54801786	6445993.5	MER110A:ERV1:LTR	196	10	11.00	11	100.00
VC10-VC-54801786	6445993.5	MER121:TcMar?:DNA	588	7	11.00	12	91.67
VC10-VC-54801786	6445993.5	L1MEg1:L1:LINE	92	4	10.64	13	81.88
VC10-VC-54801786	6445993.5	Arthur1A:hAT-Tip100:DNA	148	4	10.50	11	95.45
VC10-VC-54801786	6445993.5	Kanga1d:TcMar-Tc2:DNA	131	7	10.50	11	95.45
VC10-VC-54801786	6445993.5	LTR85c:Gypsy?:LTR	119	8	10.50	11	95.45
VC10-VC-54801786	6445993.5	MER4B-int:ERV1:LTR	52	6	10.33	12	86.09
VC10-VC-54801786	6445993.5	LTR105_Mam:ERVL:LTR	124	9	10.00	10	100.00
VC10-VC-54801786	6445993.5	LTR9:ERV1:LTR	13	10	10.00	10	100.00
VC10-VC-54801786	6445993.5	MamGypLTR1c:Gypsy:LTR	145	8	10.00	10	100.00
VC10-VC-54801786	6445993.5	MamRep1879:hAT-Tip100?:DNA	105	8	10.00	10	100.00
VC10-VC-54801786	6445993.5	tRNA-Val-GTY:tRNA:tRNA	18	10	10.00	10	100.00
VC10-VC-54801786	6445993.5	RLTR1E_MM:ERV1:LTR	86	7	9.89	13	76.08
VC10-VC-54801786	6445993.5	L1P5:L1:LINE	166	6	9.86	11	89.68
VC10-VC-54801786	6445993.5	MER5C1:hAT-Charlie:DNA	75	8	9.84	11	89.50
VC10-VC-54801786	6445993.5	RLTR19D:ERVK:LTR	64	0	9.62	12	80.21
VC10-VC-54801786	6445993.5	LTR108a_Mam:ERVL:LTR	39	4	9.61	12	80.12
VC10-VC-54801786	6445993.5	Charlie10a:hAT-Charlie:DNA	61	7	9.50	10	95.00
VC10-VC-54801786	6445993.5	Charlie4:hAT-Charlie:DNA	161	6	9.50	10	95.00
VC10-VC-54801786	6445993.5	MER21-int:ERVL:LTR	105	5	9.50	10	95.00
VC10-VC-54801786	6445993.5	RMER16B3:ERVK:LTR	101	1	9.50	13	73.08
VC10-VC-54801786	6445993.5	tRNA-Glu-GAG_:tRNA:tRNA	39	5	9.50	10	95.00
VC10-VC-54801786	6445993.5	L1M3d:L1:LINE	171	5	9.00	9	100.00
VC10-VC-54801786	6445993.5	LTR16D:ERVL:LTR	185	4	9.00	10	90.00
VC10-VC-54801786	6445993.5	LTR86A1:ERVL:LTR	92	6	9.00	9	100.00
VC10-VC-54801786	6445993.5	tRNA-Leu-TTA:tRNA:tRNA	18	4	9.00	9	100.00
VC10-VC-54801786	6445993.5	IAPLTR3:ERVK:LTR	959	4	8.83	12	73.61
VC10-VC-54801786	6445993.5	MamRep1527:LTR:LTR	372	6	8.64	10	86.43
VC10-VC-54801786	6445993.5	LTR82B:ERVL:LTR	290	6	8.50	9	94.44
VC10-VC-54801786	6445993.5	LTR84a:ERVL:LTR	136	6	8.50	9	94.44
VC10-VC-54801786	6445993.5	RLTR44D:ERVK:LTR	100	4	8.50	9	94.44
VC10-VC-54801786	6445993.5	Charlie21a:hAT-Charlie:DNA	174	3	8.00	9	88.89
VC10-VC-54801786	6445993.5	LTR102_Mam:ERVL:LTR	215	5	8.00	10	80.00
VC10-VC-54801786	6445993.5	LTR108b_Mam:ERVL:LTR	19	7	8.00	8	100.00
VC10-VC-54801786	6445993.5	MamGypLTR3a:Gypsy:LTR	161	6	8.00	8	100.00
VC10-VC-54801786	6445993.5	MamGypLTR3:Gypsy:LTR	105	8	8.00	8	100.00
VC10-VC-54801786	6445993.5	Tigger11a:TcMar-Tigger:DNA	75	2	8.00	8	100.00
VC10-VC-54801786	6445993.5	tRNA-Ser-AGY:tRNA:tRNA	15	8	8.00	8	100.00
VC10-VC-54801786	6445993.5	ERVB4_3-LTR_MM:ERVK:LTR	137	2	7.84	8	98.00
VC10-VC-54801786	6445993.5	Charlie14a:hAT-Charlie:DNA	72	5	7.71	10	77.12
VC10-VC-54801786	6445993.5	LTR55:ERVL?:LTR	160	5	7.50	8	93.75
VC10-VC-54801786	6445993.5	RLTR46A2:ERVK:LTR	58	2	7.50	9	83.33
VC10-VC-54801786	6445993.5	tRNA-Asp-GAY:tRNA:tRNA	33	4	7.50	8	93.75
VC10-VC-54801786	6445993.5	RLTR13D:ERVK:LTR	45	3	7.45	10	74.48
VC10-VC-54801786	6445993.5	MER67D:ERV1:LTR	468	2	7.22	8	90.31
VC10-VC-54801786	6445993.5	Eulor9C:DNA:DNA	71	4	7.00	7	100.00
VC10-VC-54801786	6445993.5	LTR103b_Mam:ERV1?:LTR	57	7	7.00	7	100.00
VC10-VC-54801786	6445993.5	LTR16D1:ERVL:LTR	90	5	7.00	7	100.00
VC10-VC-54801786	6445993.5	LTR88b:Gypsy?:LTR	178	7	7.00	7	100.00
VC10-VC-54801786	6445993.5	LTRIS5:ERV1:LTR	85	2	7.00	7	100.00
VC10-VC-54801786	6445993.5	MER110:ERV1:LTR	147	4	7.00	7	100.00
VC10-VC-54801786	6445993.5	MER73:ERVL:LTR	135	5	7.00	7	100.00
VC10-VC-54801786	6445993.5	Ricksha_0:MULE-MuDR:DNA	82	2	7.00	7	100.00
VC10-VC-54801786	6445993.5	RLTR3_Mm:ERVK:LTR	31	5	7.00	7	100.00
VC10-VC-54801786	6445993.5	tRNA-Cys-TGY:tRNA:tRNA	89	6	7.00	8	87.50
VC10-VC-54801786	6445993.5	tRNA-Val-GTG:tRNA:tRNA	25	4	7.00	7	100.00
VC10-VC-54801786	6445993.5	RLTR53B_Mm:ERVK:LTR	160	2	6.54	10	65.37
VC10-VC-54801786	6445993.5	MER87:ERV1:LTR	46	3	6.53	8	81.66
VC10-VC-54801786	6445993.5	L1MEh:L1:LINE	202	6	6.50	7	92.86
VC10-VC-54801786	6445993.5	LTR85b:Gypsy?:LTR	106	2	6.50	7	92.86
VC10-VC-54801786	6445993.5	MamRep4096:hAT?:DNA	180	3	6.50	7	92.86
VC10-VC-54801786	6445993.5	IAPEY5_I-int:ERVK:LTR	184	1	6.40	9	71.16
VC10-VC-54801786	6445993.5	DNA1_Mam:TcMar:DNA	45	4	6.00	7	85.71
VC10-VC-54801786	6445993.5	Helitron1Na_Mam:Helitron:RC	62	5	6.00	6	100.00
VC10-VC-54801786	6445993.5	LTR75:ERVL:LTR	94	3	6.00	7	85.71
VC10-VC-54801786	6445993.5	LTR81:Gypsy:LTR	70	4	6.00	7	85.71
VC10-VC-54801786	6445993.5	LTR90B:LTR:LTR	91	6	6.00	6	100.00
VC10-VC-54801786	6445993.5	MER66-int:ERV1:LTR	23	5	6.00	6	100.00
VC10-VC-54801786	6445993.5	MLT2E:ERVL:LTR	126	5	6.00	6	100.00
VC10-VC-54801786	6445993.5	tRNA-Gly-GGG:tRNA:tRNA	24	4	6.00	6	100.00
VC10-VC-54801786	6445993.5	tRNA-Ser-TCG:tRNA:tRNA	5	5	6.00	6	100.00
VC10-VC-54801786	6445993.5	LTR86C:ERVL:LTR	75	4	5.99	7	85.60
VC10-VC-54801786	6445993.5	tRNA-Ile-ATT:tRNA:tRNA	40	4	5.62	11	51.08
VC10-VC-54801786	6445993.5	Charlie11:hAT-Charlie:DNA	52	2	5.50	7	78.57
VC10-VC-54801786	6445993.5	Helitron1Nb_Mam:Helitron:RC	92	3	5.50	6	91.67
VC10-VC-54801786	6445993.5	IAPEY5_LTR:ERVK:LTR	237	2	5.50	6	91.67
VC10-VC-54801786	6445993.5	MLT1F1-int:ERVL-MaLR:LTR	89	2	5.50	8	68.75
VC10-VC-54801786	6445993.5	MLT1G1-int:ERVL-MaLR:LTR	51	2	5.50	6	91.67
VC10-VC-54801786	6445993.5	ERVB4_3-I_MM-int:ERVK:LTR	99	4	5.00	5	100.00
VC10-VC-54801786	6445993.5	Eulor1:DNA:DNA	56	5	5.00	5	100.00
VC10-VC-54801786	6445993.5	Eulor5A:DNA?:DNA?	80	4	5.00	5	100.00
VC10-VC-54801786	6445993.5	Eulor9A:DNA:DNA	60	5	5.00	5	100.00
VC10-VC-54801786	6445993.5	LTR75B:ERVL:LTR	69	4	5.00	5	100.00
VC10-VC-54801786	6445993.5	LTR80A:ERVL:LTR	112	1	5.00	5	100.00
VC10-VC-54801786	6445993.5	ORSL-2a:hAT-Tip100:DNA	69	5	5.00	5	100.00
VC10-VC-54801786	6445993.5	tRNA-Arg-CGA_:tRNA:tRNA	2	5	5.00	5	100.00
VC10-VC-54801786	6445993.5	tRNA-Ile-ATA:tRNA:tRNA	26	3	5.00	5	100.00
VC10-VC-54801786	6445993.5	U13_:snRNA:snRNA	19	4	5.00	5	100.00
VC10-VC-54801786	6445993.5	Tigger1a_Art:TcMar-Tigger:DNA	37	3	4.74	4	118.42
VC10-VC-54801786	6445993.5	LTR83:ERVL:LTR	161	4	4.50	5	90.00
VC10-VC-54801786	6445993.5	MER45C:hAT-Tip100:DNA	290	3	4.50	5	90.00
VC10-VC-54801786	6445993.5	MER65-int:ERV1:LTR	49	4	4.50	5	90.00
VC10-VC-54801786	6445993.5	MER68C:ERVL:LTR	60	4	4.50	5	90.00
VC10-VC-54801786	6445993.5	MER88:ERVL:LTR	58	2	4.50	5	90.00
VC10-VC-54801786	6445993.5	tRNA-Phe-TTY:tRNA:tRNA	47	3	4.50	5	90.00
VC10-VC-54801786	6445993.5	MamTip1:hAT-Tip100:DNA	82	3	4.25	5	85.00
VC10-VC-54801786	6445993.5	LTR106_Mam:LTR:LTR	164	1	4.14	6	69.07
VC10-VC-54801786	6445993.5	L1M3a:L1:LINE	120	1	4.00	5	80.00
VC10-VC-54801786	6445993.5	LTR103_Mam:ERV1?:LTR	58	2	4.00	4	100.00
VC10-VC-54801786	6445993.5	LTR109A2:ERV1:LTR	37	4	4.00	4	100.00
VC10-VC-54801786	6445993.5	LTR34:ERV1:LTR	8	1	4.00	4	100.00
VC10-VC-54801786	6445993.5	LTR40A1:ERVL:LTR	114	3	4.00	5	80.00
VC10-VC-54801786	6445993.5	LTR52:ERVL:LTR	230	3	4.00	5	80.00
VC10-VC-54801786	6445993.5	LTR81A:Gypsy:LTR	180	3	4.00	5	80.00
VC10-VC-54801786	6445993.5	MamGypLTR1a:Gypsy:LTR	137	2	4.00	4	100.00
VC10-VC-54801786	6445993.5	MamGypLTR2b:Gypsy:LTR	109	2	4.00	4	100.00
VC10-VC-54801786	6445993.5	MER51-int:ERV1:LTR	7	4	4.00	4	100.00
VC10-VC-54801786	6445993.5	MLT1G-int:ERVL-MaLR:LTR	39	3	4.00	4	100.00
VC10-VC-54801786	6445993.5	MLT1J1-int:ERVL-MaLR:LTR	67	1	4.00	4	100.00
VC10-VC-54801786	6445993.5	Ricksha:MULE-MuDR:DNA	60	0	4.00	4	100.00
VC10-VC-54801786	6445993.5	tRNA-Arg-AGA:tRNA:tRNA	30	4	4.00	4	100.00
VC10-VC-54801786	6445993.5	tRNA-Leu-CTA_:tRNA:tRNA	4	3	4.00	4	100.00
VC10-VC-54801786	6445993.5	tRNA-Leu-TTG:tRNA:tRNA	24	1	4.00	4	100.00
VC10-VC-54801786	6445993.5	tRNA-Met:tRNA:tRNA	21	3	4.00	4	100.00
VC10-VC-54801786	6445993.5	tRNA-Pro-CCA:tRNA:tRNA	10	4	4.00	4	100.00
VC10-VC-54801786	6445993.5	LTR108e_Mam:ERVL:LTR	36	3	3.50	4	87.50
VC10-VC-54801786	6445993.5	LTRIS6:ERV1:LTR	149	1	3.50	4	87.50
VC10-VC-54801786	6445993.5	MER70-int:ERVL:LTR	56	1	3.50	4	87.50
VC10-VC-54801786	6445993.5	MER97b:hAT-Tip100:DNA	55	0	3.50	4	87.50
VC10-VC-54801786	6445993.5	MERX:TcMar-Tigger:DNA	64	3	3.50	4	87.50
VC10-VC-54801786	6445993.5	MamGypLTR1d:Gypsy:LTR	116	2	3.33	4	83.33
VC10-VC-54801786	6445993.5	BGLII_C:ERVK:LTR	74	1	3.00	3	100.00
VC10-VC-54801786	6445993.5	ERVB2_1-I_MM-int:ERVK:LTR	83	0	3.00	4	75.00
VC10-VC-54801786	6445993.5	Eulor10:DNA?:DNA?	29	2	3.00	3	100.00
VC10-VC-54801786	6445993.5	Eulor6D:DNA?:DNA?	47	3	3.00	3	100.00
VC10-VC-54801786	6445993.5	FordPrefect_a:hAT-Tip100:DNA	60	2	3.00	3	100.00
VC10-VC-54801786	6445993.5	Helitron2Na_Mam:Helitron?:RC?	74	1	3.00	3	100.00
VC10-VC-54801786	6445993.5	LTR108c_Mam:ERVL:LTR	15	2	3.00	3	100.00
VC10-VC-54801786	6445993.5	LTR52-int:ERVL:LTR	50	3	3.00	3	100.00
VC10-VC-54801786	6445993.5	LTR69:ERVL:LTR	74	3	3.00	3	100.00
VC10-VC-54801786	6445993.5	LTR77:ERV1:LTR	38	1	3.00	3	100.00
VC10-VC-54801786	6445993.5	LTR80B:ERVL:LTR	116	2	3.00	3	100.00
VC10-VC-54801786	6445993.5	LTR90A:LTR:LTR	99	2	3.00	3	100.00
VC10-VC-54801786	6445993.5	MER49:ERV1:LTR	7	3	3.00	3	100.00
VC10-VC-54801786	6445993.5	MER91C:hAT-Tip100:DNA	110	2	3.00	3	100.00
VC10-VC-54801786	6445993.5	MER92C:ERV1:LTR	72	2	3.00	3	100.00
VC10-VC-54801786	6445993.5	MER96:hAT-Tip100:DNA	104	3	3.00	3	100.00
VC10-VC-54801786	6445993.5	MLT1E2-int:ERVL-MaLR:LTR	35	2	3.00	3	100.00
VC10-VC-54801786	6445993.5	MLT1H1-int:ERVL-MaLR:LTR	49	0	3.00	3	100.00
VC10-VC-54801786	6445993.5	ORR1G-int:ERVL-MaLR:LTR	70	2	3.00	3	100.00
VC10-VC-54801786	6445993.5	tRNA-Arg-CGY_:tRNA:tRNA	21	3	3.00	3	100.00
VC10-VC-54801786	6445993.5	tRNA-Lys-AAA:tRNA:tRNA	22	3	3.00	3	100.00
VC10-VC-54801786	6445993.5	tRNA-Thr-ACY_:tRNA:tRNA	15	3	3.00	3	100.00
VC10-VC-54801786	6445993.5	X2_LINE:CR1:LINE	32	3	3.00	3	100.00
VC10-VC-54801786	6445993.5	X5A_LINE:CR1:LINE	69	2	3.00	3	100.00
VC10-VC-54801786	6445993.5	Cheshire_Mars:hAT-Charlie:DNA	3	0	2.50	3	83.33
VC10-VC-54801786	6445993.5	L1MEg2:L1:LINE	112	1	2.50	3	83.33
VC10-VC-54801786	6445993.5	LTR53B:ERVL:LTR	83	1	2.50	3	83.33
VC10-VC-54801786	6445993.5	MER113B:hAT-Charlie:DNA	72	1	2.50	4	62.50
VC10-VC-54801786	6445993.5	MER97d:hAT-Tip100:DNA	28	2	2.50	3	83.33
VC10-VC-54801786	6445993.5	Eulor12:DNA?:DNA?	35	2	2.00	2	100.00
VC10-VC-54801786	6445993.5	Eulor6E:DNA?:DNA?	18	2	2.00	2	100.00
VC10-VC-54801786	6445993.5	L5:RTE-X:LINE	122	2	2.00	2	100.00
VC10-VC-54801786	6445993.5	LTR108d_Mam:ERVL:LTR	30	1	2.00	2	100.00
VC10-VC-54801786	6445993.5	LTR39:ERV1:LTR	11	2	2.00	2	100.00
VC10-VC-54801786	6445993.5	LTR45C:ERV1:LTR	24	1	2.00	2	100.00
VC10-VC-54801786	6445993.5	LTR88a:Gypsy?:LTR	64	2	2.00	2	100.00
VC10-VC-54801786	6445993.5	MER110-int:ERV1:LTR	38	2	2.00	2	100.00
VC10-VC-54801786	6445993.5	MER123:DNA:DNA	41	2	2.00	2	100.00
VC10-VC-54801786	6445993.5	MER65D:ERV1:LTR	101	2	2.00	2	100.00
VC10-VC-54801786	6445993.5	MER74C:ERVL:LTR	114	2	2.00	2	100.00
VC10-VC-54801786	6445993.5	MER95:ERV1:LTR	54	1	2.00	2	100.00
VC10-VC-54801786	6445993.5	MLT1H2-int:ERVL-MaLR:LTR	53	1	2.00	2	100.00
VC10-VC-54801786	6445993.5	RLTR50A:ERVK:LTR	85	1	2.00	2	100.00
VC10-VC-54801786	6445993.5	tRNA-Arg-AGG:tRNA:tRNA	18	2	2.00	2	100.00
VC10-VC-54801786	6445993.5	tRNA-Met-i:tRNA:tRNA	19	2	2.00	2	100.00
VC10-VC-54801786	6445993.5	tRNA-SeC(e)-TGA:tRNA:tRNA	3	2	2.00	2	100.00
VC10-VC-54801786	6445993.5	X5B_LINE:CR1:LINE	79	1	2.00	3	66.67
VC10-VC-54801786	6445993.5	tRNA-Thr-ACG_:tRNA:tRNA	20	1	1.83	3	61.07
VC10-VC-54801786	6445993.5	L1M6B:L1:LINE	43	0	1.50	2	75.00
VC10-VC-54801786	6445993.5	LTR9A1:ERV1:LTR	11	0	1.50	2	75.00
VC10-VC-54801786	6445993.5	MER134:DNA?:DNA?	53	0	1.50	2	75.00
VC10-VC-54801786	6445993.5	MER57E2:ERV1:LTR	62	1	1.50	2	75.00
VC10-VC-54801786	6445993.5	MLT1G3-int:ERVL-MaLR:LTR	58	0	1.50	2	75.00
VC10-VC-54801786	6445993.5	Ricksha_a:MULE-MuDR:DNA	30	0	1.50	2	75.00
VC10-VC-54801786	6445993.5	RMER3D3:ERVK:LTR	8	1	1.50	2	75.00
VC10-VC-54801786	6445993.5	tRNA-Leu-CTY:tRNA:tRNA	8	1	1.50	2	75.00
VC10-VC-54801786	6445993.5	RLTR30C_MM:ERV1:LTR	124	1	1.18	2	58.97
VC10-VC-54801786	6445993.5	C573_MM:Other:Other	1738	0	1.00	1	100.00
VC10-VC-54801786	6445993.5	Cheshire_Mars_:hAT-Charlie:DNA	6	0	1.00	1	100.00
VC10-VC-54801786	6445993.5	ERVB4_1-LTR_MM:ERVK:LTR	21	1	1.00	1	100.00
VC10-VC-54801786	6445993.5	Eulor11:DNA:DNA	49	0	1.00	1	100.00
VC10-VC-54801786	6445993.5	Eulor6A:DNA?:DNA?	21	1	1.00	1	100.00
VC10-VC-54801786	6445993.5	Eulor6B:DNA?:DNA?	56	0	1.00	1	100.00
VC10-VC-54801786	6445993.5	Eulor9B:DNA:DNA	14	1	1.00	1	100.00
VC10-VC-54801786	6445993.5	LTR28:ERV1:LTR	10	1	1.00	1	100.00
VC10-VC-54801786	6445993.5	LTR29:ERV1:LTR	34	1	1.00	1	100.00
VC10-VC-54801786	6445993.5	LTR32:ERVL:LTR	9	1	1.00	1	100.00
VC10-VC-54801786	6445993.5	LTR59:ERV1:LTR	8	1	1.00	1	100.00
VC10-VC-54801786	6445993.5	LTR86A2:ERVL:LTR	79	0	1.00	1	100.00
VC10-VC-54801786	6445993.5	MamGypLTR2c:Gypsy:LTR	110	1	1.00	1	100.00
VC10-VC-54801786	6445993.5	MamRep1894:hAT:DNA	36	1	1.00	1	100.00
VC10-VC-54801786	6445993.5	MamRep488:hAT-Tip100:DNA	29	1	1.00	1	100.00
VC10-VC-54801786	6445993.5	MER129:LTR?:LTR?	63	1	1.00	1	100.00
VC10-VC-54801786	6445993.5	MER132:TcMar-Pogo:DNA	21	1	1.00	1	100.00
VC10-VC-54801786	6445993.5	MER66B:ERV1:LTR	7	1	1.00	1	100.00
VC10-VC-54801786	6445993.5	MER72:ERV1:LTR	9	0	1.00	1	100.00
VC10-VC-54801786	6445993.5	MER92D:ERV1:LTR	70	1	1.00	1	100.00
VC10-VC-54801786	6445993.5	MER94B:hAT-Blackjack:DNA	86	1	1.00	1	100.00
VC10-VC-54801786	6445993.5	MER96B:hAT:DNA	8	0	1.00	1	100.00
VC10-VC-54801786	6445993.5	nhAT5a_ML:hAT-Charlie:DNA	4	1	1.00	1	100.00
VC10-VC-54801786	6445993.5	RLTR12F:ERVK:LTR	60	0	1.00	1	100.00
VC10-VC-54801786	6445993.5	RLTR1:ERV1:LTR	62	1	1.00	1	100.00
VC10-VC-54801786	6445993.5	RLTR47_MM:ERV1:LTR	45	1	1.00	1	100.00
VC10-VC-54801786	6445993.5	RNLTR23:ERVK:LTR	5	1	1.00	1	100.00
VC10-VC-54801786	6445993.5	tRNA-Gln-CAA:tRNA:tRNA	14	1	1.00	1	100.00
VC10-VC-54801786	6445993.5	tRNA-Met_:tRNA:tRNA	46	1	1.00	1	100.00
VC10-VC-54801786	6445993.5	tRNA-Pro-CCG:tRNA:tRNA	4	0	1.00	1	100.00
VC10-VC-54801786	6445993.5	tRNA-Ser-TCA_:tRNA:tRNA	3	1	1.00	1	100.00
VC10-VC-54801786	6445993.5	tRNA-Trp-TGG:tRNA:tRNA	16	1	1.00	1	100.00
VC10-VC-54801786	6445993.5	tRNA-Val-GTA:tRNA:tRNA	13	0	1.00	2	50.00
VC10-VC-54801786	6445993.5	U7:snRNA:snRNA	49	1	1.00	1	100.00
VC10-VC-54801786	6445993.5	UCON21:DNA?:DNA?	23	1	1.00	1	100.00
VC10-VC-54801786	6445993.5	Charlie10b:hAT-Charlie:DNA	48	0	0.50	1	50.00
VC10-VC-54801786	6445993.5	MER92A:ERV1:LTR	37	0	0.50	1	50.00
VC10-VC-54801786	6445993.5	MER97a:hAT-Tip100:DNA	53	0	0.50	1	50.00
VC10-VC-54801786	6445993.5	MLT1E1A-int:ERVL-MaLR:LTR	28	0	0.50	1	50.00
VC10-VC-54801786	6445993.5	RLTR46A:ERVK:LTR	71	0	0.50	1	50.00
VC10-VC-54801786	6445993.5	Tigger12A:TcMar-Tigger:DNA	86	0	0.50	1	50.00
VC10-VC-54801786	6445993.5	MER72B:ERV1:LTR	74	0	0.24	2	12.18
VC10-VC-54801786	6445993.5	Charlie17a:hAT-Charlie:DNA	63	0	0.00	0	NA
VC10-VC-54801786	6445993.5	Charlie1b_Mars:hAT-Charlie:DNA	2	0	0.00	0	NA
VC10-VC-54801786	6445993.5	Eulor2C:DNA?:DNA?	24	0	0.00	0	NA
VC10-VC-54801786	6445993.5	Eulor3:DNA?:DNA?	28	0	0.00	0	NA
VC10-VC-54801786	6445993.5	Eulor5B:DNA?:DNA?	37	0	0.00	0	NA
VC10-VC-54801786	6445993.5	Eulor6C:DNA?:DNA?	15	0	0.00	0	NA
VC10-VC-54801786	6445993.5	Eulor7:DNA?:DNA?	4	0	0.00	0	NA
VC10-VC-54801786	6445993.5	Eulor8:TcMar?:DNA	110	0	0.00	0	NA
VC10-VC-54801786	6445993.5	HERVL32-int:ERVL:LTR	1	0	0.00	0	NA
VC10-VC-54801786	6445993.5	HUERS-P3b-int:ERV1:LTR	3	0	0.00	0	NA
VC10-VC-54801786	6445993.5	HY4:scRNA:scRNA	3	0	0.00	0	NA
VC10-VC-54801786	6445993.5	HY5:scRNA:scRNA	1	0	0.00	0	NA
VC10-VC-54801786	6445993.5	L1M2a1:L1:LINE	11	0	0.00	0	NA
VC10-VC-54801786	6445993.5	LTR23-int:ERV1:LTR	11	0	0.00	0	NA
VC10-VC-54801786	6445993.5	LTR27C:ERV1:LTR	7	0	0.00	0	NA
VC10-VC-54801786	6445993.5	LTR36:ERV1:LTR	5	0	0.00	0	NA
VC10-VC-54801786	6445993.5	LTR44:ERV1:LTR	3	0	0.00	0	NA
VC10-VC-54801786	6445993.5	LTR58:ERV1:LTR	9	0	0.00	0	NA
VC10-VC-54801786	6445993.5	LTR64:ERV1:LTR	8	0	0.00	0	NA
VC10-VC-54801786	6445993.5	LTR75_1:ERV1:LTR	9	0	0.00	0	NA
VC10-VC-54801786	6445993.5	LTR91:ERVL:LTR	57	0	0.00	0	NA
VC10-VC-54801786	6445993.5	LTR9D:ERV1:LTR	11	0	0.00	0	NA
VC10-VC-54801786	6445993.5	MamRep1161:TcMar:DNA	7	0	0.00	0	NA
VC10-VC-54801786	6445993.5	MamRep137:TcMar?:DNA	4	0	0.00	0	NA
VC10-VC-54801786	6445993.5	MARINER1_EC:TcMar-Tigger:DNA	2	0	0.00	0	NA
VC10-VC-54801786	6445993.5	MER101B:ERV1:LTR	21	0	0.00	0	NA
VC10-VC-54801786	6445993.5	MER125:DNA:DNA	111	0	0.00	0	NA
VC10-VC-54801786	6445993.5	MER133A:DNA?:DNA?	35	0	0.00	0	NA
VC10-VC-54801786	6445993.5	MER133B:DNA?:DNA?	22	0	0.00	0	NA
VC10-VC-54801786	6445993.5	MER136:DNA:DNA	23	0	0.00	0	NA
VC10-VC-54801786	6445993.5	MER47C:TcMar-Tigger:DNA	14	0	0.00	0	NA
VC10-VC-54801786	6445993.5	MER4CL34:ERV1:LTR	6	0	0.00	0	NA
VC10-VC-54801786	6445993.5	MER50-int:ERV1:LTR	14	0	0.00	0	NA
VC10-VC-54801786	6445993.5	MER57E3:ERV1:LTR	4	0	0.00	0	NA
VC10-VC-54801786	6445993.5	MER66A:ERV1:LTR	5	0	0.00	0	NA
VC10-VC-54801786	6445993.5	MER66C:ERV1:LTR	19	0	0.00	0	NA
VC10-VC-54801786	6445993.5	MER76-int:ERVL:LTR	16	0	0.00	0	NA
VC10-VC-54801786	6445993.5	MER83A-int:ERV1:LTR	1	0	0.00	0	NA
VC10-VC-54801786	6445993.5	MER83B-int:ERV1:LTR	9	0	0.00	0	NA
VC10-VC-54801786	6445993.5	MER89-int:ERV1:LTR	98	0	0.00	0	NA
VC10-VC-54801786	6445993.5	MER97c:hAT-Tip100:DNA	64	0	0.00	0	NA
VC10-VC-54801786	6445993.5	MLT1A-int:ERVL-MaLR:LTR	123	0	0.00	0	NA
VC10-VC-54801786	6445993.5	MLT1E1-int:ERVL-MaLR:LTR	8	0	0.00	0	NA
VC10-VC-54801786	6445993.5	MLT1E3-int:ERVL-MaLR:LTR	12	0	0.00	0	NA
VC10-VC-54801786	6445993.5	MLT1E-int:ERVL-MaLR:LTR	9	0	0.00	0	NA
VC10-VC-54801786	6445993.5	MLT1I-int:ERVL-MaLR:LTR	57	0	0.00	0	NA
VC10-VC-54801786	6445993.5	MLT1J2-int:ERVL-MaLR:LTR	27	0	0.00	0	NA
VC10-VC-54801786	6445993.5	MLT1K-int:ERVL-MaLR:LTR	8	0	0.00	0	NA
VC10-VC-54801786	6445993.5	MLT1L-int:ERVL-MaLR:LTR	13	0	0.00	0	NA
VC10-VC-54801786	6445993.5	MLT1N2-int:ERVL-MaLR:LTR	3	0	0.00	0	NA
VC10-VC-54801786	6445993.5	MLT1O-int:ERVL-MaLR:LTR	2	0	0.00	0	NA
VC10-VC-54801786	6445993.5	Ricksha_0:MuDR:DNA	29	0	0.00	0	NA
VC10-VC-54801786	6445993.5	Ricksha_a:MuDR:DNA	11	0	0.00	0	NA
VC10-VC-54801786	6445993.5	Ricksha_b:MuDR:DNA	2	0	0.00	0	NA
VC10-VC-54801786	6445993.5	Ricksha_b:MULE-MuDR:DNA	6	0	0.00	0	NA
VC10-VC-54801786	6445993.5	RLTR43A:ERVK:LTR	3	0	0.00	0	NA
VC10-VC-54801786	6445993.5	RLTR43B:ERVK:LTR	1	0	0.00	0	NA
VC10-VC-54801786	6445993.5	RLTR46:ERVK:LTR	46	0	0.00	0	NA
VC10-VC-54801786	6445993.5	RLTR9A4:ERVK:LTR	35	0	0.00	0	NA
VC10-VC-54801786	6445993.5	RMER3D1:ERVK:LTR	1	0	0.00	0	NA
VC10-VC-54801786	6445993.5	RMER3D2:ERVK:LTR	3	0	0.00	0	NA
VC10-VC-54801786	6445993.5	RMER3D4:ERVK:LTR	2	0	0.00	0	NA
VC10-VC-54801786	6445993.5	Tigger1a_Mars:TcMar-Tigger:DNA	2	0	0.00	0	NA
VC10-VC-54801786	6445993.5	tRNA-Arg-CGA:tRNA:tRNA	3	0	0.00	0	NA
VC10-VC-54801786	6445993.5	tRNA-Arg-CGG:tRNA:tRNA	3	0	0.00	0	NA
VC10-VC-54801786	6445993.5	tRNA-Glu-GAG:tRNA:tRNA	6	0	0.00	0	NA
VC10-VC-54801786	6445993.5	tRNA-His-CAY:tRNA:tRNA	1	0	0.00	0	NA
VC10-VC-54801786	6445993.5	tRNA-Leu-CTA:tRNA:tRNA	3	0	0.00	0	NA
VC10-VC-54801786	6445993.5	tRNA-Leu-CTG:tRNA:tRNA	16	0	0.00	0	NA
VC10-VC-54801786	6445993.5	tRNA-Leu-TTA(m):tRNA:tRNA	1	0	0.00	0	NA
VC10-VC-54801786	6445993.5	tRNA-Ser-TCA:tRNA:tRNA	1	0	0.00	0	NA
VC10-VC-54801786	6445993.5	tRNA-Thr-ACA:tRNA:tRNA	17	0	0.00	0	NA
VC10-VC-54801786	6445993.5	tRNA-Thr-ACG:tRNA:tRNA	3	0	0.00	0	NA
VC10-VC-54801786	6445993.5	tRNA-Thr-ACY:tRNA:tRNA	14	0	0.00	0	NA
VC10-VC-54801786	6445993.5	tRNA-Tyr-TAT:tRNA:tRNA	3	0	0.00	0	NA
VC10-VC-54801786	6445993.5	UCON13:Penelope?:LINE?	42	0	0.00	0	NA
VC10-VC-54801786	6445993.5	UCON14:DNA?:DNA?	66	0	0.00	0	NA
VC10-VC-54801786	6445993.5	UCON7:DNA?:DNA?	99	0	0.00	0	NA
VC10-VC-54801786	6445993.5	X1_LINE:CR1:LINE	40	0	0.00	0	NA
VC10-VC-54801786	6445993.5	X7D_LINE:CR1:LINE	10	0	0.00	0	NA
