Sample	aligned_libsize	Subfamily:Family:Class	copies	uniq_counts	tot_counts	tot_reads	avg_conf
VC10-Ctrl-54801785	7511510.5	LSU-rRNA_Hsa:rRNA:rRNA	480	296056	1643527.12	1641551	100.12
VC10-Ctrl-54801785	7511510.5	7SLRNA:srpRNA:srpRNA	437	2344	325505.46	324784	100.22
VC10-Ctrl-54801785	7511510.5	7SK:RNA:RNA	691	1821	78513.20	78424	100.11
VC10-Ctrl-54801785	7511510.5	FordPrefect:hAT-Tip100:DNA	291	34879	75511.39	75511	100.00
VC10-Ctrl-54801785	7511510.5	U3:snRNA:snRNA	97	539	73397.68	43261	169.66
VC10-Ctrl-54801785	7511510.5	U1:snRNA:snRNA	329	229	63349.97	47294	133.95
VC10-Ctrl-54801785	7511510.5	U2:snRNA:snRNA	921	550	61662.12	42558	144.89
VC10-Ctrl-54801785	7511510.5	SSU-rRNA_Hsa:rRNA:rRNA	45	4735	56543.02	56507	100.06
VC10-Ctrl-54801785	7511510.5	MMETn-int:ERVK:LTR	980	307	50180.77	52914	94.83
VC10-Ctrl-54801785	7511510.5	B3:B2:SINE	148427	17192	38412.39	40820	94.10
VC10-Ctrl-54801785	7511510.5	B2_Mm2:B2:SINE	90007	10578	28403.45	30369	93.53
VC10-Ctrl-54801785	7511510.5	ID_B1:B4:SINE	110827	15497	28133.51	30496	92.25
VC10-Ctrl-54801785	7511510.5	L1Md_T:L1:LINE	23688	1649	27049.64	32108	84.25
VC10-Ctrl-54801785	7511510.5	B1_Mus1:Alu:SINE	95081	13291	26302.93	28557	92.11
VC10-Ctrl-54801785	7511510.5	B2_Mm1a:B2:SINE	18346	3825	24858.50	24948	99.64
VC10-Ctrl-54801785	7511510.5	L1Md_A:L1:LINE	16844	1153	24179.00	24657	98.06
VC10-Ctrl-54801785	7511510.5	RSINE1:B4:SINE	115806	12135	21701.24	23021	94.27
VC10-Ctrl-54801785	7511510.5	B1_Mus2:Alu:SINE	70891	10842	20675.53	22967	90.02
VC10-Ctrl-54801785	7511510.5	B2_Mm1t:B2:SINE	23218	3446	18621.19	20430	91.15
VC10-Ctrl-54801785	7511510.5	B3A:B2:SINE	92925	8420	17680.01	19074	92.69
VC10-Ctrl-54801785	7511510.5	B4A:B4:SINE	107073	7155	16310.57	17467	93.38
VC10-Ctrl-54801785	7511510.5	PB1D10:Alu:SINE	65054	10806	16067.92	17272	93.03
VC10-Ctrl-54801785	7511510.5	RLTR1B-int:ERV1:LTR	798	906	16033.52	14588	109.91
VC10-Ctrl-54801785	7511510.5	U17:snRNA:snRNA	24	3245	14038.50	14034	100.03
VC10-Ctrl-54801785	7511510.5	MMVL30-int:ERV1:LTR	956	13077	13970.38	13928	100.30
VC10-Ctrl-54801785	7511510.5	PB1D9:Alu:SINE	28939	7554	12078.22	12857	93.94
VC10-Ctrl-54801785	7511510.5	B1_Mur1:Alu:SINE	38058	6107	10611.58	11447	92.70
VC10-Ctrl-54801785	7511510.5	B1_Mm:Alu:SINE	42910	5562	10585.09	11753	90.06
VC10-Ctrl-54801785	7511510.5	L1Md_F2:L1:LINE	64898	1762	10537.85	14148	74.48
VC10-Ctrl-54801785	7511510.5	B1F:Alu:SINE	45170	6662	10534.89	11353	92.79
VC10-Ctrl-54801785	7511510.5	B1_Mur4:Alu:SINE	41031	5701	10461.26	11469	91.21
VC10-Ctrl-54801785	7511510.5	B1_Mur2:Alu:SINE	31869	5790	9941.43	10733	92.62
VC10-Ctrl-54801785	7511510.5	ETnERV-int:ERVK:LTR	906	118	9869.05	26283	37.55
VC10-Ctrl-54801785	7511510.5	L1_Mus1:L1:LINE	27252	2133	9072.43	9594	94.56
VC10-Ctrl-54801785	7511510.5	B4:B4:SINE	64020	3967	8484.26	9304	91.19
VC10-Ctrl-54801785	7511510.5	B1_Mur3:Alu:SINE	24632	4416	8016.66	8535	93.93
VC10-Ctrl-54801785	7511510.5	MTD:ERVL-MaLR:LTR	51544	2775	7598.97	7883	96.40
VC10-Ctrl-54801785	7511510.5	PB1D7:Alu:SINE	24346	4908	7188.46	7695	93.42
VC10-Ctrl-54801785	7511510.5	MMERVK10C-int:ERVK:LTR	3230	5781	6830.14	6771	100.87
VC10-Ctrl-54801785	7511510.5	MIRb:MIR:SINE	42160	4122	6525.99	6742	96.80
VC10-Ctrl-54801785	7511510.5	Lx8:L1:LINE	49141	1978	6232.97	6502	95.86
VC10-Ctrl-54801785	7511510.5	L1_Mus3:L1:LINE	48489	947	5926.86	6654	89.07
VC10-Ctrl-54801785	7511510.5	ID4:ID:SINE	23970	4203	5643.81	5987	94.27
VC10-Ctrl-54801785	7511510.5	B1F1:Alu:SINE	19678	3664	5643.20	6012	93.87
VC10-Ctrl-54801785	7511510.5	ID4_:ID:SINE	26384	3864	5614.93	5866	95.72
VC10-Ctrl-54801785	7511510.5	U4:snRNA:snRNA	108	177	5585.83	5588	99.96
VC10-Ctrl-54801785	7511510.5	MIR:MIR:SINE	38978	3013	4763.76	4910	97.02
VC10-Ctrl-54801785	7511510.5	MTA_Mm-int:ERVL-MaLR:LTR	3027	130	4694.74	4660	100.75
VC10-Ctrl-54801785	7511510.5	MTC:ERVL-MaLR:LTR	27489	1749	4642.11	4908	94.58
VC10-Ctrl-54801785	7511510.5	IAPEz-int:ERVK:LTR	7319	222	4593.63	4023	114.18
VC10-Ctrl-54801785	7511510.5	B1F2:Alu:SINE	16513	2722	4459.79	4844	92.07
VC10-Ctrl-54801785	7511510.5	Lx:L1:LINE	24834	687	4414.79	4403	100.27
VC10-Ctrl-54801785	7511510.5	MTA_Mm:ERVL-MaLR:LTR	15623	817	4298.54	4567	94.12
VC10-Ctrl-54801785	7511510.5	L2a:L2:LINE	24277	2465	4267.55	4383	97.37
VC10-Ctrl-54801785	7511510.5	RLTR19-int:ERVK:LTR	2407	771	4017.52	3666	109.59
VC10-Ctrl-54801785	7511510.5	Lx3B:L1:LINE	5993	219	3891.73	3928	99.08
VC10-Ctrl-54801785	7511510.5	PB1D11:Alu:SINE	18484	2703	3864.02	4248	90.96
VC10-Ctrl-54801785	7511510.5	MIRc:MIR:SINE	23213	2767	3835.52	3918	97.89
VC10-Ctrl-54801785	7511510.5	Lx7:L1:LINE	40190	1025	3814.64	4449	85.74
VC10-Ctrl-54801785	7511510.5	Lx9:L1:LINE	49160	963	3720.95	3832	97.10
VC10-Ctrl-54801785	7511510.5	RMER16-int:ERVK:LTR	2599	244	3708.70	3721	99.67
VC10-Ctrl-54801785	7511510.5	RMER15:ERVL:LTR	18077	1076	3598.67	3623	99.33
VC10-Ctrl-54801785	7511510.5	L1Md_F3:L1:LINE	16146	443	3571.57	4943	72.26
VC10-Ctrl-54801785	7511510.5	L1_Mus2:L1:LINE	21079	577	3454.98	4067	84.95
VC10-Ctrl-54801785	7511510.5	ORR1D1:ERVL-MaLR:LTR	21507	1320	3393.93	3566	95.17
VC10-Ctrl-54801785	7511510.5	PB1:Alu:SINE	11784	2082	3245.93	3480	93.27
VC10-Ctrl-54801785	7511510.5	L1M4:L1:LINE	13935	1250	3192.36	3499	91.24
VC10-Ctrl-54801785	7511510.5	RLTR13G:ERVK:LTR	877	22	3127.90	3484	89.78
VC10-Ctrl-54801785	7511510.5	ORR1E:ERVL-MaLR:LTR	22742	1141	3117.01	3218	96.86
VC10-Ctrl-54801785	7511510.5	L2:L2:LINE	17614	1871	3092.48	3160	97.86
VC10-Ctrl-54801785	7511510.5	URR1B:hAT-Charlie:DNA	16889	1626	3001.73	3168	94.75
VC10-Ctrl-54801785	7511510.5	L2c:L2:LINE	12298	1963	2854.23	2945	96.92
VC10-Ctrl-54801785	7511510.5	LTRIS2:ERV1:LTR	1423	223	2837.78	2881	98.50
VC10-Ctrl-54801785	7511510.5	MIR3:MIR:SINE	16085	1982	2803.19	2859	98.05
VC10-Ctrl-54801785	7511510.5	ORR1A2:ERVL-MaLR:LTR	14843	714	2681.71	2876	93.24
VC10-Ctrl-54801785	7511510.5	MERVL-int:ERVL:LTR	2600	468	2634.72	2402	109.69
VC10-Ctrl-54801785	7511510.5	L1_Mur3:L1:LINE	27399	446	2633.67	2772	95.01
VC10-Ctrl-54801785	7511510.5	MTEa:ERVL-MaLR:LTR	20061	1138	2617.61	2765	94.67
VC10-Ctrl-54801785	7511510.5	ERVB7_1-LTR_MM:ERVK:LTR	770	59	2609.28	4214	61.92
VC10-Ctrl-54801785	7511510.5	L3:CR1:LINE	9732	2000	2575.78	2594	99.30
VC10-Ctrl-54801785	7511510.5	ORR1B1:ERVL-MaLR:LTR	17313	704	2560.78	2713	94.39
VC10-Ctrl-54801785	7511510.5	URR1A:hAT-Charlie:DNA	17621	1385	2550.52	2695	94.64
VC10-Ctrl-54801785	7511510.5	MT2B:ERVL:LTR	13977	1379	2500.27	3320	75.31
VC10-Ctrl-54801785	7511510.5	Lx5:L1:LINE	16339	404	2384.81	2474	96.39
VC10-Ctrl-54801785	7511510.5	RMER6A:ERVK:LTR	3983	386	2293.00	2337	98.12
VC10-Ctrl-54801785	7511510.5	U5:snRNA:snRNA	85	642	2193.09	1752	125.18
VC10-Ctrl-54801785	7511510.5	MTE2a:ERVL-MaLR:LTR	15148	708	2138.56	2236	95.64
VC10-Ctrl-54801785	7511510.5	tRNA-Ser-TCA(m):tRNA:tRNA	4	1124	2110.09	2064	102.23
VC10-Ctrl-54801785	7511510.5	ORR1F:ERVL-MaLR:LTR	23086	890	2100.75	2185	96.14
VC10-Ctrl-54801785	7511510.5	MMERVK9C_I-int:ERVK:LTR	1807	206	1968.64	2043	96.36
VC10-Ctrl-54801785	7511510.5	L1_Mm:L1:LINE	5429	348	1934.07	3833	50.46
VC10-Ctrl-54801785	7511510.5	ORR1D2:ERVL-MaLR:LTR	15061	634	1923.49	2036	94.47
VC10-Ctrl-54801785	7511510.5	MTB:ERVL-MaLR:LTR	6419	422	1860.54	2138	87.02
VC10-Ctrl-54801785	7511510.5	MERVL_2A-int:ERVL:LTR	3899	200	1818.31	2117	85.89
VC10-Ctrl-54801785	7511510.5	Lx8b:L1:LINE	24166	491	1806.11	1874	96.38
VC10-Ctrl-54801785	7511510.5	Lx6:L1:LINE	18164	304	1782.09	1858	95.91
VC10-Ctrl-54801785	7511510.5	ORR1A2-int:ERVL-MaLR:LTR	2132	296	1776.61	1872	94.90
VC10-Ctrl-54801785	7511510.5	L2b:L2:LINE	13720	1155	1743.84	1789	97.48
VC10-Ctrl-54801785	7511510.5	L1MB7:L1:LINE	6956	679	1737.68	1805	96.27
VC10-Ctrl-54801785	7511510.5	L1M5:L1:LINE	16596	779	1704.95	1831	93.12
VC10-Ctrl-54801785	7511510.5	Lx2:L1:LINE	18521	260	1680.34	1812	92.73
VC10-Ctrl-54801785	7511510.5	L1_Mur2:L1:LINE	20769	349	1663.84	1802	92.33
VC10-Ctrl-54801785	7511510.5	L1M2:L1:LINE	18488	458	1645.41	1779	92.49
VC10-Ctrl-54801785	7511510.5	ORR1A4:ERVL-MaLR:LTR	7791	451	1598.81	1692	94.49
VC10-Ctrl-54801785	7511510.5	BC1_Mm:scRNA:scRNA	6758	880	1544.19	1640	94.16
VC10-Ctrl-54801785	7511510.5	ORR1C2:ERVL-MaLR:LTR	12473	543	1543.31	1627	94.86
VC10-Ctrl-54801785	7511510.5	MTE2b:ERVL-MaLR:LTR	14367	565	1537.00	1622	94.76
VC10-Ctrl-54801785	7511510.5	Lx5c:L1:LINE	16422	347	1516.56	1612	94.08
VC10-Ctrl-54801785	7511510.5	RMER19B:ERVK:LTR	5640	237	1495.27	1551	96.41
VC10-Ctrl-54801785	7511510.5	MT2A:ERVL:LTR	10140	485	1473.91	1564	94.24
VC10-Ctrl-54801785	7511510.5	ORR1A0-int:ERVL-MaLR:LTR	456	25	1314.05	1376	95.50
VC10-Ctrl-54801785	7511510.5	MER2:TcMar-Tigger:DNA	10246	553	1313.32	1300	101.02
VC10-Ctrl-54801785	7511510.5	ERVB4_1C-LTR_Mm:ERVK:LTR	961	12	1275.83	2295	55.59
VC10-Ctrl-54801785	7511510.5	ORR1B2:ERVL-MaLR:LTR	8528	469	1269.71	1339	94.83
VC10-Ctrl-54801785	7511510.5	RLTRETN_Mm:ERVK:LTR	1355	107	1263.80	2077	60.85
VC10-Ctrl-54801785	7511510.5	MER34B-int:ERV1:LTR	81	295	1256.80	1252	100.38
VC10-Ctrl-54801785	7511510.5	L1VL2:L1:LINE	4697	213	1254.28	1269	98.84
VC10-Ctrl-54801785	7511510.5	MTEb:ERVL-MaLR:LTR	10811	538	1244.37	1306	95.28
VC10-Ctrl-54801785	7511510.5	Lx2B2:L1:LINE	11012	140	1238.99	1310	94.58
VC10-Ctrl-54801785	7511510.5	RMER1B:Other:Other	7511	248	1208.51	1199	100.79
VC10-Ctrl-54801785	7511510.5	MER5A:hAT-Charlie:DNA	8982	848	1198.85	1242	96.53
VC10-Ctrl-54801785	7511510.5	MER20:hAT-Charlie:DNA	5994	734	1186.31	1224	96.92
VC10-Ctrl-54801785	7511510.5	MT2_Mm:ERVL:LTR	2667	428	1185.61	1140	104.00
VC10-Ctrl-54801785	7511510.5	MT2B1:ERVL:LTR	7248	321	1168.61	1214	96.26
VC10-Ctrl-54801785	7511510.5	RLTR9E:ERVK:LTR	1318	163	1159.00	1172	98.89
VC10-Ctrl-54801785	7511510.5	ID2:ID:SINE	5671	887	1152.16	1233	93.44
VC10-Ctrl-54801785	7511510.5	4.5SRNA:scRNA:scRNA	1517	216	1128.26	1181	95.53
VC10-Ctrl-54801785	7511510.5	RMER4B:ERVK:LTR	5158	377	1124.99	1171	96.07
VC10-Ctrl-54801785	7511510.5	RLTR17B_Mm:ERVK:LTR	27369	687	1120.24	1222	91.67
VC10-Ctrl-54801785	7511510.5	RLTR17:ERVK:LTR	1758	238	1120.14	1166	96.07
VC10-Ctrl-54801785	7511510.5	RMER1A:Other:Other	3854	138	1083.36	1170	92.59
VC10-Ctrl-54801785	7511510.5	ORR1A4-int:ERVL-MaLR:LTR	1326	54	1067.03	1092	97.71
VC10-Ctrl-54801785	7511510.5	RMER10A:ERVL:LTR	4464	405	1049.66	1059	99.12
VC10-Ctrl-54801785	7511510.5	ORR1C1:ERVL-MaLR:LTR	7423	273	1046.62	1110	94.29
VC10-Ctrl-54801785	7511510.5	L1_Mus4:L1:LINE	11880	194	1045.95	1165	89.78
VC10-Ctrl-54801785	7511510.5	RMER5:ERV1:LTR	7418	359	1031.75	1072	96.25
VC10-Ctrl-54801785	7511510.5	MT2B2:ERVL:LTR	3655	479	1026.58	1167	87.97
VC10-Ctrl-54801785	7511510.5	ORR1B1-int:ERVL-MaLR:LTR	2965	174	1026.32	1151	89.17
VC10-Ctrl-54801785	7511510.5	RCHARR1:hAT-Charlie:DNA	6811	267	1023.41	1117	91.62
VC10-Ctrl-54801785	7511510.5	MLT1B:ERVL-MaLR:LTR	9316	463	1020.38	1067	95.63
VC10-Ctrl-54801785	7511510.5	L1Md_Gf:L1:LINE	1080	58	1004.01	3911	25.67
VC10-Ctrl-54801785	7511510.5	ORR1A0:ERVL-MaLR:LTR	2133	136	992.39	1082	91.72
VC10-Ctrl-54801785	7511510.5	MLT1A1:ERVL-MaLR:LTR	9015	570	979.48	1073	91.28
VC10-Ctrl-54801785	7511510.5	ID:ID:SINE	8022	669	971.86	1092	89.00
VC10-Ctrl-54801785	7511510.5	L1MB8:L1:LINE	6000	333	951.62	1016	93.66
VC10-Ctrl-54801785	7511510.5	MLT1D:ERVL-MaLR:LTR	8368	412	947.07	972	97.44
VC10-Ctrl-54801785	7511510.5	L1MC4:L1:LINE	5589	416	946.08	985	96.05
VC10-Ctrl-54801785	7511510.5	L1VL4:L1:LINE	6091	128	921.64	964	95.61
VC10-Ctrl-54801785	7511510.5	L1MEg:L1:LINE	3797	690	902.22	945	95.47
VC10-Ctrl-54801785	7511510.5	MTE-int:ERVL-MaLR:LTR	4958	301	891.69	921	96.82
VC10-Ctrl-54801785	7511510.5	MYSERV6-int:ERVK:LTR	3183	91	883.36	932	94.78
VC10-Ctrl-54801785	7511510.5	Lx4A:L1:LINE	10564	211	870.79	947	91.95
VC10-Ctrl-54801785	7511510.5	L1ME1:L1:LINE	5261	272	866.82	905	95.78
VC10-Ctrl-54801785	7511510.5	RMER4A:ERVK:LTR	3287	343	865.53	903	95.85
VC10-Ctrl-54801785	7511510.5	MLTR14:ERV1:LTR	6798	354	861.24	890	96.77
VC10-Ctrl-54801785	7511510.5	L1_Rod:L1:LINE	11315	183	844.87	905	93.36
VC10-Ctrl-54801785	7511510.5	L1Md_F:L1:LINE	4016	67	841.52	1732	48.59
VC10-Ctrl-54801785	7511510.5	L1MB3:L1:LINE	5343	325	827.59	871	95.02
VC10-Ctrl-54801785	7511510.5	MTB_Mm:ERVL-MaLR:LTR	4963	273	826.14	877	94.20
VC10-Ctrl-54801785	7511510.5	RLTR25B:ERVK:LTR	3674	382	826.13	1039	79.51
VC10-Ctrl-54801785	7511510.5	MMERVK9E_I-int:ERVK:LTR	1568	40	826.02	858	96.27
VC10-Ctrl-54801785	7511510.5	Lx3_Mus:L1:LINE	12651	145	818.39	885	92.47
VC10-Ctrl-54801785	7511510.5	Lx5b:L1:LINE	7975	180	810.88	847	95.74
VC10-Ctrl-54801785	7511510.5	Lx3A:L1:LINE	9223	231	804.75	827	97.31
VC10-Ctrl-54801785	7511510.5	MLT1A0:ERVL-MaLR:LTR	10413	372	791.93	837	94.62
VC10-Ctrl-54801785	7511510.5	RLTR11A:ERVK:LTR	2655	267	784.08	823	95.27
VC10-Ctrl-54801785	7511510.5	L1MA4:L1:LINE	7467	222	766.43	836	91.68
VC10-Ctrl-54801785	7511510.5	ORR1A3:ERVL-MaLR:LTR	4381	206	765.83	839	91.28
VC10-Ctrl-54801785	7511510.5	MLT1C:ERVL-MaLR:LTR	7791	340	755.45	769	98.24
VC10-Ctrl-54801785	7511510.5	L1MEi:L1:LINE	478	186	750.01	797	94.10
VC10-Ctrl-54801785	7511510.5	MER58A:hAT-Charlie:DNA	3714	421	745.51	767	97.20
VC10-Ctrl-54801785	7511510.5	L1MB2:L1:LINE	2927	248	731.06	762	95.94
VC10-Ctrl-54801785	7511510.5	Tigger7:TcMar-Tigger:DNA	5206	301	728.91	755	96.54
VC10-Ctrl-54801785	7511510.5	Lx4B:L1:LINE	5680	98	728.01	763	95.41
VC10-Ctrl-54801785	7511510.5	MER5B:hAT-Charlie:DNA	5140	445	712.28	707	100.75
VC10-Ctrl-54801785	7511510.5	L1MC1:L1:LINE	5571	242	706.65	737	95.88
VC10-Ctrl-54801785	7511510.5	L1M3:L1:LINE	7043	252	703.43	768	91.59
VC10-Ctrl-54801785	7511510.5	MER3:hAT-Charlie:DNA	2967	477	693.78	713	97.30
VC10-Ctrl-54801785	7511510.5	L1MB5:L1:LINE	3766	232	683.11	717	95.27
VC10-Ctrl-54801785	7511510.5	RMER6C:ERVK:LTR	4887	160	682.72	747	91.39
VC10-Ctrl-54801785	7511510.5	MMERGLN-int:ERV1:LTR	856	48	681.34	689	98.89
VC10-Ctrl-54801785	7511510.5	MTC-int:ERVL-MaLR:LTR	3520	89	677.28	714	94.86
VC10-Ctrl-54801785	7511510.5	L1MD:L1:LINE	6361	303	674.38	714	94.45
VC10-Ctrl-54801785	7511510.5	BGLII:ERVK:LTR	2269	220	673.45	692	97.32
VC10-Ctrl-54801785	7511510.5	RLTR10-int:ERVK:LTR	2617	33	670.03	619	108.24
VC10-Ctrl-54801785	7511510.5	ORR1A1:ERVL-MaLR:LTR	4414	205	648.44	730	88.83
VC10-Ctrl-54801785	7511510.5	L1MEd:L1:LINE	3245	423	644.04	665	96.85
VC10-Ctrl-54801785	7511510.5	L1MC5:L1:LINE	3476	302	640.20	685	93.46
VC10-Ctrl-54801785	7511510.5	ORR1A1-int:ERVL-MaLR:LTR	859	77	639.93	712	89.88
VC10-Ctrl-54801785	7511510.5	Lx2B:L1:LINE	6191	112	633.93	675	93.92
VC10-Ctrl-54801785	7511510.5	MLT1K:ERVL-MaLR:LTR	2759	211	622.81	495	125.82
VC10-Ctrl-54801785	7511510.5	MurERV4-int:ERVK:LTR	1525	69	620.20	636	97.52
VC10-Ctrl-54801785	7511510.5	MER21B:ERVL:LTR	1618	246	619.80	631	98.22
VC10-Ctrl-54801785	7511510.5	RMER17C:ERVK:LTR	6479	242	610.35	637	95.82
VC10-Ctrl-54801785	7511510.5	HY3:scRNA:scRNA	15	367	602.00	602	100.00
VC10-Ctrl-54801785	7511510.5	Charlie1a:hAT-Charlie:DNA	2660	192	586.04	629	93.17
VC10-Ctrl-54801785	7511510.5	MLTR25A:ERVK:LTR	2168	147	580.58	666	87.17
VC10-Ctrl-54801785	7511510.5	L1MC3:L1:LINE	5288	211	569.91	597	95.46
VC10-Ctrl-54801785	7511510.5	RLTR11B:ERVK:LTR	1049	299	555.70	566	98.18
VC10-Ctrl-54801785	7511510.5	L1MA6:L1:LINE	6985	210	549.84	587	93.67
VC10-Ctrl-54801785	7511510.5	RLTR31D_MM:ERVK:LTR	8270	253	546.50	742	73.65
VC10-Ctrl-54801785	7511510.5	RLTR4_MM-int:ERV1:LTR	432	83	541.64	508	106.62
VC10-Ctrl-54801785	7511510.5	MTD-int:ERVL-MaLR:LTR	2521	59	535.45	589	90.91
VC10-Ctrl-54801785	7511510.5	Lx10:L1:LINE	10010	152	533.22	551	96.77
VC10-Ctrl-54801785	7511510.5	IAPLTR1_Mm:ERVK:LTR	1492	16	529.61	579	91.47
VC10-Ctrl-54801785	7511510.5	RLTR20A4:ERVK:LTR	11527	378	525.39	569	92.34
VC10-Ctrl-54801785	7511510.5	RMER10B:ERVL:LTR	3002	204	523.48	545	96.05
VC10-Ctrl-54801785	7511510.5	RLTR11A2:ERVK:LTR	2676	128	519.15	537	96.68
VC10-Ctrl-54801785	7511510.5	RLTR45-int:ERVK:LTR	1317	63	516.14	484	106.64
VC10-Ctrl-54801785	7511510.5	MER58B:hAT-Charlie:DNA	2843	284	514.67	520	98.98
VC10-Ctrl-54801785	7511510.5	MusHAL1:L1:LINE	3890	136	512.57	533	96.17
VC10-Ctrl-54801785	7511510.5	RLTR42-int:ERVK:LTR	2473	195	510.31	518	98.52
VC10-Ctrl-54801785	7511510.5	RLTR6-int:ERV1:LTR	1220	75	509.81	539	94.58
VC10-Ctrl-54801785	7511510.5	LTRIS_Mus:ERV1:LTR	919	109	507.36	511	99.29
VC10-Ctrl-54801785	7511510.5	MTB-int:ERVL-MaLR:LTR	592	23	493.79	589	83.84
VC10-Ctrl-54801785	7511510.5	LTR50:ERVL:LTR	549	84	491.48	367	133.92
VC10-Ctrl-54801785	7511510.5	ORR1G:ERVL-MaLR:LTR	4680	199	483.53	508	95.18
VC10-Ctrl-54801785	7511510.5	MLTR18B_MM:ERVK:LTR	468	73	480.43	484	99.26
VC10-Ctrl-54801785	7511510.5	RMER15-int:ERVL:LTR	3100	114	480.39	509	94.38
VC10-Ctrl-54801785	7511510.5	tRNA-Ala-GCY_:tRNA:tRNA	2580	369	480.03	507	94.68
VC10-Ctrl-54801785	7511510.5	L1MEc:L1:LINE	5378	210	478.86	511	93.71
VC10-Ctrl-54801785	7511510.5	L1MC4a:L1:LINE	3077	197	477.92	502	95.20
VC10-Ctrl-54801785	7511510.5	MER33:hAT-Charlie:DNA	2719	201	473.57	476	99.49
VC10-Ctrl-54801785	7511510.5	ORR1D1-int:ERVL-MaLR:LTR	1715	88	470.95	533	88.36
VC10-Ctrl-54801785	7511510.5	RLTR28:ERVL:LTR	1949	209	470.19	476	98.78
VC10-Ctrl-54801785	7511510.5	L1MC:L1:LINE	5426	186	468.77	514	91.20
VC10-Ctrl-54801785	7511510.5	Lx3C:L1:LINE	6475	75	468.29	497	94.22
VC10-Ctrl-54801785	7511510.5	L3b:CR1:LINE	2304	347	467.37	473	98.81
VC10-Ctrl-54801785	7511510.5	RMER30:hAT-Charlie:DNA	3588	290	466.52	485	96.19
VC10-Ctrl-54801785	7511510.5	HAL1:L1:LINE	3550	206	460.57	480	95.95
VC10-Ctrl-54801785	7511510.5	RLTR15:ERVK:LTR	2437	135	459.97	494	93.11
VC10-Ctrl-54801785	7511510.5	L1MA8:L1:LINE	3882	218	457.02	476	96.01
VC10-Ctrl-54801785	7511510.5	MER21C:ERVL:LTR	2261	165	454.30	471	96.45
VC10-Ctrl-54801785	7511510.5	L1MA5:L1:LINE	4952	179	453.48	492	92.17
VC10-Ctrl-54801785	7511510.5	RMER17B:ERVK:LTR	2898	92	448.11	465	96.37
VC10-Ctrl-54801785	7511510.5	RLTR40:ERVK:LTR	2651	114	447.75	459	97.55
VC10-Ctrl-54801785	7511510.5	ETnERV3-int:ERVK:LTR	560	33	447.27	447	100.06
VC10-Ctrl-54801785	7511510.5	L1MCa:L1:LINE	3565	195	442.31	460	96.15
VC10-Ctrl-54801785	7511510.5	Charlie5:hAT-Charlie:DNA	1547	355	441.79	470	94.00
VC10-Ctrl-54801785	7511510.5	L1MD2:L1:LINE	3227	178	440.85	460	95.84
VC10-Ctrl-54801785	7511510.5	L1MB4:L1:LINE	2690	212	434.47	458	94.86
VC10-Ctrl-54801785	7511510.5	U6:snRNA:snRNA	1353	168	429.16	421	101.94
VC10-Ctrl-54801785	7511510.5	L1_Mur1:L1:LINE	7793	47	425.73	571	74.56
VC10-Ctrl-54801785	7511510.5	RMER6D:ERVK:LTR	2411	138	418.96	436	96.09
VC10-Ctrl-54801785	7511510.5	RMER1C:Other:Other	6347	152	413.53	434	95.28
VC10-Ctrl-54801785	7511510.5	LFSINE_Vert:tRNA:SINE	1208	344	404.32	406	99.59
VC10-Ctrl-54801785	7511510.5	ORR1A3-int:ERVL-MaLR:LTR	2435	50	402.22	466	86.31
VC10-Ctrl-54801785	7511510.5	MYSERV16_I-int:ERVK:LTR	2516	54	400.63	423	94.71
VC10-Ctrl-54801785	7511510.5	MamGyp-int:Gypsy:LTR	28	59	398.89	380	104.97
VC10-Ctrl-54801785	7511510.5	RLTR16B_MM:ERVK:LTR	635	111	393.13	403	97.55
VC10-Ctrl-54801785	7511510.5	RLTR25A:ERVK:LTR	1781	164	388.28	436	89.06
VC10-Ctrl-54801785	7511510.5	MamSINE1:tRNA:SINE	410	285	388.00	388	100.00
VC10-Ctrl-54801785	7511510.5	RLTR13B1:ERVK:LTR	1029	53	386.77	411	94.10
VC10-Ctrl-54801785	7511510.5	L1VL1:L1:LINE	1797	51	386.05	459	84.11
VC10-Ctrl-54801785	7511510.5	Tigger1:TcMar-Tigger:DNA	1025	135	385.24	405	95.12
VC10-Ctrl-54801785	7511510.5	RLTR21:ERVK:LTR	3816	70	379.41	400	94.85
VC10-Ctrl-54801785	7511510.5	RMER19B2:ERVK:LTR	2296	76	378.06	404	93.58
VC10-Ctrl-54801785	7511510.5	RLTR12C:ERVK:LTR	319	180	376.73	377	99.93
VC10-Ctrl-54801785	7511510.5	MER58C:hAT-Charlie:DNA	436	281	375.45	381	98.54
VC10-Ctrl-54801785	7511510.5	RMER19A:ERVK:LTR	2095	104	374.89	379	98.92
VC10-Ctrl-54801785	7511510.5	MLTR11A:ERVK:LTR	2124	125	372.82	382	97.60
VC10-Ctrl-54801785	7511510.5	MER44B:TcMar-Tigger:DNA	1493	196	370.67	380	97.54
VC10-Ctrl-54801785	7511510.5	IAP1-MM_I-int:ERVK:LTR	479	104	368.86	361	102.18
VC10-Ctrl-54801785	7511510.5	MLT1E2:ERVL-MaLR:LTR	1821	126	361.04	342	105.57
VC10-Ctrl-54801785	7511510.5	RLTR20C1_MM:ERVK:LTR	5561	265	360.01	374	96.26
VC10-Ctrl-54801785	7511510.5	RMER12:ERVK:LTR	3319	108	359.30	381	94.30
VC10-Ctrl-54801785	7511510.5	MT2C_Mm:ERVL:LTR	1982	104	356.39	382	93.30
VC10-Ctrl-54801785	7511510.5	MER5A1:hAT-Charlie:DNA	3905	238	354.50	351	101.00
VC10-Ctrl-54801785	7511510.5	MLTR11B:ERVK:LTR	2985	113	352.73	364	96.90
VC10-Ctrl-54801785	7511510.5	AmnSINE1:Deu:SINE	1311	290	352.07	356	98.90
VC10-Ctrl-54801785	7511510.5	MLT1J:ERVL-MaLR:LTR	2943	179	348.39	356	97.86
VC10-Ctrl-54801785	7511510.5	RMER13B:ERVK:LTR	2134	85	347.29	353	98.38
VC10-Ctrl-54801785	7511510.5	L1ME4a:L1:LINE	1560	195	345.46	370	93.37
VC10-Ctrl-54801785	7511510.5	RLTR22_Mur:ERVK:LTR	2503	76	345.45	356	97.04
VC10-Ctrl-54801785	7511510.5	L1MC5a:L1:LINE	2588	147	333.75	355	94.02
VC10-Ctrl-54801785	7511510.5	L1MC2:L1:LINE	2252	139	327.84	358	91.58
VC10-Ctrl-54801785	7511510.5	MER68:ERVL:LTR	637	130	325.10	346	93.96
VC10-Ctrl-54801785	7511510.5	MLT1F:ERVL-MaLR:LTR	1561	177	324.56	335	96.88
VC10-Ctrl-54801785	7511510.5	L1M4b:L1:LINE	2190	126	323.89	338	95.83
VC10-Ctrl-54801785	7511510.5	RLTR49:ERVK:LTR	933	161	323.65	336	96.32
VC10-Ctrl-54801785	7511510.5	ETnERV2-int:ERVK:LTR	1805	34	322.62	354	91.14
VC10-Ctrl-54801785	7511510.5	RMER21A:ERV1:LTR	622	172	320.79	320	100.25
VC10-Ctrl-54801785	7511510.5	MuRRS4-int:ERV1:LTR	2735	53	318.21	578	55.05
VC10-Ctrl-54801785	7511510.5	RLTR13B2:ERVK:LTR	314	56	309.49	286	108.21
VC10-Ctrl-54801785	7511510.5	Tigger10:TcMar-Tigger:DNA	242	76	309.10	312	99.07
VC10-Ctrl-54801785	7511510.5	Charlie1:hAT-Charlie:DNA	977	116	308.11	331	93.09
VC10-Ctrl-54801785	7511510.5	RLTR14-int:ERV1:LTR	1816	123	307.87	315	97.74
VC10-Ctrl-54801785	7511510.5	L1MA9:L1:LINE	4587	114	307.37	323	95.16
VC10-Ctrl-54801785	7511510.5	RMER6B:ERVK:LTR	1360	79	306.83	325	94.41
VC10-Ctrl-54801785	7511510.5	RLTR18:ERVK:LTR	610	42	304.94	337	90.49
VC10-Ctrl-54801785	7511510.5	L1ME4b:L1:LINE	1818	116	304.86	330	92.38
VC10-Ctrl-54801785	7511510.5	RLTR20B1:ERVK:LTR	668	48	302.54	302	100.18
VC10-Ctrl-54801785	7511510.5	RLTR10:ERVK:LTR	2930	30	293.74	287	102.35
VC10-Ctrl-54801785	7511510.5	RMER17D:ERVK:LTR	1166	76	292.40	269	108.70
VC10-Ctrl-54801785	7511510.5	L1MA7:L1:LINE	3250	100	292.38	307	95.24
VC10-Ctrl-54801785	7511510.5	RMER12C:ERVK:LTR	4954	127	291.94	319	91.52
VC10-Ctrl-54801785	7511510.5	ORR1E-int:ERVL-MaLR:LTR	1446	35	287.25	307	93.57
VC10-Ctrl-54801785	7511510.5	L1MD3:L1:LINE	2480	126	284.92	308	92.51
VC10-Ctrl-54801785	7511510.5	HAL1ME:L1:LINE	900	132	284.48	300	94.83
VC10-Ctrl-54801785	7511510.5	L1ME3A:L1:LINE	2086	110	283.46	295	96.09
VC10-Ctrl-54801785	7511510.5	RLTR10C:ERVK:LTR	1779	66	282.19	290	97.31
VC10-Ctrl-54801785	7511510.5	MRLTR33:ERVK:LTR	624	100	280.62	281	99.86
VC10-Ctrl-54801785	7511510.5	ORR1C2-int:ERVL-MaLR:LTR	914	35	279.66	296	94.48
VC10-Ctrl-54801785	7511510.5	RMER13A2:ERVK:LTR	1473	84	275.95	286	96.49
VC10-Ctrl-54801785	7511510.5	RLTR41:ERV1:LTR	1121	68	272.65	301	90.58
VC10-Ctrl-54801785	7511510.5	MLT1A:ERVL-MaLR:LTR	4950	126	268.36	282	95.16
VC10-Ctrl-54801785	7511510.5	IAPEY4_I-int:ERVK:LTR	521	8	267.75	255	105.00
VC10-Ctrl-54801785	7511510.5	L1M4c:L1:LINE	2049	81	267.71	279	95.96
VC10-Ctrl-54801785	7511510.5	L1MD1:L1:LINE	2268	86	267.32	289	92.50
VC10-Ctrl-54801785	7511510.5	ORR1D2-int:ERVL-MaLR:LTR	1361	38	265.91	292	91.06
VC10-Ctrl-54801785	7511510.5	RLTR31B2:ERVK:LTR	1192	68	265.47	275	96.54
VC10-Ctrl-54801785	7511510.5	L1MDa:L1:LINE	3451	92	264.83	289	91.64
VC10-Ctrl-54801785	7511510.5	RLTR1B:ERV1:LTR	893	27	262.89	287	91.60
VC10-Ctrl-54801785	7511510.5	MurERV4_19-int:ERVK:LTR	969	31	262.24	300	87.41
VC10-Ctrl-54801785	7511510.5	MLT1G1:ERVL-MaLR:LTR	1080	34	261.81	272	96.25
VC10-Ctrl-54801785	7511510.5	RLTR14:ERV1:LTR	2341	101	261.25	284	91.99
VC10-Ctrl-54801785	7511510.5	RMER20B:ERVK:LTR	1949	76	260.26	268	97.11
VC10-Ctrl-54801785	7511510.5	U13:snRNA:snRNA	13	122	258.25	258	100.10
VC10-Ctrl-54801785	7511510.5	Charlie8:hAT-Charlie:DNA	728	114	257.30	262	98.21
VC10-Ctrl-54801785	7511510.5	RLTR14_RN:ERV1:LTR	1148	80	255.43	269	94.96
VC10-Ctrl-54801785	7511510.5	RLTR12B:ERVK:LTR	909	108	252.65	259	97.55
VC10-Ctrl-54801785	7511510.5	Tigger19a:TcMar-Tigger:DNA	771	203	251.40	259	97.07
VC10-Ctrl-54801785	7511510.5	MERV1_I-int:ERV1:LTR	1365	58	249.86	260	96.10
VC10-Ctrl-54801785	7511510.5	RMER3D-int:ERVK:LTR	2711	36	247.46	261	94.81
VC10-Ctrl-54801785	7511510.5	RMER20A:ERVK:LTR	1559	50	246.49	280	88.03
VC10-Ctrl-54801785	7511510.5	L1MEf:L1:LINE	3127	114	244.62	265	92.31
VC10-Ctrl-54801785	7511510.5	RLTR13E:ERVK:LTR	603	32	240.43	298	80.68
VC10-Ctrl-54801785	7511510.5	L1ME2:L1:LINE	2633	112	240.11	258	93.06
VC10-Ctrl-54801785	7511510.5	HY1:scRNA:scRNA	38	101	239.00	239	100.00
VC10-Ctrl-54801785	7511510.5	RMER17A2:ERVK:LTR	2598	35	238.46	260	91.72
VC10-Ctrl-54801785	7511510.5	RMER19C:ERVK:LTR	2729	40	238.27	248	96.08
VC10-Ctrl-54801785	7511510.5	RLTR13A2:ERVK:LTR	151	8	236.26	245	96.43
VC10-Ctrl-54801785	7511510.5	RLTR23:ERV1:LTR	1524	75	235.29	245	96.04
VC10-Ctrl-54801785	7511510.5	RLTR9D:ERVK:LTR	803	50	231.51	272	85.11
VC10-Ctrl-54801785	7511510.5	MLT1H:ERVL-MaLR:LTR	2322	96	230.83	249	92.70
VC10-Ctrl-54801785	7511510.5	RLTR33:ERVK:LTR	1336	27	228.27	242	94.32
VC10-Ctrl-54801785	7511510.5	RMER17C-int:ERVK:LTR	1940	50	223.93	232	96.52
VC10-Ctrl-54801785	7511510.5	RLTR13C2:ERVK:LTR	844	32	222.89	234	95.25
VC10-Ctrl-54801785	7511510.5	L1MA4A:L1:LINE	2709	63	222.66	245	90.88
VC10-Ctrl-54801785	7511510.5	MLT1F2:ERVL-MaLR:LTR	2297	100	220.90	227	97.31
VC10-Ctrl-54801785	7511510.5	MLT1M:ERVL-MaLR:LTR	212	154	220.60	223	98.92
VC10-Ctrl-54801785	7511510.5	RodERV21-int:ERV1:LTR	1856	29	219.00	224	97.77
VC10-Ctrl-54801785	7511510.5	L1MB1:L1:LINE	2524	66	218.68	235	93.05
VC10-Ctrl-54801785	7511510.5	MURVY-LTR:ERV1:LTR	1910	72	217.26	219	99.21
VC10-Ctrl-54801785	7511510.5	RLTR18B:ERVK:LTR	989	46	211.82	220	96.28
VC10-Ctrl-54801785	7511510.5	ORR1D-int:ERVL-MaLR:LTR	878	44	211.59	220	96.18
VC10-Ctrl-54801785	7511510.5	Tigger5:TcMar-Tigger:DNA	1975	105	210.37	239	88.02
VC10-Ctrl-54801785	7511510.5	RLTR12BD_Mm:ERVK:LTR	883	80	209.51	212	98.82
VC10-Ctrl-54801785	7511510.5	U8:snRNA:snRNA	5	49	208.00	208	100.00
VC10-Ctrl-54801785	7511510.5	MYSERV-int:ERVK:LTR	1435	33	207.73	220	94.42
VC10-Ctrl-54801785	7511510.5	RLTR13D3A1:ERVK:LTR	613	37	206.71	220	93.96
VC10-Ctrl-54801785	7511510.5	RLTR44-int:ERVK:LTR	653	29	205.19	209	98.17
VC10-Ctrl-54801785	7511510.5	RLTR16:ERVK:LTR	1350	62	202.17	210	96.27
VC10-Ctrl-54801785	7511510.5	L1ME3:L1:LINE	1527	63	201.59	211	95.54
VC10-Ctrl-54801785	7511510.5	RMER13A1:ERVK:LTR	1082	34	199.94	209	95.67
VC10-Ctrl-54801785	7511510.5	Charlie2b:hAT-Charlie:DNA	884	89	199.03	203	98.04
VC10-Ctrl-54801785	7511510.5	RMER17A:ERVK:LTR	1819	43	197.82	204	96.97
VC10-Ctrl-54801785	7511510.5	RLTR12E:ERVK:LTR	615	80	197.44	204	96.78
VC10-Ctrl-54801785	7511510.5	MERV1_LTR:ERV1:LTR	615	128	196.99	203	97.04
VC10-Ctrl-54801785	7511510.5	Charlie6:hAT-Charlie:DNA	148	59	196.00	196	100.00
VC10-Ctrl-54801785	7511510.5	Tigger5b:TcMar-Tigger:DNA	2473	92	192.86	201	95.95
VC10-Ctrl-54801785	7511510.5	MTEa-int:ERVL-MaLR:LTR	1368	20	192.21	210	91.53
VC10-Ctrl-54801785	7511510.5	L1ME3Cz:L1:LINE	1051	97	188.91	201	93.98
VC10-Ctrl-54801785	7511510.5	L1MA5A:L1:LINE	1231	48	187.65	192	97.73
VC10-Ctrl-54801785	7511510.5	Charlie1b:hAT-Charlie:DNA	952	81	185.73	200	92.87
VC10-Ctrl-54801785	7511510.5	RLTR12D:ERVK:LTR	647	87	184.91	198	93.39
VC10-Ctrl-54801785	7511510.5	MARNA:TcMar-Mariner:DNA	562	123	184.50	188	98.14
VC10-Ctrl-54801785	7511510.5	IAP-d-int:ERVK:LTR	1323	5	184.49	188	98.13
VC10-Ctrl-54801785	7511510.5	RLTR22_Mus:ERVK:LTR	1191	50	184.06	206	89.35
VC10-Ctrl-54801785	7511510.5	Cheshire:hAT-Charlie:DNA	1091	73	183.30	190	96.47
VC10-Ctrl-54801785	7511510.5	RLTR45:ERVK:LTR	1557	25	182.75	184	99.32
VC10-Ctrl-54801785	7511510.5	MER20B:hAT-Charlie:DNA	831	94	179.70	194	92.63
VC10-Ctrl-54801785	7511510.5	Tigger15a:TcMar-Tigger:DNA	704	94	178.43	183	97.50
VC10-Ctrl-54801785	7511510.5	MER34A1:ERV1:LTR	541	55	177.81	178	99.90
VC10-Ctrl-54801785	7511510.5	MLT1F1:ERVL-MaLR:LTR	1608	79	176.42	185	95.36
VC10-Ctrl-54801785	7511510.5	Tigger17a:TcMar-Tigger:DNA	908	62	175.57	192	91.44
VC10-Ctrl-54801785	7511510.5	RLTR20C2_MM:ERVK:LTR	3620	74	174.62	190	91.91
VC10-Ctrl-54801785	7511510.5	RLTR13C3:ERVK:LTR	538	84	172.70	192	89.95
VC10-Ctrl-54801785	7511510.5	IAPLTR2_Mm:ERVK:LTR	1388	19	172.44	207	83.30
VC10-Ctrl-54801785	7511510.5	MLT1J2:ERVL-MaLR:LTR	1110	118	171.01	172	99.42
VC10-Ctrl-54801785	7511510.5	U14:snRNA:snRNA	4	98	171.00	171	100.00
VC10-Ctrl-54801785	7511510.5	RMER2:ERV1:LTR	2358	54	169.10	178	95.00
VC10-Ctrl-54801785	7511510.5	RMER17B2:ERVK:LTR	898	28	168.01	172	97.68
VC10-Ctrl-54801785	7511510.5	LTR10_RN:ERVK:LTR	546	59	167.70	173	96.94
VC10-Ctrl-54801785	7511510.5	LTR72_RN:ERV1:LTR	1000	69	166.70	180	92.61
VC10-Ctrl-54801785	7511510.5	RLTR24:ERV1:LTR	1240	48	166.10	185	89.79
VC10-Ctrl-54801785	7511510.5	MER31B:ERV1:LTR	558	69	163.49	172	95.05
VC10-Ctrl-54801785	7511510.5	Charlie24:hAT-Charlie:DNA	374	60	161.77	166	97.45
VC10-Ctrl-54801785	7511510.5	X7B_LINE:CR1:LINE	162	38	160.99	121	133.05
VC10-Ctrl-54801785	7511510.5	AmnSINE2:Deu:SINE	391	131	160.50	161	99.69
VC10-Ctrl-54801785	7511510.5	RLTR26_Mus:ERVK:LTR	1091	49	160.09	158	101.32
VC10-Ctrl-54801785	7511510.5	L1ME2z:L1:LINE	1533	78	159.33	166	95.98
VC10-Ctrl-54801785	7511510.5	BGLII_B:ERVK:LTR	960	32	157.96	163	96.91
VC10-Ctrl-54801785	7511510.5	LTR78B:ERV1:LTR	405	128	157.82	160	98.64
VC10-Ctrl-54801785	7511510.5	MMERVK10D3_I-int:ERVK:LTR	458	8	156.89	169	92.84
VC10-Ctrl-54801785	7511510.5	RLTR17D_Mm:ERVK:LTR	1225	22	156.84	167	93.92
VC10-Ctrl-54801785	7511510.5	tRNA-Ala-GCA:tRNA:tRNA	749	119	155.82	173	90.07
VC10-Ctrl-54801785	7511510.5	RLTR9A:ERVK:LTR	648	35	155.78	161	96.76
VC10-Ctrl-54801785	7511510.5	MLT1L:ERVL-MaLR:LTR	1535	97	155.50	156	99.68
VC10-Ctrl-54801785	7511510.5	MLT-int:ERVL-MaLR:LTR	846	59	154.62	164	94.28
VC10-Ctrl-54801785	7511510.5	MER2B:TcMar-Tigger:DNA	1093	91	154.14	170	90.67
VC10-Ctrl-54801785	7511510.5	RLTR16C_MM:ERVK:LTR	360	21	153.93	156	98.67
VC10-Ctrl-54801785	7511510.5	RLTR13D6:ERVK:LTR	805	21	153.54	160	95.96
VC10-Ctrl-54801785	7511510.5	RLTR20D:ERVK:LTR	777	17	152.60	133	114.74
VC10-Ctrl-54801785	7511510.5	MER46C:TcMar-Tigger:DNA	788	89	151.33	156	97.01
VC10-Ctrl-54801785	7511510.5	RLTR19:ERVK:LTR	944	32	151.28	157	96.35
VC10-Ctrl-54801785	7511510.5	MER53:hAT:DNA	1693	96	149.48	153	97.70
VC10-Ctrl-54801785	7511510.5	RLTR41C:ERV1:LTR	157	93	148.84	152	97.92
VC10-Ctrl-54801785	7511510.5	RLTR20B3A_MM:ERVK:LTR	843	63	147.71	151	97.82
VC10-Ctrl-54801785	7511510.5	RLTR51A_Mm:ERVK?:LTR	3523	82	146.66	164	89.43
VC10-Ctrl-54801785	7511510.5	RLTR10A:ERVK:LTR	800	64	146.43	169	86.65
VC10-Ctrl-54801785	7511510.5	RLTR1A2_MM:ERV1:LTR	406	15	146.13	143	102.19
VC10-Ctrl-54801785	7511510.5	RMER20C_Mm:ERVK:LTR	1595	43	144.81	155	93.42
VC10-Ctrl-54801785	7511510.5	RLTR10F:ERVK:LTR	482	22	142.71	146	97.75
VC10-Ctrl-54801785	7511510.5	ERVB4_1B-LTR_MM:ERVK:LTR	648	91	141.99	144	98.60
VC10-Ctrl-54801785	7511510.5	RMER17C2:ERVK:LTR	3413	67	140.89	161	87.51
VC10-Ctrl-54801785	7511510.5	ORR1B2-int:ERVL-MaLR:LTR	857	17	140.61	150	93.74
VC10-Ctrl-54801785	7511510.5	MLT2D:ERVL:LTR	1567	70	138.95	143	97.17
VC10-Ctrl-54801785	7511510.5	RLTR30D2_MM:ERV1:LTR	741	20	138.67	146	94.98
VC10-Ctrl-54801785	7511510.5	tRNA-Glu-GAA:tRNA:tRNA	9	3	138.00	137	100.73
VC10-Ctrl-54801785	7511510.5	IAPEY3-int:ERVK:LTR	2345	5	137.39	148	92.83
VC10-Ctrl-54801785	7511510.5	RLTR4_Mm:ERV1:LTR	239	9	137.31	132	104.02
VC10-Ctrl-54801785	7511510.5	RLTR11C_MM:ERVK:LTR	858	41	134.75	142	94.90
VC10-Ctrl-54801785	7511510.5	L4_A_Mam:RTE-X:LINE	630	109	133.83	139	96.28
VC10-Ctrl-54801785	7511510.5	MMAR1:TcMar-Mariner:DNA	309	39	131.77	137	96.18
VC10-Ctrl-54801785	7511510.5	RMER6BA:ERVK:LTR	957	51	131.70	168	78.40
VC10-Ctrl-54801785	7511510.5	L1ME3B:L1:LINE	735	60	131.61	139	94.68
VC10-Ctrl-54801785	7511510.5	MMERGLN_LTR:ERV1:LTR	435	24	128.09	138	92.82
VC10-Ctrl-54801785	7511510.5	L1M2b:L1:LINE	16	103	128.00	128	100.00
VC10-Ctrl-54801785	7511510.5	L1M3e:L1:LINE	652	47	127.57	130	98.13
VC10-Ctrl-54801785	7511510.5	RMER12B:ERVK:LTR	1011	22	126.73	131	96.74
VC10-Ctrl-54801785	7511510.5	MLT1G3:ERVL-MaLR:LTR	1075	61	126.40	132	95.76
VC10-Ctrl-54801785	7511510.5	RMER13A:ERVK:LTR	1010	29	126.29	132	95.68
VC10-Ctrl-54801785	7511510.5	LTR82A:ERVL:LTR	341	57	125.51	130	96.55
VC10-Ctrl-54801785	7511510.5	ERVB4_1B-I_MM-int:ERVK:LTR	1368	6	125.48	152	82.55
VC10-Ctrl-54801785	7511510.5	RLTR31C_MM:ERVK:LTR	726	35	125.31	147	85.24
VC10-Ctrl-54801785	7511510.5	Tigger6a:TcMar-Tigger:DNA	369	46	125.00	127	98.43
VC10-Ctrl-54801785	7511510.5	MER31A:ERV1:LTR	707	39	124.99	136	91.91
VC10-Ctrl-54801785	7511510.5	MER103C:hAT-Charlie:DNA	1072	86	124.50	126	98.81
VC10-Ctrl-54801785	7511510.5	MERVK26-int:ERVK:LTR	1001	20	123.93	128	96.82
VC10-Ctrl-54801785	7511510.5	ERVB2_1A-I_MM-int:ERVK:LTR	289	22	123.87	139	89.11
VC10-Ctrl-54801785	7511510.5	L1ME3G:L1:LINE	1161	74	123.68	131	94.41
VC10-Ctrl-54801785	7511510.5	MTE2b-int:ERVL-MaLR:LTR	729	8	123.53	133	92.88
VC10-Ctrl-54801785	7511510.5	Charlie4a:hAT-Charlie:DNA	1121	60	120.64	129	93.52
VC10-Ctrl-54801785	7511510.5	RLTR26C_MM:ERVK:LTR	454	64	119.03	123	96.77
VC10-Ctrl-54801785	7511510.5	IAPLTR2a2_Mm:ERVK:LTR	1541	23	118.99	127	93.69
VC10-Ctrl-54801785	7511510.5	RLTR48A:ERV1:LTR	635	15	118.79	125	95.03
VC10-Ctrl-54801785	7511510.5	MLTR13:ERVK:LTR	205	16	116.91	117	99.93
VC10-Ctrl-54801785	7511510.5	MURVY-int:ERV1:LTR	544	2	116.56	103	113.16
VC10-Ctrl-54801785	7511510.5	MLTR73:ERV1:LTR	956	71	115.27	119	96.86
VC10-Ctrl-54801785	7511510.5	RMER16C:ERVK:LTR	190	31	115.00	116	99.14
VC10-Ctrl-54801785	7511510.5	ORR1C1-int:ERVL-MaLR:LTR	783	15	114.53	119	96.24
VC10-Ctrl-54801785	7511510.5	MLT2B5:ERVL:LTR	442	79	114.50	116	98.71
VC10-Ctrl-54801785	7511510.5	RLTR13A3:ERVK:LTR	243	16	114.01	118	96.62
VC10-Ctrl-54801785	7511510.5	RLTR34B_MM:ERVK:LTR	527	22	112.74	119	94.74
VC10-Ctrl-54801785	7511510.5	MER102b:hAT-Charlie:DNA	507	62	112.59	122	92.29
VC10-Ctrl-54801785	7511510.5	MER117:hAT-Charlie:DNA	745	83	112.00	115	97.39
VC10-Ctrl-54801785	7511510.5	tRNA-His-CAY_:tRNA:tRNA	16	26	112.00	112	100.00
VC10-Ctrl-54801785	7511510.5	MLT1E1A:ERVL-MaLR:LTR	1154	48	111.78	113	98.92
VC10-Ctrl-54801785	7511510.5	MLTR31F_MM:ERVK:LTR	403	55	111.39	115	96.86
VC10-Ctrl-54801785	7511510.5	MTE2a-int:ERVL-MaLR:LTR	795	29	111.19	131	84.88
VC10-Ctrl-54801785	7511510.5	IAPLTR1a_Mm:ERVK:LTR	1786	9	110.52	186	59.42
VC10-Ctrl-54801785	7511510.5	MamTip2:hAT-Tip100:DNA	892	91	110.50	113	97.79
VC10-Ctrl-54801785	7511510.5	RLTR53_Mm:ERVK:LTR	481	42	109.38	114	95.95
VC10-Ctrl-54801785	7511510.5	RLTR44C:ERVK:LTR	198	25	109.36	120	91.14
VC10-Ctrl-54801785	7511510.5	L1MEb:L1:LINE	352	26	108.98	110	99.07
VC10-Ctrl-54801785	7511510.5	L1ME4c:L1:LINE	968	85	108.93	112	97.26
VC10-Ctrl-54801785	7511510.5	MER112:hAT-Charlie:DNA	358	65	107.50	110	97.73
VC10-Ctrl-54801785	7511510.5	MER89:ERV1:LTR	614	11	105.32	106	99.36
VC10-Ctrl-54801785	7511510.5	MLTR18D_MM:ERVK:LTR	620	24	105.14	107	98.26
VC10-Ctrl-54801785	7511510.5	Charlie15a:hAT-Charlie:DNA	217	51	105.00	105	100.00
VC10-Ctrl-54801785	7511510.5	Lx2A1:L1:LINE	2739	32	104.94	120	87.45
VC10-Ctrl-54801785	7511510.5	RMER21B:ERV1:LTR	1252	46	104.73	113	92.68
VC10-Ctrl-54801785	7511510.5	MLT2B4:ERVL:LTR	1871	42	104.50	106	98.59
VC10-Ctrl-54801785	7511510.5	Tigger17c:TcMar-Tigger:DNA	649	41	104.18	109	95.58
VC10-Ctrl-54801785	7511510.5	IAPEY_LTR:ERVK:LTR	1410	63	102.83	113	91.00
VC10-Ctrl-54801785	7511510.5	RLTR12A:ERVK:LTR	829	22	102.07	109	93.64
VC10-Ctrl-54801785	7511510.5	MT-int:ERVL-MaLR:LTR	438	11	101.69	341	29.82
VC10-Ctrl-54801785	7511510.5	ERVL-B4-int:ERVL:LTR	1384	27	101.26	118	85.82
VC10-Ctrl-54801785	7511510.5	MTB_Mm-int:ERVL-MaLR:LTR	379	4	101.03	105	96.22
VC10-Ctrl-54801785	7511510.5	MLT2B2:ERVL:LTR	1351	45	100.56	102	98.59
VC10-Ctrl-54801785	7511510.5	RLTR20B5_MM:ERVK:LTR	868	24	99.61	102	97.66
VC10-Ctrl-54801785	7511510.5	MLTR18A_MM:ERVK:LTR	299	21	98.16	101	97.19
VC10-Ctrl-54801785	7511510.5	MLT1I:ERVL-MaLR:LTR	1777	52	97.48	98	99.47
VC10-Ctrl-54801785	7511510.5	Tigger12:TcMar-Tigger:DNA	155	72	97.27	98	99.26
VC10-Ctrl-54801785	7511510.5	MamRep605:LTR?:LTR?	629	56	96.99	96	101.03
VC10-Ctrl-54801785	7511510.5	RLTR13D5:ERVK:LTR	745	32	96.77	102	94.87
VC10-Ctrl-54801785	7511510.5	MTEb-int:ERVL-MaLR:LTR	635	13	96.22	101	95.27
VC10-Ctrl-54801785	7511510.5	BGLII_Mur:ERVK:LTR	611	23	96.03	106	90.60
VC10-Ctrl-54801785	7511510.5	RLTR27:ERVK:LTR	1621	39	95.54	110	86.85
VC10-Ctrl-54801785	7511510.5	ERVB7_2-LTR_MM:ERVK:LTR	425	55	95.16	99	96.12
VC10-Ctrl-54801785	7511510.5	BGLII_B2:ERVK:LTR	359	31	93.62	97	96.51
VC10-Ctrl-54801785	7511510.5	MER74A:ERVL:LTR	731	63	93.55	97	96.45
VC10-Ctrl-54801785	7511510.5	ERVB3_1-I_MM-int:ERVK:LTR	134	18	92.41	95	97.27
VC10-Ctrl-54801785	7511510.5	Charlie12:hAT-Charlie:DNA	902	39	91.86	100	91.86
VC10-Ctrl-54801785	7511510.5	RLTR18-int:ERVK:LTR	506	23	91.64	98	93.51
VC10-Ctrl-54801785	7511510.5	RLTR20A3_MM:ERVK:LTR	880	21	91.18	98	93.04
VC10-Ctrl-54801785	7511510.5	RLTR30E_MM:ERV1:LTR	320	26	90.50	98	92.35
VC10-Ctrl-54801785	7511510.5	MER77B:ERVL:LTR	505	38	90.42	92	98.28
VC10-Ctrl-54801785	7511510.5	Charlie18a:hAT-Charlie:DNA	242	50	90.00	90	100.00
VC10-Ctrl-54801785	7511510.5	RLTR13C1:ERVK:LTR	309	11	89.98	97	92.76
VC10-Ctrl-54801785	7511510.5	MLT2F:ERVL:LTR	574	48	89.61	91	98.47
VC10-Ctrl-54801785	7511510.5	MLT1E3:ERVL-MaLR:LTR	1020	37	89.25	91	98.07
VC10-Ctrl-54801785	7511510.5	IAPLTR2b:ERVK:LTR	1017	17	88.69	134	66.18
VC10-Ctrl-54801785	7511510.5	RLTR13A:ERVK:LTR	211	34	88.47	117	75.61
VC10-Ctrl-54801785	7511510.5	RLTR1C:ERV1:LTR	697	7	88.45	87	101.67
VC10-Ctrl-54801785	7511510.5	ERVL-E-int:ERVL:LTR	1044	34	88.00	90	97.78
VC10-Ctrl-54801785	7511510.5	LTR33:ERVL:LTR	1466	49	87.87	89	98.73
VC10-Ctrl-54801785	7511510.5	RLTR11D:ERVK:LTR	529	31	87.21	90	96.90
VC10-Ctrl-54801785	7511510.5	MER92B:ERV1:LTR	238	56	86.57	89	97.27
VC10-Ctrl-54801785	7511510.5	5S:rRNA:rRNA	1038	65	86.08	94	91.57
VC10-Ctrl-54801785	7511510.5	RLTR6_Mm:ERV1:LTR	237	6	85.88	83	103.47
VC10-Ctrl-54801785	7511510.5	RLTR10E:ERVK:LTR	227	15	85.50	81	105.56
VC10-Ctrl-54801785	7511510.5	RLTR24B_MM:ERV1:LTR	1018	32	84.85	91	93.25
VC10-Ctrl-54801785	7511510.5	IAPLTR2a:ERVK:LTR	627	12	83.98	102	82.33
VC10-Ctrl-54801785	7511510.5	MLTR18_MM:ERVK:LTR	427	20	83.81	86	97.45
VC10-Ctrl-54801785	7511510.5	RLTR30D_RN:ERV1:LTR	64	20	83.49	91	91.75
VC10-Ctrl-54801785	7511510.5	Charlie4z:hAT-Charlie:DNA	431	58	83.34	86	96.90
VC10-Ctrl-54801785	7511510.5	LTR16A:ERVL:LTR	1472	47	83.00	84	98.81
VC10-Ctrl-54801785	7511510.5	MER113:hAT-Charlie:DNA	643	48	82.89	87	95.27
VC10-Ctrl-54801785	7511510.5	MLT2B3:ERVL:LTR	1483	37	82.45	94	87.71
VC10-Ctrl-54801785	7511510.5	MLTR12:ERV1:LTR	477	29	82.39	87	94.70
VC10-Ctrl-54801785	7511510.5	MuLV-int:ERV1:LTR	392	50	82.03	109	75.26
VC10-Ctrl-54801785	7511510.5	RLTR20B2:ERVK:LTR	880	24	81.50	84	97.02
VC10-Ctrl-54801785	7511510.5	RLTR13D2:ERVK:LTR	270	18	81.33	83	97.99
VC10-Ctrl-54801785	7511510.5	MER102a:hAT-Charlie:DNA	386	48	80.72	84	96.09
VC10-Ctrl-54801785	7511510.5	RLTR13B3:ERVK:LTR	265	9	80.27	86	93.33
VC10-Ctrl-54801785	7511510.5	HAL1M8:L1:LINE	710	28	80.19	85	94.34
VC10-Ctrl-54801785	7511510.5	BGLII_Mus:ERVK:LTR	615	27	80.01	82	97.57
VC10-Ctrl-54801785	7511510.5	IAPEy-int:ERVK:LTR	755	0	77.47	69	112.27
VC10-Ctrl-54801785	7511510.5	MER77:ERVL:LTR	570	35	77.24	76	101.63
VC10-Ctrl-54801785	7511510.5	Kanga1:TcMar-Tc2:DNA	321	21	77.00	78	98.72
VC10-Ctrl-54801785	7511510.5	L1ME3D:L1:LINE	323	30	76.27	74	103.07
VC10-Ctrl-54801785	7511510.5	HERVL40-int:ERVL:LTR	204	36	75.33	88	85.61
VC10-Ctrl-54801785	7511510.5	ERVB7_2B-LTR_MM:ERVK:LTR	710	19	75.08	78	96.25
VC10-Ctrl-54801785	7511510.5	MER57D:ERV1:LTR	300	34	75.00	76	98.68
VC10-Ctrl-54801785	7511510.5	X9_LINE:L1?:LINE	52	72	75.00	75	100.00
VC10-Ctrl-54801785	7511510.5	MLT2B1:ERVL:LTR	1637	27	74.36	79	94.13
VC10-Ctrl-54801785	7511510.5	tRNA-Tyr-TAC:tRNA:tRNA	20	54	73.97	74	99.97
VC10-Ctrl-54801785	7511510.5	MLTR18C_MM:ERVK:LTR	468	19	73.90	77	95.97
VC10-Ctrl-54801785	7511510.5	RMER17D2:ERVK:LTR	1783	19	73.70	78	94.49
VC10-Ctrl-54801785	7511510.5	RLTR6B_Mm:ERV1:LTR	646	7	73.19	83	88.19
VC10-Ctrl-54801785	7511510.5	RLTR13D3:ERVK:LTR	339	13	73.08	76	96.15
VC10-Ctrl-54801785	7511510.5	MLT1H-int:ERVL-MaLR:LTR	379	61	73.00	73	100.00
VC10-Ctrl-54801785	7511510.5	CR1_Mam:CR1:LINE	257	41	72.71	75	96.95
VC10-Ctrl-54801785	7511510.5	MLT1H2:ERVL-MaLR:LTR	1034	35	71.68	76	94.31
VC10-Ctrl-54801785	7511510.5	RLTR20A:ERVK:LTR	361	33	71.45	74	96.55
VC10-Ctrl-54801785	7511510.5	Tigger9b:TcMar-Tigger:DNA	360	25	71.17	78	91.25
VC10-Ctrl-54801785	7511510.5	LTRIS3:ERV1:LTR	165	11	70.85	116	61.08
VC10-Ctrl-54801785	7511510.5	RMER16:ERVK:LTR	471	15	70.80	77	91.95
VC10-Ctrl-54801785	7511510.5	RLTR26D_MM:ERVK:LTR	247	21	70.60	73	96.71
VC10-Ctrl-54801785	7511510.5	RLTR19C:ERVK:LTR	248	22	70.47	76	92.72
VC10-Ctrl-54801785	7511510.5	Tigger17:TcMar-Tigger:DNA	315	30	69.72	75	92.96
VC10-Ctrl-54801785	7511510.5	MER44C:TcMar-Tigger:DNA	185	18	68.84	74	93.03
VC10-Ctrl-54801785	7511510.5	RNERVK23-int:ERVK:LTR	45	23	68.64	71	96.68
VC10-Ctrl-54801785	7511510.5	MER47B:TcMar-Tigger:DNA	509	29	68.14	70	97.34
VC10-Ctrl-54801785	7511510.5	RLTR20B3:ERVK:LTR	974	13	68.00	70	97.14
VC10-Ctrl-54801785	7511510.5	Tigger16a:TcMar-Tigger:DNA	290	36	68.00	68	100.00
VC10-Ctrl-54801785	7511510.5	MLTR31FA_MM:ERVK:LTR	525	14	67.57	70	96.53
VC10-Ctrl-54801785	7511510.5	IAPEY2_LTR:ERVK:LTR	1062	18	67.55	75	90.06
VC10-Ctrl-54801785	7511510.5	RMER16B2:ERVK:LTR	329	11	67.03	75	89.37
VC10-Ctrl-54801785	7511510.5	MLTR25C:ERVK:LTR	504	23	66.50	67	99.25
VC10-Ctrl-54801785	7511510.5	IAPLTR3-int:ERVK:LTR	1773	4	66.44	77	86.28
VC10-Ctrl-54801785	7511510.5	MER44D:TcMar-Tigger:DNA	940	35	65.35	72	90.77
VC10-Ctrl-54801785	7511510.5	Charlie16a:hAT-Charlie:DNA	197	33	65.00	66	98.48
VC10-Ctrl-54801785	7511510.5	RLTR28B:ERVL:LTR	428	24	65.00	66	98.48
VC10-Ctrl-54801785	7511510.5	LTR40b:ERVL:LTR	577	20	64.94	68	95.51
VC10-Ctrl-54801785	7511510.5	LTRIS4A:ERV1:LTR	228	6	64.86	61	106.33
VC10-Ctrl-54801785	7511510.5	HAL1b:L1:LINE	763	29	64.80	68	95.29
VC10-Ctrl-54801785	7511510.5	MER119:hAT-Charlie:DNA	404	25	64.50	67	96.27
VC10-Ctrl-54801785	7511510.5	MLT1G:ERVL-MaLR:LTR	896	30	64.30	68	94.56
VC10-Ctrl-54801785	7511510.5	LTR41:ERVL:LTR	506	41	64.14	65	98.67
VC10-Ctrl-54801785	7511510.5	LTR45:ERV1:LTR	31	12	63.39	77	82.33
VC10-Ctrl-54801785	7511510.5	LTR101_Mam:ERVL:LTR	157	43	63.13	66	95.65
VC10-Ctrl-54801785	7511510.5	Zaphod2:hAT-Tip100:DNA	169	18	63.00	63	100.00
VC10-Ctrl-54801785	7511510.5	LTRIS_Mm:ERV1:LTR	555	3	62.42	60	104.03
VC10-Ctrl-54801785	7511510.5	ERVB7_3-LTR_MM:ERVK:LTR	319	19	62.37	69	90.39
VC10-Ctrl-54801785	7511510.5	MER68B:ERVL:LTR	237	26	62.28	63	98.86
VC10-Ctrl-54801785	7511510.5	RLTR1D:ERV1:LTR	305	12	62.21	61	101.98
VC10-Ctrl-54801785	7511510.5	RMER16_Mm:ERVK:LTR	435	15	62.07	66	94.05
VC10-Ctrl-54801785	7511510.5	MuRRS-int:ERV1:LTR	996	3	61.61	66	93.34
VC10-Ctrl-54801785	7511510.5	RLTR9A3:ERVK:LTR	774	20	61.03	71	85.96
VC10-Ctrl-54801785	7511510.5	Tigger13a:TcMar-Tigger:DNA	645	28	60.85	66	92.20
VC10-Ctrl-54801785	7511510.5	MER44A:TcMar-Tigger:DNA	661	36	60.50	62	97.58
VC10-Ctrl-54801785	7511510.5	LTR40a:ERVL:LTR	709	23	60.00	62	96.77
VC10-Ctrl-54801785	7511510.5	L1M4a2:L1:LINE	736	23	59.72	69	86.55
VC10-Ctrl-54801785	7511510.5	MLT1J1:ERVL-MaLR:LTR	1135	33	59.72	67	89.13
VC10-Ctrl-54801785	7511510.5	MER104:TcMar-Tc2:DNA	295	44	59.50	61	97.54
VC10-Ctrl-54801785	7511510.5	LTR48:ERV1:LTR	651	46	59.29	60	98.82
VC10-Ctrl-54801785	7511510.5	RLTR34D_MM:ERVK:LTR	410	12	58.72	64	91.75
VC10-Ctrl-54801785	7511510.5	MLT1E:ERVL-MaLR:LTR	534	22	58.64	67	87.52
VC10-Ctrl-54801785	7511510.5	RLTR13D3A:ERVK:LTR	162	19	58.61	59	99.34
VC10-Ctrl-54801785	7511510.5	MLT1E1:ERVL-MaLR:LTR	576	23	58.34	59	98.89
VC10-Ctrl-54801785	7511510.5	LTR33A:ERVL:LTR	504	26	57.50	58	99.14
VC10-Ctrl-54801785	7511510.5	RMER16A2:ERVK:LTR	273	14	57.26	228	25.12
VC10-Ctrl-54801785	7511510.5	Plat_L3:CR1:LINE	579	36	56.72	59	96.14
VC10-Ctrl-54801785	7511510.5	LTR40c:ERVL:LTR	248	27	56.50	57	99.12
VC10-Ctrl-54801785	7511510.5	MLT1H1:ERVL-MaLR:LTR	1001	31	56.08	58	96.70
VC10-Ctrl-54801785	7511510.5	MLT1N2:ERVL-MaLR:LTR	692	25	56.00	57	98.25
VC10-Ctrl-54801785	7511510.5	RLTR19A:ERVK:LTR	153	21	55.99	58	96.53
VC10-Ctrl-54801785	7511510.5	RLTR34C_MM:ERVK:LTR	402	9	55.87	57	98.02
VC10-Ctrl-54801785	7511510.5	MamRep137:TcMar-Tigger:DNA	339	25	55.83	58	96.26
VC10-Ctrl-54801785	7511510.5	ORR1F-int:ERVL-MaLR:LTR	395	10	55.83	60	93.05
VC10-Ctrl-54801785	7511510.5	RLTR10D:ERVK:LTR	491	14	55.67	60	92.79
VC10-Ctrl-54801785	7511510.5	IAPLTR4:ERVK:LTR	663	5	55.14	58	95.06
VC10-Ctrl-54801785	7511510.5	Kanga2_a:TcMar-Tc2:DNA	356	30	55.00	56	98.21
VC10-Ctrl-54801785	7511510.5	Arthur1:hAT-Tip100:DNA	920	21	54.95	58	94.74
VC10-Ctrl-54801785	7511510.5	MER34:ERV1:LTR	737	31	54.82	58	94.52
VC10-Ctrl-54801785	7511510.5	MLT2C1:ERVL:LTR	872	18	54.62	56	97.53
VC10-Ctrl-54801785	7511510.5	L1ME3E:L1:LINE	327	32	54.60	56	97.50
VC10-Ctrl-54801785	7511510.5	L1MCc:L1:LINE	529	28	53.91	54	99.83
VC10-Ctrl-54801785	7511510.5	MER81:hAT-Blackjack:DNA	512	41	53.50	55	97.27
VC10-Ctrl-54801785	7511510.5	LTR88c:Gypsy?:LTR	118	30	53.31	55	96.94
VC10-Ctrl-54801785	7511510.5	MER131:SINE?:SINE?	274	37	53.04	52	102.01
VC10-Ctrl-54801785	7511510.5	RLTR31_Mur:ERVK:LTR	354	10	52.98	60	88.30
VC10-Ctrl-54801785	7511510.5	MER91A:hAT-Tip100:DNA	370	32	52.50	53	99.06
VC10-Ctrl-54801785	7511510.5	RMER6-int:ERVK:LTR	607	7	52.27	56	93.33
VC10-Ctrl-54801785	7511510.5	RLTR51B_Mm:ERVK?:LTR	662	20	52.00	57	91.23
VC10-Ctrl-54801785	7511510.5	MER63D:hAT-Blackjack:DNA	1034	31	51.78	61	84.88
VC10-Ctrl-54801785	7511510.5	MLT1F-int:ERVL-MaLR:LTR	417	19	51.50	53	97.17
VC10-Ctrl-54801785	7511510.5	L1MA10:L1:LINE	866	22	51.12	61	83.80
VC10-Ctrl-54801785	7511510.5	LTR16C:ERVL:LTR	1352	25	51.00	52	98.08
VC10-Ctrl-54801785	7511510.5	MER91B:hAT-Tip100:DNA	229	36	51.00	51	100.00
VC10-Ctrl-54801785	7511510.5	tRNA-Gln-CAG:tRNA:tRNA	25	45	50.79	50	101.57
VC10-Ctrl-54801785	7511510.5	Lx2A:L1:LINE	1364	7	50.64	144	35.16
VC10-Ctrl-54801785	7511510.5	MER34A:ERV1:LTR	694	27	50.50	52	97.12
VC10-Ctrl-54801785	7511510.5	RLTR30:ERV1:LTR	390	12	50.50	52	97.12
VC10-Ctrl-54801785	7511510.5	MER102c:hAT-Charlie:DNA	363	25	49.65	54	91.95
VC10-Ctrl-54801785	7511510.5	Tigger18a:TcMar-Tigger:DNA	240	27	49.08	51	96.23
VC10-Ctrl-54801785	7511510.5	Charlie7:hAT-Charlie:DNA	844	25	49.01	51	96.10
VC10-Ctrl-54801785	7511510.5	MER58D:hAT-Charlie:DNA	292	36	49.00	49	100.00
VC10-Ctrl-54801785	7511510.5	ERVB4_2-I_MM-int:ERVK:LTR	313	0	48.58	300	16.19
VC10-Ctrl-54801785	7511510.5	SRV_MM-int:ERVK:LTR	129	23	48.00	48	100.00
VC10-Ctrl-54801785	7511510.5	Charlie17b:hAT-Charlie:DNA	130	20	47.80	48	99.58
VC10-Ctrl-54801785	7511510.5	ERVB4_1-I_MM-int:ERVK:LTR	296	7	47.50	47	101.06
VC10-Ctrl-54801785	7511510.5	RLTR10B2:ERVK:LTR	854	13	47.42	56	84.68
VC10-Ctrl-54801785	7511510.5	Helitron3Na_Mam:Helitron:RC	191	34	47.00	47	100.00
VC10-Ctrl-54801785	7511510.5	MLT1D-int:ERVL-MaLR:LTR	176	14	47.00	55	85.46
VC10-Ctrl-54801785	7511510.5	Tigger16b:TcMar-Tigger:DNA	197	27	47.00	47	100.00
VC10-Ctrl-54801785	7511510.5	RLTR1D2_MM:ERV1:LTR	192	5	46.27	46	100.58
VC10-Ctrl-54801785	7511510.5	IAPEY4_LTR:ERVK:LTR	95	5	46.02	45	102.27
VC10-Ctrl-54801785	7511510.5	Charlie10:hAT-Charlie:DNA	371	10	46.00	47	97.87
VC10-Ctrl-54801785	7511510.5	Charlie15b:hAT-Charlie:DNA	272	26	46.00	48	95.83
VC10-Ctrl-54801785	7511510.5	L1M4a1:L1:LINE	607	19	46.00	50	92.00
VC10-Ctrl-54801785	7511510.5	MER45B:hAT-Tip100:DNA	688	19	45.94	49	93.75
VC10-Ctrl-54801785	7511510.5	L1ME3F:L1:LINE	308	17	45.50	48	94.79
VC10-Ctrl-54801785	7511510.5	RLTR19B:ERVK:LTR	224	4	45.44	46	98.79
VC10-Ctrl-54801785	7511510.5	RLTR12G:ERVK:LTR	238	8	45.43	48	94.65
VC10-Ctrl-54801785	7511510.5	MLTR31D_MM:ERVK:LTR	318	15	45.33	47	96.45
VC10-Ctrl-54801785	7511510.5	ERVB7_4-LTR_MM:ERVK:LTR	166	5	45.16	45	100.35
VC10-Ctrl-54801785	7511510.5	MLT2C2:ERVL:LTR	651	18	45.11	48	93.98
VC10-Ctrl-54801785	7511510.5	RLTR41A2:ERV1:LTR	440	9	44.79	50	89.59
VC10-Ctrl-54801785	7511510.5	RLTR13A1:ERVK:LTR	205	8	44.65	44	101.48
VC10-Ctrl-54801785	7511510.5	RLTR30B_MM:ERV1:LTR	283	10	44.10	44	100.23
VC10-Ctrl-54801785	7511510.5	MER67B:ERV1:LTR	220	22	44.08	47	93.79
VC10-Ctrl-54801785	7511510.5	LTR104_Mam:Gypsy:LTR	254	34	43.50	44	98.86
VC10-Ctrl-54801785	7511510.5	MLT1-int:ERVL-MaLR:LTR	285	23	43.05	42	102.50
VC10-Ctrl-54801785	7511510.5	tRNA-Gly-GGA:tRNA:tRNA	86	26	43.00	43	100.00
VC10-Ctrl-54801785	7511510.5	RLTR8:ERVK:LTR	241	11	42.20	45	93.78
VC10-Ctrl-54801785	7511510.5	RLTR26B_MM:ERVK:LTR	507	11	42.07	43	97.84
VC10-Ctrl-54801785	7511510.5	L4_C_Mam:RTE-X:LINE	590	27	42.00	42	100.00
VC10-Ctrl-54801785	7511510.5	LTR65:ERV1:LTR	162	21	42.00	42	100.00
VC10-Ctrl-54801785	7511510.5	LTR87:ERVL?:LTR	214	22	42.00	43	97.67
VC10-Ctrl-54801785	7511510.5	RMER16A3:ERVK:LTR	699	4	41.35	57	72.54
VC10-Ctrl-54801785	7511510.5	LTR37A:ERV1:LTR	549	21	41.00	41	100.00
VC10-Ctrl-54801785	7511510.5	MER96B:hAT-Tip100:DNA	410	18	40.61	46	88.28
VC10-Ctrl-54801785	7511510.5	L1M:L1:LINE	459	24	40.44	44	91.91
VC10-Ctrl-54801785	7511510.5	RLTR20A2:ERVK:LTR	368	9	40.34	44	91.67
VC10-Ctrl-54801785	7511510.5	RLTR31B_Mm:ERVK:LTR	349	14	40.17	42	95.63
VC10-Ctrl-54801785	7511510.5	RLTR12H:ERVK:LTR	188	13	40.16	43	93.41
VC10-Ctrl-54801785	7511510.5	LTR37-int:ERV1:LTR	239	12	40.00	40	100.00
VC10-Ctrl-54801785	7511510.5	tRNA-Leu-TTA:tRNA:tRNA	18	15	40.00	40	100.00
VC10-Ctrl-54801785	7511510.5	Ricksha_c:MULE-MuDR:DNA	405	20	39.78	45	88.40
VC10-Ctrl-54801785	7511510.5	Looper:PiggyBac:DNA	209	14	39.70	46	86.30
VC10-Ctrl-54801785	7511510.5	L1M1:L1:LINE	881	17	39.44	48	82.16
VC10-Ctrl-54801785	7511510.5	RLTR48B:ERV1:LTR	110	9	39.30	39	100.76
VC10-Ctrl-54801785	7511510.5	Chap1_Mam:hAT-Charlie:DNA	153	21	39.07	50	78.15
VC10-Ctrl-54801785	7511510.5	RLTR13B4:ERVK:LTR	412	20	38.83	42	92.46
VC10-Ctrl-54801785	7511510.5	RLTR31_Mm:ERVK:LTR	145	11	38.69	42	92.11
VC10-Ctrl-54801785	7511510.5	MER54A:ERVL:LTR	273	15	38.50	38	101.32
VC10-Ctrl-54801785	7511510.5	RLTR44A:ERVK:LTR	259	13	38.50	39	98.72
VC10-Ctrl-54801785	7511510.5	Kanga1c:TcMar-Tc2:DNA	184	26	38.41	38	101.07
VC10-Ctrl-54801785	7511510.5	RLTR44E:ERVK:LTR	122	14	38.16	39	97.85
VC10-Ctrl-54801785	7511510.5	Arthur1B:hAT-Tip100:DNA	597	24	37.00	38	97.37
VC10-Ctrl-54801785	7511510.5	MER50B:ERV1:LTR	14	32	37.00	37	100.00
VC10-Ctrl-54801785	7511510.5	ERVB5_2-LTR_MM:ERVK:LTR	520	17	36.87	38	97.04
VC10-Ctrl-54801785	7511510.5	MLTR31A_MM:ERVK:LTR	352	5	36.83	38	96.92
VC10-Ctrl-54801785	7511510.5	BGLII_A:ERVK:LTR	292	9	36.59	43	85.10
VC10-Ctrl-54801785	7511510.5	Zaphod:hAT-Tip100:DNA	728	5	36.44	47	77.53
VC10-Ctrl-54801785	7511510.5	LTR67B:ERVL:LTR	632	15	36.39	39	93.31
VC10-Ctrl-54801785	7511510.5	MLTR31C_MM:ERVK:LTR	227	6	36.12	37	97.62
VC10-Ctrl-54801785	7511510.5	L1M7:L1:LINE	207	22	36.00	36	100.00
VC10-Ctrl-54801785	7511510.5	RLTR13F:ERVK:LTR	98	11	35.76	36	99.34
VC10-Ctrl-54801785	7511510.5	RLTR20C:ERVK:LTR	263	14	35.37	37	95.60
VC10-Ctrl-54801785	7511510.5	RLTR31M:ERVK:LTR	264	6	35.29	38	92.88
VC10-Ctrl-54801785	7511510.5	MER45R:hAT-Tip100:DNA	375	22	35.00	36	97.22
VC10-Ctrl-54801785	7511510.5	RLTR20A2B_MM:ERVK:LTR	438	13	35.00	37	94.59
VC10-Ctrl-54801785	7511510.5	RLTR9F:ERVK:LTR	411	5	34.99	43	81.36
VC10-Ctrl-54801785	7511510.5	IAPEY3_LTR:ERVK:LTR	553	8	34.50	37	93.24
VC10-Ctrl-54801785	7511510.5	LTR31:ERV1:LTR	187	10	34.50	36	95.83
VC10-Ctrl-54801785	7511510.5	RLTR20B4_MM:ERVK:LTR	416	9	34.50	35	98.57
VC10-Ctrl-54801785	7511510.5	RLTR35B_MM:ERVL:LTR	492	15	34.42	36	95.62
VC10-Ctrl-54801785	7511510.5	RLTR13D1:ERVK:LTR	255	7	34.04	37	91.99
VC10-Ctrl-54801785	7511510.5	Tigger14a:TcMar-Tigger:DNA	225	28	34.00	34	100.00
VC10-Ctrl-54801785	7511510.5	L1MDb:L1:LINE	583	9	33.65	37	90.94
VC10-Ctrl-54801785	7511510.5	MER90a:ERV1:LTR	581	14	33.52	35	95.78
VC10-Ctrl-54801785	7511510.5	MER76:ERVL:LTR	247	15	33.31	36	92.52
VC10-Ctrl-54801785	7511510.5	X6B_LINE:CR1:LINE	274	28	33.08	33	100.25
VC10-Ctrl-54801785	7511510.5	MLT1O:ERVL-MaLR:LTR	538	21	33.06	34	97.22
VC10-Ctrl-54801785	7511510.5	MER106B:hAT-Charlie:DNA	242	27	33.00	33	100.00
VC10-Ctrl-54801785	7511510.5	Charlie2a:hAT-Charlie:DNA	505	12	32.50	34	95.59
VC10-Ctrl-54801785	7511510.5	RLTR12B2:ERVK:LTR	95	6	32.17	36	89.36
VC10-Ctrl-54801785	7511510.5	MER105:DNA:DNA	171	16	32.16	33	97.44
VC10-Ctrl-54801785	7511510.5	MER31-int:ERV1:LTR	149	9	32.14	35	91.83
VC10-Ctrl-54801785	7511510.5	MER99:hAT?:DNA	198	9	32.00	32	100.00
VC10-Ctrl-54801785	7511510.5	tRNA-Gln-CAA_:tRNA:tRNA	4	31	32.00	32	100.00
VC10-Ctrl-54801785	7511510.5	RLTR5_Mm:ERV1:LTR	601	12	31.62	33	95.81
VC10-Ctrl-54801785	7511510.5	tRNA-Ser-TCY:tRNA:tRNA	12	24	31.33	32	97.92
VC10-Ctrl-54801785	7511510.5	RLTR30D_MM:ERV1:LTR	268	7	30.78	34	90.53
VC10-Ctrl-54801785	7511510.5	tRNA-Gly-GGY:tRNA:tRNA	52	8	30.60	29	105.52
VC10-Ctrl-54801785	7511510.5	LTR33A_:ERVL:LTR	474	17	30.50	31	98.39
VC10-Ctrl-54801785	7511510.5	MER45A:hAT-Tip100:DNA	769	21	30.50	31	98.39
VC10-Ctrl-54801785	7511510.5	tRNA-Glu-GAG_:tRNA:tRNA	39	18	30.50	30	101.67
VC10-Ctrl-54801785	7511510.5	Tigger20a:TcMar-Tigger:DNA	188	12	30.40	33	92.11
VC10-Ctrl-54801785	7511510.5	LTR41B:ERVL:LTR	290	15	30.35	32	94.83
VC10-Ctrl-54801785	7511510.5	Tigger9a:TcMar-Tigger:DNA	200	15	30.29	33	91.78
VC10-Ctrl-54801785	7511510.5	L4_B_Mam:RTE-X:LINE	361	17	30.22	33	91.58
VC10-Ctrl-54801785	7511510.5	MMTV-int:ERVK:LTR	35	2	30.12	29	103.85
VC10-Ctrl-54801785	7511510.5	ERVL-int:ERVL:LTR	721	10	30.00	34	88.24
VC10-Ctrl-54801785	7511510.5	RMER17A-int:ERVK:LTR	409	7	30.00	31	96.77
VC10-Ctrl-54801785	7511510.5	tRNA-Asp-GAY:tRNA:tRNA	33	17	29.74	28	106.22
VC10-Ctrl-54801785	7511510.5	MER115:hAT-Tip100:DNA	521	14	29.50	30	98.33
VC10-Ctrl-54801785	7511510.5	RLTR26:ERVK:LTR	408	4	29.41	31	94.87
VC10-Ctrl-54801785	7511510.5	RLTR10D2:ERVK:LTR	225	12	29.15	32	91.09
VC10-Ctrl-54801785	7511510.5	L1M3b:L1:LINE	169	4	28.64	30	95.46
VC10-Ctrl-54801785	7511510.5	LTR79:ERVL:LTR	380	19	28.41	31	91.65
VC10-Ctrl-54801785	7511510.5	UCON29:PiggyBac?:DNA	141	16	28.40	29	97.94
VC10-Ctrl-54801785	7511510.5	Mam_R4:Dong-R4:LINE	138	16	28.00	28	100.00
VC10-Ctrl-54801785	7511510.5	RLTR9A2:ERVK:LTR	227	11	28.00	28	100.00
VC10-Ctrl-54801785	7511510.5	Tigger2b:TcMar-Tigger:DNA	176	11	28.00	29	96.55
VC10-Ctrl-54801785	7511510.5	MER63C:hAT-Blackjack:DNA	414	7	27.98	31	90.27
VC10-Ctrl-54801785	7511510.5	LTR89:ERVL?:LTR	146	11	27.69	23	120.40
VC10-Ctrl-54801785	7511510.5	L1M2c:L1:LINE	321	8	27.50	31	88.71
VC10-Ctrl-54801785	7511510.5	MamRep434:TcMar-Tigger:DNA	518	14	27.50	28	98.21
VC10-Ctrl-54801785	7511510.5	tRNA-Ser-AGY:tRNA:tRNA	15	21	27.50	27	101.85
VC10-Ctrl-54801785	7511510.5	LTRIS4:ERV1:LTR	147	1	27.18	30	90.59
VC10-Ctrl-54801785	7511510.5	IAP1-MM_LTR:ERVK:LTR	420	3	27.16	29	93.64
VC10-Ctrl-54801785	7511510.5	MER124:DNA?:DNA?	252	17	27.00	27	100.00
VC10-Ctrl-54801785	7511510.5	tRNA-Asn-AAC:tRNA:tRNA	27	9	27.00	27	100.00
VC10-Ctrl-54801785	7511510.5	RLTR9D2:ERVK:LTR	194	7	26.99	29	93.06
VC10-Ctrl-54801785	7511510.5	LTR33C:ERVL:LTR	232	18	26.89	28	96.05
VC10-Ctrl-54801785	7511510.5	MLT1J-int:ERVL-MaLR:LTR	506	13	26.73	28	95.48
VC10-Ctrl-54801785	7511510.5	ORSL:hAT-Tip100:DNA	281	17	26.67	28	95.25
VC10-Ctrl-54801785	7511510.5	MLT1B-int:ERVL-MaLR:LTR	165	9	26.55	29	91.56
VC10-Ctrl-54801785	7511510.5	BLACKJACK:hAT-Blackjack:DNA	716	12	26.50	28	94.64
VC10-Ctrl-54801785	7511510.5	MER106A:hAT-Charlie:DNA	115	19	26.50	27	98.15
VC10-Ctrl-54801785	7511510.5	RLTR9A3B:ERVK:LTR	346	6	26.50	29	91.38
VC10-Ctrl-54801785	7511510.5	MER63B:hAT-Blackjack:DNA	701	12	26.33	29	90.81
VC10-Ctrl-54801785	7511510.5	LTR33B:ERVL:LTR	268	17	26.00	26	100.00
VC10-Ctrl-54801785	7511510.5	X7A_LINE:CR1:LINE	159	19	26.00	27	96.30
VC10-Ctrl-54801785	7511510.5	L1M3de:L1:LINE	157	9	25.95	27	96.12
VC10-Ctrl-54801785	7511510.5	Charlie9:hAT-Charlie:DNA	232	15	25.53	27	94.57
VC10-Ctrl-54801785	7511510.5	MER113A:hAT-Charlie:DNA	140	13	25.50	27	94.44
VC10-Ctrl-54801785	7511510.5	HERVL74-int:ERVL:LTR	149	11	25.38	31	81.87
VC10-Ctrl-54801785	7511510.5	MER74B:ERVL:LTR	324	12	25.00	26	96.15
VC10-Ctrl-54801785	7511510.5	MLTR32C_MM:ERVK:LTR	127	6	24.99	26	96.13
VC10-Ctrl-54801785	7511510.5	L1ME3C:L1:LINE	326	12	24.54	28	87.63
VC10-Ctrl-54801785	7511510.5	MADE2:TcMar-Mariner:DNA	208	21	24.50	25	98.00
VC10-Ctrl-54801785	7511510.5	X6A_LINE:CR1:LINE	145	21	24.50	25	98.00
VC10-Ctrl-54801785	7511510.5	MER67C:ERV1:LTR	620	11	24.00	25	96.00
VC10-Ctrl-54801785	7511510.5	RLTR9B:ERVK:LTR	206	3	24.00	24	100.00
VC10-Ctrl-54801785	7511510.5	MLT1F2-int:ERVL-MaLR:LTR	68	1	23.90	24	99.59
VC10-Ctrl-54801785	7511510.5	Tigger6b:TcMar-Tigger:DNA	217	10	23.65	27	87.61
VC10-Ctrl-54801785	7511510.5	RLTR31A_Mm:ERVK:LTR	209	8	23.03	25	92.13
VC10-Ctrl-54801785	7511510.5	Charlie19a:hAT-Charlie:DNA	240	8	23.00	24	95.83
VC10-Ctrl-54801785	7511510.5	LTR16A1:ERVL:LTR	654	10	23.00	24	95.83
VC10-Ctrl-54801785	7511510.5	tRNA-Lys-AAG:tRNA:tRNA	184	17	22.82	25	91.27
VC10-Ctrl-54801785	7511510.5	Charlie29a:hAT-Charlie:DNA	324	10	22.50	24	93.75
VC10-Ctrl-54801785	7511510.5	MER94:hAT-Blackjack:DNA	466	12	22.50	23	97.83
VC10-Ctrl-54801785	7511510.5	RLTR9C:ERVK:LTR	477	2	22.30	27	82.60
VC10-Ctrl-54801785	7511510.5	Charlie17:hAT-Charlie:DNA	134	11	22.17	26	85.27
VC10-Ctrl-54801785	7511510.5	ERVB5_1-I_MM-int:ERVK:LTR	292	1	21.86	23	95.06
VC10-Ctrl-54801785	7511510.5	MER57E1:ERV1:LTR	210	10	21.70	24	90.42
VC10-Ctrl-54801785	7511510.5	IAPLTR3:ERVK:LTR	959	4	21.50	24	89.58
VC10-Ctrl-54801785	7511510.5	MER63A:hAT-Blackjack:DNA	635	10	21.50	23	93.48
VC10-Ctrl-54801785	7511510.5	HAL1_SS:L1:LINE	79	5	21.00	21	100.00
VC10-Ctrl-54801785	7511510.5	LTR16A2:ERVL:LTR	416	8	21.00	21	100.00
VC10-Ctrl-54801785	7511510.5	tRNA-Ser-TCG:tRNA:tRNA	5	14	21.00	21	100.00
VC10-Ctrl-54801785	7511510.5	LTR37B:ERV1:LTR	386	8	20.85	21	99.29
VC10-Ctrl-54801785	7511510.5	RLTR13D4:ERVK:LTR	205	2	20.58	22	93.55
VC10-Ctrl-54801785	7511510.5	LTR48B:ERV1:LTR	302	9	20.50	21	97.62
VC10-Ctrl-54801785	7511510.5	X7C_LINE:CR1:LINE	155	13	20.50	22	93.18
VC10-Ctrl-54801785	7511510.5	tRNA-Val-GTG:tRNA:tRNA	25	12	20.35	18	113.04
VC10-Ctrl-54801785	7511510.5	Charlie22a:hAT-Charlie:DNA	163	16	20.26	23	88.07
VC10-Ctrl-54801785	7511510.5	RLTR19A2:ERVK:LTR	94	5	20.20	23	87.84
VC10-Ctrl-54801785	7511510.5	L1MEj:L1:LINE	178	14	20.00	21	95.24
VC10-Ctrl-54801785	7511510.5	MER92-int:ERV1:LTR	324	9	20.00	20	100.00
VC10-Ctrl-54801785	7511510.5	tRNA-Ala-GCY:tRNA:tRNA	12	15	20.00	20	100.00
VC10-Ctrl-54801785	7511510.5	L1M2a:L1:LINE	208	7	19.50	20	97.50
VC10-Ctrl-54801785	7511510.5	MLT1A0-int:ERVL-MaLR:LTR	206	9	19.50	21	92.86
VC10-Ctrl-54801785	7511510.5	Ricksha:MuDR:DNA	85	6	19.50	20	97.50
VC10-Ctrl-54801785	7511510.5	L1M3c:L1:LINE	337	6	19.43	23	84.47
VC10-Ctrl-54801785	7511510.5	RLTR42:ERVK:LTR	266	10	19.23	23	83.59
VC10-Ctrl-54801785	7511510.5	LTR84b:ERVL:LTR	187	12	19.00	19	100.00
VC10-Ctrl-54801785	7511510.5	MER57C2:ERV1:LTR	415	11	19.00	21	90.48
VC10-Ctrl-54801785	7511510.5	RMER16B:ERVK:LTR	84	5	19.00	19	100.00
VC10-Ctrl-54801785	7511510.5	UCON23:hAT?:DNA	22	19	19.00	19	100.00
VC10-Ctrl-54801785	7511510.5	LTR81B:Gypsy:LTR	204	9	18.67	18	103.74
VC10-Ctrl-54801785	7511510.5	hAT-N1_Mam:hAT?:DNA	185	12	18.50	19	97.37
VC10-Ctrl-54801785	7511510.5	tRNA-Val-GTY:tRNA:tRNA	18	18	18.25	19	96.05
VC10-Ctrl-54801785	7511510.5	LTR16D2:ERVL:LTR	65	12	18.00	18	100.00
VC10-Ctrl-54801785	7511510.5	LTR16E1:ERVL:LTR	514	13	18.00	18	100.00
VC10-Ctrl-54801785	7511510.5	LTR53:ERVL:LTR	226	7	18.00	19	94.74
VC10-Ctrl-54801785	7511510.5	RLTR9A3A:ERVK:LTR	222	5	18.00	20	90.00
VC10-Ctrl-54801785	7511510.5	RLTR17C_Mm:ERVK:LTR	218	6	17.85	19	93.95
VC10-Ctrl-54801785	7511510.5	IAPA_MM-int:ERVK:LTR	126	1	17.71	60	29.52
VC10-Ctrl-54801785	7511510.5	Ricksha_c:MuDR:DNA	26	13	17.50	22	79.55
VC10-Ctrl-54801785	7511510.5	RLTR53B_Mm:ERVK:LTR	160	9	17.50	19	92.11
VC10-Ctrl-54801785	7511510.5	L1M8:L1:LINE	201	9	17.45	21	83.10
VC10-Ctrl-54801785	7511510.5	MMERVK10D3_LTR:ERVK:LTR	174	2	17.23	22	78.33
VC10-Ctrl-54801785	7511510.5	LTR78:ERV1:LTR	583	7	17.17	19	90.35
VC10-Ctrl-54801785	7511510.5	Eulor2B:DNA?:DNA?	42	15	17.00	17	100.00
VC10-Ctrl-54801785	7511510.5	LTR81C:Gypsy:LTR	99	16	17.00	17	100.00
VC10-Ctrl-54801785	7511510.5	LTR85c:Gypsy?:LTR	119	11	17.00	17	100.00
VC10-Ctrl-54801785	7511510.5	MER135:DNA:DNA	287	12	17.00	17	100.00
VC10-Ctrl-54801785	7511510.5	tRNA-Ile-ATT:tRNA:tRNA	40	10	16.87	17	99.21
VC10-Ctrl-54801785	7511510.5	RLTR6C_Mm:ERV1:LTR	102	5	16.78	21	79.88
VC10-Ctrl-54801785	7511510.5	Kanga1b:TcMar-Tc2:DNA	121	6	16.72	18	92.88
VC10-Ctrl-54801785	7511510.5	MER54B:ERVL:LTR	114	7	16.71	17	98.30
VC10-Ctrl-54801785	7511510.5	tRNA-Ala-GCG:tRNA:tRNA	194	14	16.67	19	87.72
VC10-Ctrl-54801785	7511510.5	RLTR1F_Mm:ERVK:LTR	83	7	16.66	17	98.02
VC10-Ctrl-54801785	7511510.5	L1MEa:L1:LINE	169	5	16.64	16	103.98
VC10-Ctrl-54801785	7511510.5	L1MCb:L1:LINE	713	7	16.50	18	91.67
VC10-Ctrl-54801785	7511510.5	X8_LINE:CR1:LINE	158	13	16.50	19	86.84
VC10-Ctrl-54801785	7511510.5	Charlie23a:hAT-Charlie:DNA	157	10	16.18	17	95.19
VC10-Ctrl-54801785	7511510.5	LTR16B1:ERVL:LTR	299	8	16.00	16	100.00
VC10-Ctrl-54801785	7511510.5	LTR73:ERV1:LTR	137	5	16.00	15	106.67
VC10-Ctrl-54801785	7511510.5	tRNA-Ile-ATA:tRNA:tRNA	26	7	16.00	16	100.00
VC10-Ctrl-54801785	7511510.5	RLTR48C:ERV1:LTR	149	4	15.95	18	88.61
VC10-Ctrl-54801785	7511510.5	ERV3-16A3_I-int:ERVL:LTR	908	8	15.70	17	92.37
VC10-Ctrl-54801785	7511510.5	Charlie7a:hAT-Charlie:DNA	102	10	15.50	16	96.88
VC10-Ctrl-54801785	7511510.5	MER50:ERV1:LTR	13	12	15.50	16	96.88
VC10-Ctrl-54801785	7511510.5	Charlie13a:hAT-Charlie:DNA	184	7	15.00	16	93.75
VC10-Ctrl-54801785	7511510.5	FAM:Alu:SINE	117	11	15.00	16	93.75
VC10-Ctrl-54801785	7511510.5	Kanga11a:TcMar-Tc2:DNA	187	9	15.00	15	100.00
VC10-Ctrl-54801785	7511510.5	LTR84a:ERVL:LTR	136	8	15.00	15	100.00
VC10-Ctrl-54801785	7511510.5	MamTip3:hAT-Tip100:DNA	180	11	15.00	15	100.00
VC10-Ctrl-54801785	7511510.5	MER34-int:ERV1:LTR	66	3	15.00	15	100.00
VC10-Ctrl-54801785	7511510.5	MER57-int:ERV1:LTR	202	8	14.85	17	87.36
VC10-Ctrl-54801785	7511510.5	L1P5:L1:LINE	166	4	14.50	15	96.67
VC10-Ctrl-54801785	7511510.5	tRNA-Cys-TGY:tRNA:tRNA	89	7	14.05	13	108.11
VC10-Ctrl-54801785	7511510.5	Charlie20a:hAT-Charlie:DNA	161	7	14.00	15	93.33
VC10-Ctrl-54801785	7511510.5	LTR107_Mam:LTR:LTR	93	8	14.00	14	100.00
VC10-Ctrl-54801785	7511510.5	LTR16B2:ERVL:LTR	384	6	14.00	14	100.00
VC10-Ctrl-54801785	7511510.5	L1MEg1:L1:LINE	92	8	13.99	15	93.24
VC10-Ctrl-54801785	7511510.5	Charlie26a:hAT-Charlie:DNA	98	9	13.50	14	96.43
VC10-Ctrl-54801785	7511510.5	L1M3f:L1:LINE	100	4	13.50	14	96.43
VC10-Ctrl-54801785	7511510.5	MER47A:TcMar-Tigger:DNA	127	6	13.50	14	96.43
VC10-Ctrl-54801785	7511510.5	MER5C:hAT-Charlie:DNA	242	10	13.50	15	90.00
VC10-Ctrl-54801785	7511510.5	Tigger17b:TcMar-Tigger:DNA	72	5	13.50	16	84.39
VC10-Ctrl-54801785	7511510.5	MLT1A1-int:ERVL-MaLR:LTR	130	1	13.30	14	94.97
VC10-Ctrl-54801785	7511510.5	LTRIS4B:ERV1:LTR	71	4	13.17	15	87.78
VC10-Ctrl-54801785	7511510.5	L1PB4:L1:LINE	144	7	13.01	15	86.77
VC10-Ctrl-54801785	7511510.5	LTR16E2:ERVL:LTR	423	4	13.00	13	100.00
VC10-Ctrl-54801785	7511510.5	LTRIS5:ERV1:LTR	85	1	13.00	13	100.00
VC10-Ctrl-54801785	7511510.5	RLTR20A1:ERVK:LTR	98	1	13.00	14	92.86
VC10-Ctrl-54801785	7511510.5	RLTR3_Mm:ERVK:LTR	31	10	13.00	13	100.00
VC10-Ctrl-54801785	7511510.5	RLTR44B:ERVK:LTR	275	1	13.00	15	86.67
VC10-Ctrl-54801785	7511510.5	MLT1C-int:ERVL-MaLR:LTR	122	8	12.83	14	91.67
VC10-Ctrl-54801785	7511510.5	LTR86B1:ERVL:LTR	49	12	12.80	13	98.44
VC10-Ctrl-54801785	7511510.5	Charlie4:hAT-Charlie:DNA	161	3	12.50	14	89.29
VC10-Ctrl-54801785	7511510.5	MER70B:ERVL:LTR	254	5	12.50	13	96.15
VC10-Ctrl-54801785	7511510.5	L1ME5:L1:LINE	146	5	12.33	13	94.84
VC10-Ctrl-54801785	7511510.5	RLTR9B2:ERVK:LTR	178	3	12.20	13	93.84
VC10-Ctrl-54801785	7511510.5	ERVB3_1-LTR_MM:ERVK:LTR	158	3	12.11	14	86.51
VC10-Ctrl-54801785	7511510.5	MER21-int:ERVL:LTR	105	5	12.00	12	100.00
VC10-Ctrl-54801785	7511510.5	tRNA-Leu-TTG:tRNA:tRNA	24	3	12.00	12	100.00
VC10-Ctrl-54801785	7511510.5	Zaphod3:hAT-Tip100:DNA	454	6	12.00	13	92.31
VC10-Ctrl-54801785	7511510.5	RLTR47:ERVK:LTR	209	4	11.95	13	91.93
VC10-Ctrl-54801785	7511510.5	Charlie13b:hAT-Charlie:DNA	114	6	11.50	12	95.83
VC10-Ctrl-54801785	7511510.5	Kanga1d:TcMar-Tc2:DNA	131	6	11.50	12	95.83
VC10-Ctrl-54801785	7511510.5	MamGypLTR1b:Gypsy:LTR	141	10	11.50	12	95.83
VC10-Ctrl-54801785	7511510.5	MER68-int:ERVL:LTR	77	6	11.50	12	95.83
VC10-Ctrl-54801785	7511510.5	MLTR31E_MM:ERVK:LTR	164	2	11.31	12	94.22
VC10-Ctrl-54801785	7511510.5	tRNA-Leu-CTY:tRNA:tRNA	8	5	11.18	12	93.14
VC10-Ctrl-54801785	7511510.5	LTR108a_Mam:ERVL:LTR	39	3	11.17	12	93.09
VC10-Ctrl-54801785	7511510.5	ERVB5_1-LTR_MM:ERVK:LTR	143	4	11.00	11	100.00
VC10-Ctrl-54801785	7511510.5	LTR28B:ERV1:LTR	144	6	11.00	11	100.00
VC10-Ctrl-54801785	7511510.5	MER70A:ERVL:LTR	184	2	11.00	11	100.00
VC10-Ctrl-54801785	7511510.5	Tigger8:TcMar-Tigger:DNA	121	7	11.00	11	100.00
VC10-Ctrl-54801785	7511510.5	tRNA-Gly-GGG:tRNA:tRNA	24	5	11.00	10	110.00
VC10-Ctrl-54801785	7511510.5	tRNA-Leu-CTG:tRNA:tRNA	16	6	11.00	11	100.00
VC10-Ctrl-54801785	7511510.5	MamRep1527:LTR:LTR	372	8	10.81	13	83.14
VC10-Ctrl-54801785	7511510.5	RLTR10B:ERVK:LTR	477	1	10.74	22	48.80
VC10-Ctrl-54801785	7511510.5	Arthur1A:hAT-Tip100:DNA	148	4	10.50	11	95.45
VC10-Ctrl-54801785	7511510.5	tRNA-Phe-TTY:tRNA:tRNA	47	9	10.50	11	95.45
VC10-Ctrl-54801785	7511510.5	RLTR13D:ERVK:LTR	45	2	10.33	12	86.11
VC10-Ctrl-54801785	7511510.5	tRNA-Pro-CCG:tRNA:tRNA	4	2	10.17	9	112.96
VC10-Ctrl-54801785	7511510.5	X3_LINE:RTE-BovB:LINE	260	6	10.13	12	84.41
VC10-Ctrl-54801785	7511510.5	Eulor2A:DNA?:DNA?	41	6	10.00	10	100.00
VC10-Ctrl-54801785	7511510.5	Kanga1a:TcMar-Tc2:DNA	191	8	10.00	10	100.00
VC10-Ctrl-54801785	7511510.5	L1M6:L1:LINE	329	5	10.00	10	100.00
VC10-Ctrl-54801785	7511510.5	LTR102_Mam:ERVL:LTR	215	6	10.00	10	100.00
VC10-Ctrl-54801785	7511510.5	LTR16D1:ERVL:LTR	90	4	10.00	10	100.00
VC10-Ctrl-54801785	7511510.5	LTR81A:Gypsy:LTR	180	9	10.00	10	100.00
VC10-Ctrl-54801785	7511510.5	MamGypLTR3a:Gypsy:LTR	161	6	10.00	10	100.00
VC10-Ctrl-54801785	7511510.5	MER66-int:ERV1:LTR	23	8	10.00	10	100.00
VC10-Ctrl-54801785	7511510.5	MER90:ERV1:LTR	245	5	10.00	10	100.00
VC10-Ctrl-54801785	7511510.5	tRNA-Arg-AGG:tRNA:tRNA	18	9	10.00	10	100.00
VC10-Ctrl-54801785	7511510.5	tRNA-Pro-CCA:tRNA:tRNA	10	7	10.00	10	100.00
VC10-Ctrl-54801785	7511510.5	LTR105_Mam:ERVL:LTR	124	6	9.50	10	95.00
VC10-Ctrl-54801785	7511510.5	MamRep1879:hAT-Tip100?:DNA	105	6	9.50	10	95.00
VC10-Ctrl-54801785	7511510.5	MER126:DNA:DNA	118	8	9.50	10	95.00
VC10-Ctrl-54801785	7511510.5	ERVB4_2-LTR_MM:ERVK:LTR	144	1	9.10	20	45.50
VC10-Ctrl-54801785	7511510.5	Charlie14a:hAT-Charlie:DNA	72	2	9.00	10	90.00
VC10-Ctrl-54801785	7511510.5	Charlie25:hAT-Charlie:DNA	301	4	9.00	10	90.00
VC10-Ctrl-54801785	7511510.5	ERV3-16A3_LTR:ERVL:LTR	279	5	9.00	9	100.00
VC10-Ctrl-54801785	7511510.5	ERVB4_3-LTR_MM:ERVK:LTR	137	2	9.00	9	100.00
VC10-Ctrl-54801785	7511510.5	MamGypLTR1c:Gypsy:LTR	145	3	9.00	9	100.00
VC10-Ctrl-54801785	7511510.5	MamRep1151:LTR?:LTR?	249	4	9.00	10	90.00
VC10-Ctrl-54801785	7511510.5	MamRep38:hAT:DNA	212	6	9.00	9	100.00
VC10-Ctrl-54801785	7511510.5	MER110:ERV1:LTR	147	3	9.00	9	100.00
VC10-Ctrl-54801785	7511510.5	MER67A:ERV1:LTR	176	4	9.00	9	100.00
VC10-Ctrl-54801785	7511510.5	RLTR43C:ERVK:LTR	264	0	9.00	10	90.00
VC10-Ctrl-54801785	7511510.5	LTR106_Mam:LTR:LTR	164	5	8.95	9	99.44
VC10-Ctrl-54801785	7511510.5	ORSL-2b:hAT-Tip100:DNA	210	4	8.72	11	79.31
VC10-Ctrl-54801785	7511510.5	LTR75:ERVL:LTR	94	5	8.50	9	94.44
VC10-Ctrl-54801785	7511510.5	RLTR41B:ERV1:LTR	98	3	8.50	9	94.44
VC10-Ctrl-54801785	7511510.5	MER87:ERV1:LTR	46	7	8.24	8	102.99
VC10-Ctrl-54801785	7511510.5	ERVB4_3-I_MM-int:ERVK:LTR	99	4	8.00	8	100.00
VC10-Ctrl-54801785	7511510.5	L1MEh:L1:LINE	202	4	8.00	8	100.00
VC10-Ctrl-54801785	7511510.5	LTR85a:Gypsy?:LTR	234	6	8.00	8	100.00
VC10-Ctrl-54801785	7511510.5	LTR90B:LTR:LTR	91	4	8.00	8	100.00
VC10-Ctrl-54801785	7511510.5	LTR9:ERV1:LTR	13	8	8.00	8	100.00
VC10-Ctrl-54801785	7511510.5	MamGypLTR1a:Gypsy:LTR	137	6	8.00	8	100.00
VC10-Ctrl-54801785	7511510.5	MamTip1:hAT-Tip100:DNA	82	5	8.00	8	100.00
VC10-Ctrl-54801785	7511510.5	MER121:TcMar?:DNA	588	4	8.00	8	100.00
VC10-Ctrl-54801785	7511510.5	MER51-int:ERV1:LTR	7	2	8.00	8	100.00
VC10-Ctrl-54801785	7511510.5	MER91C:hAT-Tip100:DNA	110	6	8.00	8	100.00
VC10-Ctrl-54801785	7511510.5	tRNA-Arg-CGA_:tRNA:tRNA	2	8	8.00	8	100.00
VC10-Ctrl-54801785	7511510.5	tRNA-Lys-AAA:tRNA:tRNA	22	7	8.00	8	100.00
VC10-Ctrl-54801785	7511510.5	tRNA-Pro-CCY:tRNA:tRNA	29	6	8.00	9	88.89
VC10-Ctrl-54801785	7511510.5	IAPEY3C_LTR:ERVK:LTR	475	5	7.50	8	93.75
VC10-Ctrl-54801785	7511510.5	IAPEY5_LTR:ERVK:LTR	237	2	7.50	10	75.00
VC10-Ctrl-54801785	7511510.5	MER52-int:ERV1:LTR	206	3	7.50	8	93.75
VC10-Ctrl-54801785	7511510.5	Tigger11a:TcMar-Tigger:DNA	75	5	7.33	8	91.67
VC10-Ctrl-54801785	7511510.5	IAPLTR4_I:ERVK:LTR	183	0	7.04	15	46.95
VC10-Ctrl-54801785	7511510.5	Eulor5A:DNA?:DNA?	80	5	7.00	7	100.00
VC10-Ctrl-54801785	7511510.5	HERV16-int:ERVL:LTR	277	6	7.00	7	100.00
VC10-Ctrl-54801785	7511510.5	L1M3d:L1:LINE	171	5	7.00	7	100.00
VC10-Ctrl-54801785	7511510.5	LTR86A1:ERVL:LTR	92	5	7.00	7	100.00
VC10-Ctrl-54801785	7511510.5	LTR86B2:ERVL:LTR	36	6	7.00	7	100.00
VC10-Ctrl-54801785	7511510.5	MER113B:hAT-Charlie:DNA	72	6	7.00	7	100.00
VC10-Ctrl-54801785	7511510.5	MER96:hAT-Tip100:DNA	104	3	7.00	7	100.00
VC10-Ctrl-54801785	7511510.5	RLTR44D:ERVK:LTR	100	2	7.00	7	100.00
VC10-Ctrl-54801785	7511510.5	RLTR50B:ERVK:LTR	334	1	7.00	8	87.50
VC10-Ctrl-54801785	7511510.5	Tigger12c:TcMar-Tigger:DNA	97	4	7.00	8	87.50
VC10-Ctrl-54801785	7511510.5	Tigger12A:TcMar-Tigger:DNA	86	3	6.58	6	109.65
VC10-Ctrl-54801785	7511510.5	Arthur1C:hAT-Tip100:DNA	155	1	6.50	7	92.86
VC10-Ctrl-54801785	7511510.5	BGLII_C:ERVK:LTR	74	2	6.50	7	92.86
VC10-Ctrl-54801785	7511510.5	LTR16B:ERVL:LTR	260	4	6.50	7	92.86
VC10-Ctrl-54801785	7511510.5	LTR55:ERVL?:LTR	160	1	6.50	7	92.86
VC10-Ctrl-54801785	7511510.5	MamGypLTR1d:Gypsy:LTR	116	5	6.50	7	92.86
VC10-Ctrl-54801785	7511510.5	LTR82B:ERVL:LTR	290	4	6.29	6	104.84
VC10-Ctrl-54801785	7511510.5	tRNA-Met-i:tRNA:tRNA	19	3	6.25	6	104.17
VC10-Ctrl-54801785	7511510.5	Eulor9A:DNA:DNA	60	3	6.00	6	100.00
VC10-Ctrl-54801785	7511510.5	L1M3a:L1:LINE	120	3	6.00	6	100.00
VC10-Ctrl-54801785	7511510.5	MER127:TcMar-Tigger:DNA	119	3	6.00	6	100.00
VC10-Ctrl-54801785	7511510.5	MER45C:hAT-Tip100:DNA	290	1	6.00	6	100.00
VC10-Ctrl-54801785	7511510.5	RLTR46B:ERVK:LTR	73	2	6.00	6	100.00
VC10-Ctrl-54801785	7511510.5	Tigger1a_Art:TcMar-Tigger:DNA	37	2	6.00	6	100.00
VC10-Ctrl-54801785	7511510.5	tRNA-Arg-CGY_:tRNA:tRNA	21	4	6.00	6	100.00
VC10-Ctrl-54801785	7511510.5	U13_:snRNA:snRNA	19	6	6.00	6	100.00
VC10-Ctrl-54801785	7511510.5	DNA1_Mam:TcMar:DNA	45	4	5.50	6	91.67
VC10-Ctrl-54801785	7511510.5	ERVB2_1-I_MM-int:ERVK:LTR	83	1	5.50	6	91.67
VC10-Ctrl-54801785	7511510.5	LTR68:ERV1:LTR	106	2	5.50	6	91.67
VC10-Ctrl-54801785	7511510.5	LTR83:ERVL:LTR	161	3	5.50	6	91.67
VC10-Ctrl-54801785	7511510.5	LTR90A:LTR:LTR	99	5	5.50	6	91.67
VC10-Ctrl-54801785	7511510.5	tRNA-Thr-ACG_:tRNA:tRNA	20	5	5.50	6	91.67
VC10-Ctrl-54801785	7511510.5	tRNA-Gln-CAA:tRNA:tRNA	14	3	5.17	5	103.33
VC10-Ctrl-54801785	7511510.5	Charlie17a:hAT-Charlie:DNA	63	2	5.00	5	100.00
VC10-Ctrl-54801785	7511510.5	L5:RTE-X:LINE	122	5	5.00	5	100.00
VC10-Ctrl-54801785	7511510.5	LTR108b_Mam:ERVL:LTR	19	5	5.00	5	100.00
VC10-Ctrl-54801785	7511510.5	LTR108e_Mam:ERVL:LTR	36	3	5.00	5	100.00
VC10-Ctrl-54801785	7511510.5	LTR53B:ERVL:LTR	83	2	5.00	5	100.00
VC10-Ctrl-54801785	7511510.5	LTR80B:ERVL:LTR	116	3	5.00	5	100.00
VC10-Ctrl-54801785	7511510.5	LTR86C:ERVL:LTR	75	4	5.00	5	100.00
VC10-Ctrl-54801785	7511510.5	MER4B-int:ERV1:LTR	52	3	5.00	5	100.00
VC10-Ctrl-54801785	7511510.5	MER70-int:ERVL:LTR	56	2	5.00	5	100.00
VC10-Ctrl-54801785	7511510.5	MLT1J1-int:ERVL-MaLR:LTR	67	2	5.00	5	100.00
VC10-Ctrl-54801785	7511510.5	ORSL-2a:hAT-Tip100:DNA	69	4	5.00	5	100.00
VC10-Ctrl-54801785	7511510.5	RLTR46A:ERVK:LTR	71	2	5.00	5	100.00
VC10-Ctrl-54801785	7511510.5	RLTR30C_MM:ERV1:LTR	124	2	4.98	6	83.00
VC10-Ctrl-54801785	7511510.5	tRNA-Met:tRNA:tRNA	21	3	4.91	5	98.20
VC10-Ctrl-54801785	7511510.5	tRNA-Leu-CTA_:tRNA:tRNA	4	4	4.82	5	96.45
VC10-Ctrl-54801785	7511510.5	RLTR1E_MM:ERV1:LTR	86	1	4.60	5	92.00
VC10-Ctrl-54801785	7511510.5	Charlie21a:hAT-Charlie:DNA	174	3	4.50	5	90.00
VC10-Ctrl-54801785	7511510.5	LTRIS6:ERV1:LTR	149	1	4.50	5	90.00
VC10-Ctrl-54801785	7511510.5	RLTR46A2:ERVK:LTR	58	0	4.50	5	90.00
VC10-Ctrl-54801785	7511510.5	LTR16D:ERVL:LTR	185	3	4.33	5	86.67
VC10-Ctrl-54801785	7511510.5	Eulor10:DNA?:DNA?	29	3	4.00	4	100.00
VC10-Ctrl-54801785	7511510.5	Eulor6B:DNA?:DNA?	56	2	4.00	4	100.00
VC10-Ctrl-54801785	7511510.5	Eulor9C:DNA:DNA	71	2	4.00	4	100.00
VC10-Ctrl-54801785	7511510.5	L1MEg2:L1:LINE	112	3	4.00	4	100.00
VC10-Ctrl-54801785	7511510.5	LTR103b_Mam:ERV1?:LTR	57	4	4.00	4	100.00
VC10-Ctrl-54801785	7511510.5	LTR69:ERVL:LTR	74	0	4.00	4	100.00
VC10-Ctrl-54801785	7511510.5	LTR81:Gypsy:LTR	70	4	4.00	4	100.00
VC10-Ctrl-54801785	7511510.5	LTR88a:Gypsy?:LTR	64	2	4.00	4	100.00
VC10-Ctrl-54801785	7511510.5	LTR88b:Gypsy?:LTR	178	2	4.00	4	100.00
VC10-Ctrl-54801785	7511510.5	MamRep4096:hAT?:DNA	180	2	4.00	4	100.00
VC10-Ctrl-54801785	7511510.5	MER49:ERV1:LTR	7	3	4.00	4	100.00
VC10-Ctrl-54801785	7511510.5	MER65D:ERV1:LTR	101	3	4.00	4	100.00
VC10-Ctrl-54801785	7511510.5	MER65-int:ERV1:LTR	49	3	4.00	4	100.00
VC10-Ctrl-54801785	7511510.5	MER74C:ERVL:LTR	114	0	4.00	4	100.00
VC10-Ctrl-54801785	7511510.5	MERX:TcMar-Tigger:DNA	64	0	4.00	4	100.00
VC10-Ctrl-54801785	7511510.5	MLT1F1-int:ERVL-MaLR:LTR	89	0	4.00	5	80.00
VC10-Ctrl-54801785	7511510.5	tRNA-SeC(e)-TGA:tRNA:tRNA	3	2	4.00	4	100.00
VC10-Ctrl-54801785	7511510.5	tRNA-Trp-TGG:tRNA:tRNA	16	4	4.00	4	100.00
VC10-Ctrl-54801785	7511510.5	X2_LINE:CR1:LINE	32	2	4.00	4	100.00
VC10-Ctrl-54801785	7511510.5	LTR80A:ERVL:LTR	112	1	3.50	4	87.50
VC10-Ctrl-54801785	7511510.5	MamGypLTR2b:Gypsy:LTR	109	2	3.50	4	87.50
VC10-Ctrl-54801785	7511510.5	MER57E2:ERV1:LTR	62	2	3.50	4	87.50
VC10-Ctrl-54801785	7511510.5	Ricksha_0:MULE-MuDR:DNA	82	1	3.50	4	87.50
VC10-Ctrl-54801785	7511510.5	Ricksha_a:MULE-MuDR:DNA	30	0	3.50	4	87.50
VC10-Ctrl-54801785	7511510.5	RMER16B3:ERVK:LTR	101	1	3.50	4	87.50
VC10-Ctrl-54801785	7511510.5	Charlie10b:hAT-Charlie:DNA	48	3	3.00	3	100.00
VC10-Ctrl-54801785	7511510.5	Eulor12:DNA?:DNA?	35	1	3.00	3	100.00
VC10-Ctrl-54801785	7511510.5	Eulor1:DNA:DNA	56	1	3.00	3	100.00
VC10-Ctrl-54801785	7511510.5	Helitron1Nb_Mam:Helitron:RC	92	3	3.00	3	100.00
VC10-Ctrl-54801785	7511510.5	Helitron2Na_Mam:Helitron?:RC?	74	2	3.00	3	100.00
VC10-Ctrl-54801785	7511510.5	LTR108c_Mam:ERVL:LTR	15	1	3.00	3	100.00
VC10-Ctrl-54801785	7511510.5	LTR29:ERV1:LTR	34	3	3.00	3	100.00
VC10-Ctrl-54801785	7511510.5	LTR75B:ERVL:LTR	69	2	3.00	3	100.00
VC10-Ctrl-54801785	7511510.5	LTR9D:ERV1:LTR	11	3	3.00	3	100.00
VC10-Ctrl-54801785	7511510.5	MER125:DNA:DNA	111	2	3.00	3	100.00
VC10-Ctrl-54801785	7511510.5	MER136:DNA:DNA	23	2	3.00	3	100.00
VC10-Ctrl-54801785	7511510.5	MER5C1:hAT-Charlie:DNA	75	1	3.00	3	100.00
VC10-Ctrl-54801785	7511510.5	MER68C:ERVL:LTR	60	3	3.00	3	100.00
VC10-Ctrl-54801785	7511510.5	MER73:ERVL:LTR	135	1	3.00	3	100.00
VC10-Ctrl-54801785	7511510.5	MER88:ERVL:LTR	58	1	3.00	4	75.00
VC10-Ctrl-54801785	7511510.5	MLT1A-int:ERVL-MaLR:LTR	123	1	3.00	3	100.00
VC10-Ctrl-54801785	7511510.5	tRNA-Arg-AGA:tRNA:tRNA	30	2	3.00	3	100.00
VC10-Ctrl-54801785	7511510.5	tRNA-Thr-ACA:tRNA:tRNA	17	3	3.00	3	100.00
VC10-Ctrl-54801785	7511510.5	tRNA-Thr-ACY:tRNA:tRNA	14	3	3.00	3	100.00
VC10-Ctrl-54801785	7511510.5	U7:snRNA:snRNA	49	3	3.00	3	100.00
VC10-Ctrl-54801785	7511510.5	X5B_LINE:CR1:LINE	79	3	3.00	3	100.00
VC10-Ctrl-54801785	7511510.5	IAPEY5_I-int:ERVK:LTR	184	0	2.75	4	68.75
VC10-Ctrl-54801785	7511510.5	Charlie10a:hAT-Charlie:DNA	61	1	2.50	3	83.33
VC10-Ctrl-54801785	7511510.5	MLT1E2-int:ERVL-MaLR:LTR	35	0	2.50	3	83.33
VC10-Ctrl-54801785	7511510.5	ORR1G-int:ERVL-MaLR:LTR	70	1	2.50	3	83.33
VC10-Ctrl-54801785	7511510.5	RMER3D3:ERVK:LTR	8	2	2.50	3	83.33
VC10-Ctrl-54801785	7511510.5	Charlie11:hAT-Charlie:DNA	52	2	2.45	3	81.76
VC10-Ctrl-54801785	7511510.5	Eulor6E:DNA?:DNA?	18	1	2.00	2	100.00
VC10-Ctrl-54801785	7511510.5	Eulor9B:DNA:DNA	14	2	2.00	2	100.00
VC10-Ctrl-54801785	7511510.5	Helitron1Na_Mam:Helitron:RC	62	2	2.00	2	100.00
VC10-Ctrl-54801785	7511510.5	LTR109A2:ERV1:LTR	37	2	2.00	2	100.00
VC10-Ctrl-54801785	7511510.5	LTR39:ERV1:LTR	11	1	2.00	2	100.00
VC10-Ctrl-54801785	7511510.5	LTR40A1:ERVL:LTR	114	1	2.00	2	100.00
VC10-Ctrl-54801785	7511510.5	LTR52:ERVL:LTR	230	1	2.00	2	100.00
VC10-Ctrl-54801785	7511510.5	LTR86A2:ERVL:LTR	79	2	2.00	2	100.00
VC10-Ctrl-54801785	7511510.5	MER110A:ERV1:LTR	196	2	2.00	2	100.00
VC10-Ctrl-54801785	7511510.5	MER110-int:ERV1:LTR	38	1	2.00	2	100.00
VC10-Ctrl-54801785	7511510.5	MER123:DNA:DNA	41	1	2.00	2	100.00
VC10-Ctrl-54801785	7511510.5	MER50-int:ERV1:LTR	14	2	2.00	2	100.00
VC10-Ctrl-54801785	7511510.5	MER92A:ERV1:LTR	37	1	2.00	2	100.00
VC10-Ctrl-54801785	7511510.5	MER92C:ERV1:LTR	72	1	2.00	2	100.00
VC10-Ctrl-54801785	7511510.5	MER94B:hAT-Blackjack:DNA	86	1	2.00	2	100.00
VC10-Ctrl-54801785	7511510.5	MER97b:hAT-Tip100:DNA	55	1	2.00	2	100.00
VC10-Ctrl-54801785	7511510.5	MER97d:hAT-Tip100:DNA	28	1	2.00	2	100.00
VC10-Ctrl-54801785	7511510.5	MLT1H1-int:ERVL-MaLR:LTR	49	0	2.00	2	100.00
VC10-Ctrl-54801785	7511510.5	RLTR12F:ERVK:LTR	60	0	2.00	2	100.00
VC10-Ctrl-54801785	7511510.5	RLTR19D:ERVK:LTR	64	0	2.00	2	100.00
VC10-Ctrl-54801785	7511510.5	tRNA-Arg-CGG:tRNA:tRNA	3	1	2.00	2	100.00
VC10-Ctrl-54801785	7511510.5	MER72B:ERV1:LTR	74	1	1.63	4	40.85
VC10-Ctrl-54801785	7511510.5	LTR28:ERV1:LTR	10	1	1.50	2	75.00
VC10-Ctrl-54801785	7511510.5	MER95:ERV1:LTR	54	0	1.50	2	75.00
VC10-Ctrl-54801785	7511510.5	MLT1G3-int:ERVL-MaLR:LTR	58	0	1.50	2	75.00
VC10-Ctrl-54801785	7511510.5	tRNA-Val-GTA:tRNA:tRNA	13	0	1.50	2	75.00
VC10-Ctrl-54801785	7511510.5	C573_MM:Other:Other	1738	0	1.00	1	100.00
VC10-Ctrl-54801785	7511510.5	Cheshire_Mars:hAT-Charlie:DNA	3	1	1.00	1	100.00
VC10-Ctrl-54801785	7511510.5	Eulor2C:DNA?:DNA?	24	1	1.00	1	100.00
VC10-Ctrl-54801785	7511510.5	Eulor6A:DNA?:DNA?	21	1	1.00	1	100.00
VC10-Ctrl-54801785	7511510.5	Eulor6C:DNA?:DNA?	15	1	1.00	1	100.00
VC10-Ctrl-54801785	7511510.5	Eulor6D:DNA?:DNA?	47	0	1.00	1	100.00
VC10-Ctrl-54801785	7511510.5	Eulor8:TcMar?:DNA	110	1	1.00	1	100.00
VC10-Ctrl-54801785	7511510.5	FordPrefect_a:hAT-Tip100:DNA	60	0	1.00	1	100.00
VC10-Ctrl-54801785	7511510.5	LTR103_Mam:ERV1?:LTR	58	0	1.00	1	100.00
VC10-Ctrl-54801785	7511510.5	LTR108d_Mam:ERVL:LTR	30	1	1.00	1	100.00
VC10-Ctrl-54801785	7511510.5	LTR32:ERVL:LTR	9	1	1.00	1	100.00
VC10-Ctrl-54801785	7511510.5	LTR34:ERV1:LTR	8	1	1.00	1	100.00
VC10-Ctrl-54801785	7511510.5	LTR36:ERV1:LTR	5	1	1.00	1	100.00
VC10-Ctrl-54801785	7511510.5	LTR52-int:ERVL:LTR	50	0	1.00	1	100.00
VC10-Ctrl-54801785	7511510.5	LTR64:ERV1:LTR	8	1	1.00	1	100.00
VC10-Ctrl-54801785	7511510.5	LTR85b:Gypsy?:LTR	106	0	1.00	1	100.00
VC10-Ctrl-54801785	7511510.5	LTR9A1:ERV1:LTR	11	0	1.00	2	50.00
VC10-Ctrl-54801785	7511510.5	MamGypLTR2c:Gypsy:LTR	110	0	1.00	1	100.00
VC10-Ctrl-54801785	7511510.5	MamRep1894:hAT:DNA	36	0	1.00	1	100.00
VC10-Ctrl-54801785	7511510.5	MamRep488:hAT-Tip100:DNA	29	0	1.00	1	100.00
VC10-Ctrl-54801785	7511510.5	MER101B:ERV1:LTR	21	1	1.00	1	100.00
VC10-Ctrl-54801785	7511510.5	MER133A:DNA?:DNA?	35	1	1.00	1	100.00
VC10-Ctrl-54801785	7511510.5	MER134:DNA?:DNA?	53	1	1.00	1	100.00
VC10-Ctrl-54801785	7511510.5	MER67D:ERV1:LTR	468	0	1.00	1	100.00
VC10-Ctrl-54801785	7511510.5	MER92D:ERV1:LTR	70	1	1.00	1	100.00
VC10-Ctrl-54801785	7511510.5	MER97c:hAT-Tip100:DNA	64	1	1.00	1	100.00
VC10-Ctrl-54801785	7511510.5	MLT1G1-int:ERVL-MaLR:LTR	51	1	1.00	1	100.00
VC10-Ctrl-54801785	7511510.5	MLT1I-int:ERVL-MaLR:LTR	57	0	1.00	1	100.00
VC10-Ctrl-54801785	7511510.5	MLT2E:ERVL:LTR	126	0	1.00	1	100.00
VC10-Ctrl-54801785	7511510.5	Ricksha:MULE-MuDR:DNA	60	0	1.00	1	100.00
VC10-Ctrl-54801785	7511510.5	RLTR9A4:ERVK:LTR	35	1	1.00	1	100.00
VC10-Ctrl-54801785	7511510.5	tRNA-Glu-GAG:tRNA:tRNA	6	1	1.00	1	100.00
VC10-Ctrl-54801785	7511510.5	tRNA-Leu-CTA:tRNA:tRNA	3	1	1.00	1	100.00
VC10-Ctrl-54801785	7511510.5	tRNA-Met_:tRNA:tRNA	46	1	1.00	1	100.00
VC10-Ctrl-54801785	7511510.5	tRNA-Ser-TCA_:tRNA:tRNA	3	1	1.00	1	100.00
VC10-Ctrl-54801785	7511510.5	tRNA-Thr-ACG:tRNA:tRNA	3	1	1.00	1	100.00
VC10-Ctrl-54801785	7511510.5	tRNA-Thr-ACY_:tRNA:tRNA	15	1	1.00	1	100.00
VC10-Ctrl-54801785	7511510.5	UCON21:DNA?:DNA?	23	1	1.00	1	100.00
VC10-Ctrl-54801785	7511510.5	X1_LINE:CR1:LINE	40	1	1.00	1	100.00
VC10-Ctrl-54801785	7511510.5	X5A_LINE:CR1:LINE	69	1	1.00	1	100.00
VC10-Ctrl-54801785	7511510.5	MER97a:hAT-Tip100:DNA	53	0	0.50	1	50.00
VC10-Ctrl-54801785	7511510.5	RLTR1:ERV1:LTR	62	0	0.50	1	50.00
VC10-Ctrl-54801785	7511510.5	Charlie1b_Mars:hAT-Charlie:DNA	2	0	0.00	0	NA
VC10-Ctrl-54801785	7511510.5	Cheshire_Mars_:hAT-Charlie:DNA	6	0	0.00	0	NA
VC10-Ctrl-54801785	7511510.5	ERVB4_1-LTR_MM:ERVK:LTR	21	0	0.00	0	NA
VC10-Ctrl-54801785	7511510.5	Eulor11:DNA:DNA	49	0	0.00	0	NA
VC10-Ctrl-54801785	7511510.5	Eulor3:DNA?:DNA?	28	0	0.00	0	NA
VC10-Ctrl-54801785	7511510.5	Eulor5B:DNA?:DNA?	37	0	0.00	0	NA
VC10-Ctrl-54801785	7511510.5	Eulor7:DNA?:DNA?	4	0	0.00	0	NA
VC10-Ctrl-54801785	7511510.5	HERVL32-int:ERVL:LTR	1	0	0.00	0	NA
VC10-Ctrl-54801785	7511510.5	HUERS-P3b-int:ERV1:LTR	3	0	0.00	0	NA
VC10-Ctrl-54801785	7511510.5	HY4:scRNA:scRNA	3	0	0.00	0	NA
VC10-Ctrl-54801785	7511510.5	HY5:scRNA:scRNA	1	0	0.00	0	NA
VC10-Ctrl-54801785	7511510.5	L1M2a1:L1:LINE	11	0	0.00	0	NA
VC10-Ctrl-54801785	7511510.5	L1M6B:L1:LINE	43	0	0.00	0	NA
VC10-Ctrl-54801785	7511510.5	LTR23-int:ERV1:LTR	11	0	0.00	0	NA
VC10-Ctrl-54801785	7511510.5	LTR27C:ERV1:LTR	7	0	0.00	0	NA
VC10-Ctrl-54801785	7511510.5	LTR44:ERV1:LTR	3	0	0.00	0	NA
VC10-Ctrl-54801785	7511510.5	LTR45C:ERV1:LTR	24	0	0.00	0	NA
VC10-Ctrl-54801785	7511510.5	LTR58:ERV1:LTR	9	0	0.00	0	NA
VC10-Ctrl-54801785	7511510.5	LTR59:ERV1:LTR	8	0	0.00	0	NA
VC10-Ctrl-54801785	7511510.5	LTR75_1:ERV1:LTR	9	0	0.00	0	NA
VC10-Ctrl-54801785	7511510.5	LTR77:ERV1:LTR	38	0	0.00	0	NA
VC10-Ctrl-54801785	7511510.5	LTR91:ERVL:LTR	57	0	0.00	0	NA
VC10-Ctrl-54801785	7511510.5	MamGypLTR3:Gypsy:LTR	105	0	0.00	0	NA
VC10-Ctrl-54801785	7511510.5	MamRep1161:TcMar:DNA	7	0	0.00	0	NA
VC10-Ctrl-54801785	7511510.5	MamRep137:TcMar?:DNA	4	0	0.00	0	NA
VC10-Ctrl-54801785	7511510.5	MARINER1_EC:TcMar-Tigger:DNA	2	0	0.00	0	NA
VC10-Ctrl-54801785	7511510.5	MER129:LTR?:LTR?	63	0	0.00	0	NA
VC10-Ctrl-54801785	7511510.5	MER132:TcMar-Pogo:DNA	21	0	0.00	0	NA
VC10-Ctrl-54801785	7511510.5	MER133B:DNA?:DNA?	22	0	0.00	0	NA
VC10-Ctrl-54801785	7511510.5	MER47C:TcMar-Tigger:DNA	14	0	0.00	0	NA
VC10-Ctrl-54801785	7511510.5	MER4CL34:ERV1:LTR	6	0	0.00	0	NA
VC10-Ctrl-54801785	7511510.5	MER57E3:ERV1:LTR	4	0	0.00	0	NA
VC10-Ctrl-54801785	7511510.5	MER66A:ERV1:LTR	5	0	0.00	0	NA
VC10-Ctrl-54801785	7511510.5	MER66B:ERV1:LTR	7	0	0.00	0	NA
VC10-Ctrl-54801785	7511510.5	MER66C:ERV1:LTR	19	0	0.00	0	NA
VC10-Ctrl-54801785	7511510.5	MER72:ERV1:LTR	9	0	0.00	0	NA
VC10-Ctrl-54801785	7511510.5	MER76-int:ERVL:LTR	16	0	0.00	0	NA
VC10-Ctrl-54801785	7511510.5	MER83A-int:ERV1:LTR	1	0	0.00	0	NA
VC10-Ctrl-54801785	7511510.5	MER83B-int:ERV1:LTR	9	0	0.00	0	NA
VC10-Ctrl-54801785	7511510.5	MER89-int:ERV1:LTR	98	0	0.00	0	NA
VC10-Ctrl-54801785	7511510.5	MER96B:hAT:DNA	8	0	0.00	0	NA
VC10-Ctrl-54801785	7511510.5	MLT1E1A-int:ERVL-MaLR:LTR	28	0	0.00	0	NA
VC10-Ctrl-54801785	7511510.5	MLT1E1-int:ERVL-MaLR:LTR	8	0	0.00	0	NA
VC10-Ctrl-54801785	7511510.5	MLT1E3-int:ERVL-MaLR:LTR	12	0	0.00	0	NA
VC10-Ctrl-54801785	7511510.5	MLT1E-int:ERVL-MaLR:LTR	9	0	0.00	0	NA
VC10-Ctrl-54801785	7511510.5	MLT1G-int:ERVL-MaLR:LTR	39	0	0.00	0	NA
VC10-Ctrl-54801785	7511510.5	MLT1H2-int:ERVL-MaLR:LTR	53	0	0.00	0	NA
VC10-Ctrl-54801785	7511510.5	MLT1J2-int:ERVL-MaLR:LTR	27	0	0.00	0	NA
VC10-Ctrl-54801785	7511510.5	MLT1K-int:ERVL-MaLR:LTR	8	0	0.00	0	NA
VC10-Ctrl-54801785	7511510.5	MLT1L-int:ERVL-MaLR:LTR	13	0	0.00	0	NA
VC10-Ctrl-54801785	7511510.5	MLT1N2-int:ERVL-MaLR:LTR	3	0	0.00	0	NA
VC10-Ctrl-54801785	7511510.5	MLT1O-int:ERVL-MaLR:LTR	2	0	0.00	0	NA
VC10-Ctrl-54801785	7511510.5	nhAT5a_ML:hAT-Charlie:DNA	4	0	0.00	0	NA
VC10-Ctrl-54801785	7511510.5	Ricksha_0:MuDR:DNA	29	0	0.00	0	NA
VC10-Ctrl-54801785	7511510.5	Ricksha_a:MuDR:DNA	11	0	0.00	0	NA
VC10-Ctrl-54801785	7511510.5	Ricksha_b:MuDR:DNA	2	0	0.00	0	NA
VC10-Ctrl-54801785	7511510.5	Ricksha_b:MULE-MuDR:DNA	6	0	0.00	0	NA
VC10-Ctrl-54801785	7511510.5	RLTR43A:ERVK:LTR	3	0	0.00	0	NA
VC10-Ctrl-54801785	7511510.5	RLTR43B:ERVK:LTR	1	0	0.00	0	NA
VC10-Ctrl-54801785	7511510.5	RLTR46:ERVK:LTR	46	0	0.00	0	NA
VC10-Ctrl-54801785	7511510.5	RLTR47_MM:ERV1:LTR	45	0	0.00	0	NA
VC10-Ctrl-54801785	7511510.5	RLTR50A:ERVK:LTR	85	0	0.00	0	NA
VC10-Ctrl-54801785	7511510.5	RMER3D1:ERVK:LTR	1	0	0.00	0	NA
VC10-Ctrl-54801785	7511510.5	RMER3D2:ERVK:LTR	3	0	0.00	0	NA
VC10-Ctrl-54801785	7511510.5	RMER3D4:ERVK:LTR	2	0	0.00	0	NA
VC10-Ctrl-54801785	7511510.5	RNLTR23:ERVK:LTR	5	0	0.00	0	NA
VC10-Ctrl-54801785	7511510.5	Tigger1a_Mars:TcMar-Tigger:DNA	2	0	0.00	0	NA
VC10-Ctrl-54801785	7511510.5	tRNA-Arg-CGA:tRNA:tRNA	3	0	0.00	0	NA
VC10-Ctrl-54801785	7511510.5	tRNA-His-CAY:tRNA:tRNA	1	0	0.00	0	NA
VC10-Ctrl-54801785	7511510.5	tRNA-Leu-TTA(m):tRNA:tRNA	1	0	0.00	0	NA
VC10-Ctrl-54801785	7511510.5	tRNA-Ser-TCA:tRNA:tRNA	1	0	0.00	0	NA
VC10-Ctrl-54801785	7511510.5	tRNA-Tyr-TAT:tRNA:tRNA	3	0	0.00	0	NA
VC10-Ctrl-54801785	7511510.5	UCON13:Penelope?:LINE?	42	0	0.00	0	NA
VC10-Ctrl-54801785	7511510.5	UCON14:DNA?:DNA?	66	0	0.00	0	NA
VC10-Ctrl-54801785	7511510.5	UCON7:DNA?:DNA?	99	0	0.00	0	NA
VC10-Ctrl-54801785	7511510.5	X7D_LINE:CR1:LINE	10	0	0.00	0	NA
