Sample	aligned_libsize	Subfamily:Family:Class	copies	uniq_counts	tot_counts	tot_reads	avg_conf
VC11-Ctrl-54809768	6318000.5	LSU-rRNA_Hsa:rRNA:rRNA	480	247342	1019449.54	1017182	100.22
VC11-Ctrl-54809768	6318000.5	7SLRNA:srpRNA:srpRNA	437	954	210572.48	210175	100.19
VC11-Ctrl-54809768	6318000.5	FordPrefect:hAT-Tip100:DNA	291	53047	86024.43	86019	100.01
VC11-Ctrl-54809768	6318000.5	7SK:RNA:RNA	691	764	49736.55	49717	100.04
VC11-Ctrl-54809768	6318000.5	MMETn-int:ERVK:LTR	980	202	47498.99	49135	96.67
VC11-Ctrl-54809768	6318000.5	B3:B2:SINE	148427	20868	39296.97	42675	92.08
VC11-Ctrl-54809768	6318000.5	ID_B1:B4:SINE	110827	18083	28396.83	31265	90.83
VC11-Ctrl-54809768	6318000.5	B2_Mm2:B2:SINE	90007	13040	27248.29	29802	91.43
VC11-Ctrl-54809768	6318000.5	U2:snRNA:snRNA	921	230	26812.57	18109	148.06
VC11-Ctrl-54809768	6318000.5	L1Md_A:L1:LINE	16844	1193	26647.33	22654	117.63
VC11-Ctrl-54809768	6318000.5	SSU-rRNA_Hsa:rRNA:rRNA	45	987	26233.00	26225	100.03
VC11-Ctrl-54809768	6318000.5	U3:snRNA:snRNA	97	177	25637.51	19684	130.25
VC11-Ctrl-54809768	6318000.5	B1_Mus1:Alu:SINE	95081	15324	25625.47	28393	90.25
VC11-Ctrl-54809768	6318000.5	L1Md_T:L1:LINE	23688	1500	24078.29	26970	89.28
VC11-Ctrl-54809768	6318000.5	RSINE1:B4:SINE	115806	14160	21906.25	23856	91.83
VC11-Ctrl-54809768	6318000.5	B1_Mus2:Alu:SINE	70891	12432	20358.63	22996	88.53
VC11-Ctrl-54809768	6318000.5	B2_Mm1a:B2:SINE	18346	4270	18854.06	19277	97.81
VC11-Ctrl-54809768	6318000.5	U1:snRNA:snRNA	329	150	18636.39	16485	113.05
VC11-Ctrl-54809768	6318000.5	B3A:B2:SINE	92925	9862	17805.01	19567	91.00
VC11-Ctrl-54809768	6318000.5	PB1D10:Alu:SINE	65054	11872	15901.79	17495	90.89
VC11-Ctrl-54809768	6318000.5	B4A:B4:SINE	107073	8149	15639.32	17027	91.85
VC11-Ctrl-54809768	6318000.5	B2_Mm1t:B2:SINE	23218	3892	14535.84	16251	89.45
VC11-Ctrl-54809768	6318000.5	MMVL30-int:ERV1:LTR	956	12620	13119.84	13101	100.14
VC11-Ctrl-54809768	6318000.5	PB1D9:Alu:SINE	28939	8291	11940.95	13167	90.69
VC11-Ctrl-54809768	6318000.5	RLTR1B-int:ERV1:LTR	798	677	11303.77	10871	103.98
VC11-Ctrl-54809768	6318000.5	B1_Mur1:Alu:SINE	38058	7146	10702.08	11849	90.32
VC11-Ctrl-54809768	6318000.5	B1_Mur4:Alu:SINE	41031	6714	10638.42	11892	89.46
VC11-Ctrl-54809768	6318000.5	B1F:Alu:SINE	45170	7500	10546.13	11603	90.89
VC11-Ctrl-54809768	6318000.5	B1_Mur2:Alu:SINE	31869	6707	10128.51	11041	91.74
VC11-Ctrl-54809768	6318000.5	B1_Mm:Alu:SINE	42910	6241	10081.14	11342	88.88
VC11-Ctrl-54809768	6318000.5	L1Md_F2:L1:LINE	64898	1753	9565.65	12407	77.10
VC11-Ctrl-54809768	6318000.5	ETnERV-int:ERVK:LTR	906	63	8787.37	23884	36.79
VC11-Ctrl-54809768	6318000.5	B4:B4:SINE	64020	4649	8662.75	9589	90.34
VC11-Ctrl-54809768	6318000.5	B1_Mur3:Alu:SINE	24632	5354	8198.25	8924	91.87
VC11-Ctrl-54809768	6318000.5	L1_Mus1:L1:LINE	27252	1967	7587.93	8156	93.03
VC11-Ctrl-54809768	6318000.5	U17:snRNA:snRNA	24	604	7461.88	7459	100.04
VC11-Ctrl-54809768	6318000.5	MTD:ERVL-MaLR:LTR	51544	3085	7140.25	7542	94.67
VC11-Ctrl-54809768	6318000.5	PB1D7:Alu:SINE	24346	5286	7129.72	7827	91.09
VC11-Ctrl-54809768	6318000.5	MIRb:MIR:SINE	42160	4532	6304.43	6601	95.51
VC11-Ctrl-54809768	6318000.5	Lx8:L1:LINE	49141	2173	6154.83	6417	95.91
VC11-Ctrl-54809768	6318000.5	B1F1:Alu:SINE	19678	4111	5711.41	6185	92.34
VC11-Ctrl-54809768	6318000.5	ID4:ID:SINE	23970	4383	5499.03	5939	92.59
VC11-Ctrl-54809768	6318000.5	L1_Mus3:L1:LINE	48489	917	5233.01	5805	90.15
VC11-Ctrl-54809768	6318000.5	ID4_:ID:SINE	26384	3856	5186.18	5588	92.81
VC11-Ctrl-54809768	6318000.5	B1F2:Alu:SINE	16513	3205	4838.78	5152	93.92
VC11-Ctrl-54809768	6318000.5	MIR:MIR:SINE	38978	3362	4720.91	4939	95.58
VC11-Ctrl-54809768	6318000.5	MTC:ERVL-MaLR:LTR	27489	2011	4547.76	4905	92.72
VC11-Ctrl-54809768	6318000.5	L2a:L2:LINE	24277	2597	4110.60	4248	96.77
VC11-Ctrl-54809768	6318000.5	MTA_Mm:ERVL-MaLR:LTR	15623	865	3949.55	4351	90.77
VC11-Ctrl-54809768	6318000.5	MTA_Mm-int:ERVL-MaLR:LTR	3027	99	3945.94	4049	97.45
VC11-Ctrl-54809768	6318000.5	IAPEz-int:ERVK:LTR	7319	161	3913.33	3455	113.27
VC11-Ctrl-54809768	6318000.5	Lx7:L1:LINE	40190	967	3896.41	4081	95.48
VC11-Ctrl-54809768	6318000.5	PB1D11:Alu:SINE	18484	2862	3853.77	4309	89.44
VC11-Ctrl-54809768	6318000.5	RMER15:ERVL:LTR	18077	1214	3763.79	3627	103.77
VC11-Ctrl-54809768	6318000.5	MIRc:MIR:SINE	23213	2970	3709.30	3825	96.98
VC11-Ctrl-54809768	6318000.5	RLTR19-int:ERVK:LTR	2407	622	3582.29	2982	120.13
VC11-Ctrl-54809768	6318000.5	Lx9:L1:LINE	49160	1052	3512.88	3695	95.07
VC11-Ctrl-54809768	6318000.5	Lx:L1:LINE	24834	676	3464.35	3739	92.65
VC11-Ctrl-54809768	6318000.5	Lx3B:L1:LINE	5993	217	3258.87	3279	99.39
VC11-Ctrl-54809768	6318000.5	ORR1D1:ERVL-MaLR:LTR	21507	1428	3164.22	3400	93.07
VC11-Ctrl-54809768	6318000.5	PB1:Alu:SINE	11784	2203	3115.26	3442	90.51
VC11-Ctrl-54809768	6318000.5	URR1B:hAT-Charlie:DNA	16889	1824	3089.64	3297	93.71
VC11-Ctrl-54809768	6318000.5	RMER16-int:ERVK:LTR	2599	209	3067.14	3119	98.34
VC11-Ctrl-54809768	6318000.5	L1M4:L1:LINE	13935	1347	3041.50	3428	88.73
VC11-Ctrl-54809768	6318000.5	MMERVK10C-int:ERVK:LTR	3230	2146	3028.87	2990	101.30
VC11-Ctrl-54809768	6318000.5	ORR1E:ERVL-MaLR:LTR	22742	1286	2899.96	3019	96.06
VC11-Ctrl-54809768	6318000.5	L2:L2:LINE	17614	1962	2888.25	2985	96.76
VC11-Ctrl-54809768	6318000.5	L1Md_F3:L1:LINE	16146	352	2783.16	3820	72.86
VC11-Ctrl-54809768	6318000.5	MT2B:ERVL:LTR	13977	1734	2777.88	3589	77.40
VC11-Ctrl-54809768	6318000.5	RLTR13G:ERVK:LTR	877	29	2761.02	3424	80.64
VC11-Ctrl-54809768	6318000.5	L1_Mus2:L1:LINE	21079	524	2740.71	3208	85.43
VC11-Ctrl-54809768	6318000.5	MIR3:MIR:SINE	16085	2111	2704.35	2779	97.31
VC11-Ctrl-54809768	6318000.5	URR1A:hAT-Charlie:DNA	17621	1674	2681.98	2850	94.10
VC11-Ctrl-54809768	6318000.5	L2c:L2:LINE	12298	2056	2668.69	2741	97.36
VC11-Ctrl-54809768	6318000.5	ORR1A2:ERVL-MaLR:LTR	14843	836	2619.57	2826	92.70
VC11-Ctrl-54809768	6318000.5	L3:CR1:LINE	9732	2084	2458.06	2488	98.80
VC11-Ctrl-54809768	6318000.5	ORR1B1:ERVL-MaLR:LTR	17313	824	2457.84	2658	92.47
VC11-Ctrl-54809768	6318000.5	MTEa:ERVL-MaLR:LTR	20061	1222	2432.75	2604	93.42
VC11-Ctrl-54809768	6318000.5	RMER6A:ERVK:LTR	3983	495	2404.89	2305	104.33
VC11-Ctrl-54809768	6318000.5	L1_Mur3:L1:LINE	27399	447	2403.23	2558	93.95
VC11-Ctrl-54809768	6318000.5	LTRIS2:ERV1:LTR	1423	234	2337.44	2423	96.47
VC11-Ctrl-54809768	6318000.5	MERVL-int:ERVL:LTR	2600	414	2226.38	2038	109.24
VC11-Ctrl-54809768	6318000.5	MTE2a:ERVL-MaLR:LTR	15148	877	2139.40	2233	95.81
VC11-Ctrl-54809768	6318000.5	ORR1F:ERVL-MaLR:LTR	23086	1052	2013.25	2129	94.56
VC11-Ctrl-54809768	6318000.5	ERVB7_1-LTR_MM:ERVK:LTR	770	37	1978.43	3662	54.03
VC11-Ctrl-54809768	6318000.5	U4:snRNA:snRNA	108	53	1957.34	1962	99.76
VC11-Ctrl-54809768	6318000.5	MMERVK9C_I-int:ERVK:LTR	1807	197	1928.68	2002	96.34
VC11-Ctrl-54809768	6318000.5	Lx5:L1:LINE	16339	324	1917.25	2024	94.73
VC11-Ctrl-54809768	6318000.5	ORR1D2:ERVL-MaLR:LTR	15061	747	1862.04	1996	93.29
VC11-Ctrl-54809768	6318000.5	MTB:ERVL-MaLR:LTR	6419	452	1747.64	2073	84.30
VC11-Ctrl-54809768	6318000.5	L2b:L2:LINE	13720	1287	1744.09	1808	96.47
VC11-Ctrl-54809768	6318000.5	L1MB7:L1:LINE	6956	755	1727.40	1824	94.70
VC11-Ctrl-54809768	6318000.5	MERVL_2A-int:ERVL:LTR	3899	204	1680.61	1918	87.62
VC11-Ctrl-54809768	6318000.5	L1_Mm:L1:LINE	5429	377	1670.69	3360	49.72
VC11-Ctrl-54809768	6318000.5	Lx6:L1:LINE	18164	311	1669.00	1669	100.00
VC11-Ctrl-54809768	6318000.5	Lx8b:L1:LINE	24166	494	1651.55	1748	94.48
VC11-Ctrl-54809768	6318000.5	L1M5:L1:LINE	16596	895	1623.30	1797	90.33
VC11-Ctrl-54809768	6318000.5	tRNA-Ser-TCA(m):tRNA:tRNA	4	1005	1599.31	1599	100.02
VC11-Ctrl-54809768	6318000.5	L1M2:L1:LINE	18488	507	1590.74	1750	90.90
VC11-Ctrl-54809768	6318000.5	RMER19B:ERVK:LTR	5640	309	1531.21	1623	94.34
VC11-Ctrl-54809768	6318000.5	ORR1A2-int:ERVL-MaLR:LTR	2132	307	1496.71	1606	93.19
VC11-Ctrl-54809768	6318000.5	MTE2b:ERVL-MaLR:LTR	14367	693	1496.50	1599	93.59
VC11-Ctrl-54809768	6318000.5	ORR1A4:ERVL-MaLR:LTR	7791	478	1491.21	1621	91.99
VC11-Ctrl-54809768	6318000.5	ORR1C2:ERVL-MaLR:LTR	12473	588	1470.57	1585	92.78
VC11-Ctrl-54809768	6318000.5	Lx2:L1:LINE	18521	292	1465.62	1583	92.58
VC11-Ctrl-54809768	6318000.5	L1_Mur2:L1:LINE	20769	343	1453.67	1639	88.69
VC11-Ctrl-54809768	6318000.5	MT2A:ERVL:LTR	10140	508	1391.60	1489	93.46
VC11-Ctrl-54809768	6318000.5	Lx5c:L1:LINE	16422	330	1341.40	1447	92.70
VC11-Ctrl-54809768	6318000.5	RLTR17B_Mm:ERVK:LTR	27369	847	1245.35	1344	92.66
VC11-Ctrl-54809768	6318000.5	BC1_Mm:scRNA:scRNA	6758	812	1240.40	1344	92.29
VC11-Ctrl-54809768	6318000.5	MER2:TcMar-Tigger:DNA	10246	672	1237.97	1320	93.79
VC11-Ctrl-54809768	6318000.5	MER20:hAT-Charlie:DNA	5994	852	1218.83	1265	96.35
VC11-Ctrl-54809768	6318000.5	MER34B-int:ERV1:LTR	81	398	1212.00	1211	100.08
VC11-Ctrl-54809768	6318000.5	MER5A:hAT-Charlie:DNA	8982	949	1197.88	1262	94.92
VC11-Ctrl-54809768	6318000.5	ID2:ID:SINE	5671	972	1182.06	1285	91.99
VC11-Ctrl-54809768	6318000.5	MTEb:ERVL-MaLR:LTR	10811	609	1176.03	1240	94.84
VC11-Ctrl-54809768	6318000.5	MT2B1:ERVL:LTR	7248	390	1175.10	1250	94.01
VC11-Ctrl-54809768	6318000.5	RMER1B:Other:Other	7511	299	1168.60	1137	102.78
VC11-Ctrl-54809768	6318000.5	ORR1B2:ERVL-MaLR:LTR	8528	492	1165.46	1268	91.91
VC11-Ctrl-54809768	6318000.5	L1VL2:L1:LINE	4697	200	1160.74	1188	97.71
VC11-Ctrl-54809768	6318000.5	MT2_Mm:ERVL:LTR	2667	455	1142.82	1114	102.59
VC11-Ctrl-54809768	6318000.5	ORR1A0-int:ERVL-MaLR:LTR	456	27	1135.71	1175	96.66
VC11-Ctrl-54809768	6318000.5	RCHARR1:hAT-Charlie:DNA	6811	355	1092.23	1207	90.49
VC11-Ctrl-54809768	6318000.5	RLTR9E:ERVK:LTR	1318	216	1075.26	1169	91.98
VC11-Ctrl-54809768	6318000.5	MLT1A1:ERVL-MaLR:LTR	9015	693	1063.00	1168	91.01
VC11-Ctrl-54809768	6318000.5	Lx2B2:L1:LINE	11012	137	1060.12	1203	88.12
VC11-Ctrl-54809768	6318000.5	RMER4B:ERVK:LTR	5158	410	1053.05	1118	94.19
VC11-Ctrl-54809768	6318000.5	RMER1A:Other:Other	3854	123	1049.88	1085	96.76
VC11-Ctrl-54809768	6318000.5	RMER5:ERV1:LTR	7418	447	1043.24	1084	96.24
VC11-Ctrl-54809768	6318000.5	MT2B2:ERVL:LTR	3655	549	1013.22	1164	87.05
VC11-Ctrl-54809768	6318000.5	L1MC4:L1:LINE	5589	487	990.86	1055	93.92
VC11-Ctrl-54809768	6318000.5	L1_Mus4:L1:LINE	11880	210	980.11	1087	90.17
VC11-Ctrl-54809768	6318000.5	ORR1B1-int:ERVL-MaLR:LTR	2965	175	976.76	1063	91.89
VC11-Ctrl-54809768	6318000.5	MLT1B:ERVL-MaLR:LTR	9316	514	975.81	1024	95.29
VC11-Ctrl-54809768	6318000.5	RLTR17:ERVK:LTR	1758	233	972.02	998	97.40
VC11-Ctrl-54809768	6318000.5	RMER10A:ERVL:LTR	4464	407	969.20	997	97.21
VC11-Ctrl-54809768	6318000.5	MLT1D:ERVL-MaLR:LTR	8368	491	968.82	1025	94.52
VC11-Ctrl-54809768	6318000.5	ORR1C1:ERVL-MaLR:LTR	7423	348	964.12	1036	93.06
VC11-Ctrl-54809768	6318000.5	L1MEg:L1:LINE	3797	726	956.37	985	97.09
VC11-Ctrl-54809768	6318000.5	ERVB4_1C-LTR_Mm:ERVK:LTR	961	8	956.33	2247	42.56
VC11-Ctrl-54809768	6318000.5	L1Md_Gf:L1:LINE	1080	43	951.97	3336	28.54
VC11-Ctrl-54809768	6318000.5	L1MB8:L1:LINE	6000	362	943.79	1036	91.10
VC11-Ctrl-54809768	6318000.5	ORR1A4-int:ERVL-MaLR:LTR	1326	46	908.76	1003	90.60
VC11-Ctrl-54809768	6318000.5	ID:ID:SINE	8022	668	896.87	1045	85.82
VC11-Ctrl-54809768	6318000.5	MYSERV6-int:ERVK:LTR	3183	112	882.69	925	95.43
VC11-Ctrl-54809768	6318000.5	MLTR14:ERV1:LTR	6798	412	879.06	927	94.83
VC11-Ctrl-54809768	6318000.5	MTB_Mm:ERVL-MaLR:LTR	4963	317	861.48	924	93.23
VC11-Ctrl-54809768	6318000.5	L1_Rod:L1:LINE	11315	213	834.02	885	94.24
VC11-Ctrl-54809768	6318000.5	L1ME1:L1:LINE	5261	331	831.49	890	93.43
VC11-Ctrl-54809768	6318000.5	MMERVK9E_I-int:ERVK:LTR	1568	36	830.29	865	95.99
VC11-Ctrl-54809768	6318000.5	L1VL4:L1:LINE	6091	131	829.20	897	92.44
VC11-Ctrl-54809768	6318000.5	MTE-int:ERVL-MaLR:LTR	4958	333	821.23	871	94.29
VC11-Ctrl-54809768	6318000.5	L1MEi:L1:LINE	478	241	819.76	885	92.63
VC11-Ctrl-54809768	6318000.5	RLTR25B:ERVK:LTR	3674	460	811.19	1042	77.85
VC11-Ctrl-54809768	6318000.5	ORR1A0:ERVL-MaLR:LTR	2133	147	784.90	908	86.44
VC11-Ctrl-54809768	6318000.5	RMER4A:ERVK:LTR	3287	358	782.77	838	93.41
VC11-Ctrl-54809768	6318000.5	L1MB3:L1:LINE	5343	338	767.76	829	92.61
VC11-Ctrl-54809768	6318000.5	Lx4A:L1:LINE	10564	208	763.81	836	91.36
VC11-Ctrl-54809768	6318000.5	L1MA4:L1:LINE	7467	277	761.24	821	92.72
VC11-Ctrl-54809768	6318000.5	RLTRETN_Mm:ERVK:LTR	1355	106	756.69	1642	46.08
VC11-Ctrl-54809768	6318000.5	Lx3_Mus:L1:LINE	12651	138	756.29	826	91.56
VC11-Ctrl-54809768	6318000.5	MER58A:hAT-Charlie:DNA	3714	514	739.34	765	96.65
VC11-Ctrl-54809768	6318000.5	ORR1A3:ERVL-MaLR:LTR	4381	242	729.43	836	87.25
VC11-Ctrl-54809768	6318000.5	L1Md_F:L1:LINE	4016	78	724.08	1386	52.24
VC11-Ctrl-54809768	6318000.5	Lx5b:L1:LINE	7975	198	723.15	752	96.16
VC11-Ctrl-54809768	6318000.5	L1MC1:L1:LINE	5571	291	711.36	756	94.09
VC11-Ctrl-54809768	6318000.5	MLT1A0:ERVL-MaLR:LTR	10413	380	709.65	764	92.89
VC11-Ctrl-54809768	6318000.5	Lx4B:L1:LINE	5680	117	707.08	746	94.78
VC11-Ctrl-54809768	6318000.5	MLT1C:ERVL-MaLR:LTR	7791	344	697.16	728	95.76
VC11-Ctrl-54809768	6318000.5	Lx3A:L1:LINE	9223	211	687.60	702	97.95
VC11-Ctrl-54809768	6318000.5	U5:snRNA:snRNA	85	217	681.07	567	120.12
VC11-Ctrl-54809768	6318000.5	RLTR11A:ERVK:LTR	2655	275	679.74	725	93.76
VC11-Ctrl-54809768	6318000.5	L1MB5:L1:LINE	3766	284	673.08	721	93.35
VC11-Ctrl-54809768	6318000.5	Tigger7:TcMar-Tigger:DNA	5206	308	664.05	702	94.59
VC11-Ctrl-54809768	6318000.5	L1MD:L1:LINE	6361	351	654.50	719	91.03
VC11-Ctrl-54809768	6318000.5	L1MEd:L1:LINE	3245	473	643.77	667	96.52
VC11-Ctrl-54809768	6318000.5	L1MB2:L1:LINE	2927	250	643.12	680	94.58
VC11-Ctrl-54809768	6318000.5	MER5B:hAT-Charlie:DNA	5140	470	640.05	656	97.57
VC11-Ctrl-54809768	6318000.5	MTC-int:ERVL-MaLR:LTR	3520	111	638.90	707	90.37
VC11-Ctrl-54809768	6318000.5	ORR1A1:ERVL-MaLR:LTR	4414	225	638.27	710	89.90
VC11-Ctrl-54809768	6318000.5	MurERV4-int:ERVK:LTR	1525	64	622.36	645	96.49
VC11-Ctrl-54809768	6318000.5	MMERGLN-int:ERV1:LTR	856	28	621.88	633	98.24
VC11-Ctrl-54809768	6318000.5	MER3:hAT-Charlie:DNA	2967	488	621.29	653	95.14
VC11-Ctrl-54809768	6318000.5	RMER6C:ERVK:LTR	4887	163	616.72	678	90.96
VC11-Ctrl-54809768	6318000.5	L1MC5:L1:LINE	3476	309	609.02	667	91.31
VC11-Ctrl-54809768	6318000.5	MER21B:ERVL:LTR	1618	272	603.08	621	97.11
VC11-Ctrl-54809768	6318000.5	BGLII:ERVK:LTR	2269	227	587.61	610	96.33
VC11-Ctrl-54809768	6318000.5	L1M3:L1:LINE	7043	241	585.30	665	88.02
VC11-Ctrl-54809768	6318000.5	RLTR10-int:ERVK:LTR	2617	35	580.44	537	108.09
VC11-Ctrl-54809768	6318000.5	MLTR25A:ERVK:LTR	2168	137	563.37	638	88.30
VC11-Ctrl-54809768	6318000.5	MTD-int:ERVL-MaLR:LTR	2521	56	560.06	629	89.04
VC11-Ctrl-54809768	6318000.5	Charlie1a:hAT-Charlie:DNA	2660	223	557.15	607	91.79
VC11-Ctrl-54809768	6318000.5	L1MA6:L1:LINE	6985	230	556.98	596	93.45
VC11-Ctrl-54809768	6318000.5	RMER17C:ERVK:LTR	6479	256	549.84	608	90.43
VC11-Ctrl-54809768	6318000.5	RLTR11A2:ERVK:LTR	2676	166	543.24	566	95.98
VC11-Ctrl-54809768	6318000.5	L1MC3:L1:LINE	5288	232	536.69	564	95.16
VC11-Ctrl-54809768	6318000.5	MER58B:hAT-Charlie:DNA	2843	331	532.39	547	97.33
VC11-Ctrl-54809768	6318000.5	ORR1G:ERVL-MaLR:LTR	4680	264	528.34	562	94.01
VC11-Ctrl-54809768	6318000.5	Lx2B:L1:LINE	6191	96	527.56	571	92.39
VC11-Ctrl-54809768	6318000.5	ORR1A1-int:ERVL-MaLR:LTR	859	60	521.70	599	87.10
VC11-Ctrl-54809768	6318000.5	MLT1K:ERVL-MaLR:LTR	2759	248	519.70	528	98.43
VC11-Ctrl-54809768	6318000.5	RLTR11B:ERVK:LTR	1049	302	513.91	531	96.78
VC11-Ctrl-54809768	6318000.5	MuRRS4-int:ERV1:LTR	2735	62	513.62	515	99.73
VC11-Ctrl-54809768	6318000.5	L1MC:L1:LINE	5426	250	509.04	567	89.78
VC11-Ctrl-54809768	6318000.5	RLTR4_MM-int:ERV1:LTR	432	88	503.37	471	106.87
VC11-Ctrl-54809768	6318000.5	RLTR42-int:ERVK:LTR	2473	216	502.84	514	97.83
VC11-Ctrl-54809768	6318000.5	RLTR31D_MM:ERVK:LTR	8270	255	500.04	662	75.53
VC11-Ctrl-54809768	6318000.5	L1MA5:L1:LINE	4952	217	499.45	540	92.49
VC11-Ctrl-54809768	6318000.5	HAL1:L1:LINE	3550	250	497.72	524	94.98
VC11-Ctrl-54809768	6318000.5	RLTR6-int:ERV1:LTR	1220	72	494.98	513	96.49
VC11-Ctrl-54809768	6318000.5	L1MC4a:L1:LINE	3077	226	492.01	521	94.44
VC11-Ctrl-54809768	6318000.5	RMER30:hAT-Charlie:DNA	3588	366	491.05	517	94.98
VC11-Ctrl-54809768	6318000.5	L1MA8:L1:LINE	3882	262	486.18	528	92.08
VC11-Ctrl-54809768	6318000.5	4.5SRNA:scRNA:scRNA	1517	152	485.41	541	89.72
VC11-Ctrl-54809768	6318000.5	RMER10B:ERVL:LTR	3002	216	483.83	531	91.12
VC11-Ctrl-54809768	6318000.5	RLTR45-int:ERVK:LTR	1317	64	482.89	472	102.31
VC11-Ctrl-54809768	6318000.5	L1MEc:L1:LINE	5378	222	475.95	516	92.24
VC11-Ctrl-54809768	6318000.5	RLTR20A4:ERVK:LTR	11527	342	474.87	519	91.50
VC11-Ctrl-54809768	6318000.5	MER33:hAT-Charlie:DNA	2719	270	474.57	486	97.65
VC11-Ctrl-54809768	6318000.5	Charlie5:hAT-Charlie:DNA	1547	376	468.13	497	94.19
VC11-Ctrl-54809768	6318000.5	MusHAL1:L1:LINE	3890	178	462.41	495	93.42
VC11-Ctrl-54809768	6318000.5	L1_Mur1:L1:LINE	7793	55	455.00	528	86.17
VC11-Ctrl-54809768	6318000.5	MER21C:ERVL:LTR	2261	209	453.18	467	97.04
VC11-Ctrl-54809768	6318000.5	tRNA-Ala-GCY_:tRNA:tRNA	2580	371	452.18	497	90.98
VC11-Ctrl-54809768	6318000.5	Lx10:L1:LINE	10010	137	448.61	481	93.27
VC11-Ctrl-54809768	6318000.5	L3b:CR1:LINE	2304	364	446.21	453	98.50
VC11-Ctrl-54809768	6318000.5	ORR1D1-int:ERVL-MaLR:LTR	1715	83	445.73	524	85.06
VC11-Ctrl-54809768	6318000.5	LTRIS_Mus:ERV1:LTR	919	111	440.16	443	99.36
VC11-Ctrl-54809768	6318000.5	L1MD2:L1:LINE	3227	193	437.11	459	95.23
VC11-Ctrl-54809768	6318000.5	Lx3C:L1:LINE	6475	97	429.97	456	94.29
VC11-Ctrl-54809768	6318000.5	IAPLTR1_Mm:ERVK:LTR	1492	10	424.37	470	90.29
VC11-Ctrl-54809768	6318000.5	RLTR40:ERVK:LTR	2651	131	424.31	447	94.92
VC11-Ctrl-54809768	6318000.5	RLTR28:ERVL:LTR	1949	205	418.44	442	94.67
VC11-Ctrl-54809768	6318000.5	RMER15-int:ERVL:LTR	3100	110	411.77	433	95.10
VC11-Ctrl-54809768	6318000.5	RLTR16B_MM:ERVK:LTR	635	129	411.64	426	96.63
VC11-Ctrl-54809768	6318000.5	L1ME4a:L1:LINE	1560	278	405.35	433	93.61
VC11-Ctrl-54809768	6318000.5	L1MB4:L1:LINE	2690	198	401.05	424	94.59
VC11-Ctrl-54809768	6318000.5	RLTR15:ERVK:LTR	2437	164	400.42	446	89.78
VC11-Ctrl-54809768	6318000.5	LFSINE_Vert:tRNA:SINE	1208	352	395.97	396	99.99
VC11-Ctrl-54809768	6318000.5	MTB-int:ERVL-MaLR:LTR	592	22	395.88	476	83.17
VC11-Ctrl-54809768	6318000.5	LTR50:ERVL:LTR	549	104	390.16	339	115.09
VC11-Ctrl-54809768	6318000.5	MYSERV16_I-int:ERVK:LTR	2516	60	389.50	411	94.77
VC11-Ctrl-54809768	6318000.5	MLTR18B_MM:ERVK:LTR	468	77	386.79	383	100.99
VC11-Ctrl-54809768	6318000.5	MER5A1:hAT-Charlie:DNA	3905	285	382.92	386	99.20
VC11-Ctrl-54809768	6318000.5	RMER1C:Other:Other	6347	153	381.14	405	94.11
VC11-Ctrl-54809768	6318000.5	RLTR25A:ERVK:LTR	1781	191	375.78	440	85.40
VC11-Ctrl-54809768	6318000.5	Tigger1:TcMar-Tigger:DNA	1025	152	374.51	393	95.30
VC11-Ctrl-54809768	6318000.5	ETnERV2-int:ERVK:LTR	1805	30	374.10	408	91.69
VC11-Ctrl-54809768	6318000.5	MLT1E2:ERVL-MaLR:LTR	1821	129	374.01	346	108.09
VC11-Ctrl-54809768	6318000.5	MER58C:hAT-Charlie:DNA	436	306	372.41	376	99.04
VC11-Ctrl-54809768	6318000.5	L1MCa:L1:LINE	3565	192	366.32	382	95.89
VC11-Ctrl-54809768	6318000.5	ORR1A3-int:ERVL-MaLR:LTR	2435	48	366.05	425	86.13
VC11-Ctrl-54809768	6318000.5	RMER19A:ERVK:LTR	2095	97	365.87	378	96.79
VC11-Ctrl-54809768	6318000.5	RLTR12C:ERVK:LTR	319	224	364.76	374	97.53
VC11-Ctrl-54809768	6318000.5	MamSINE1:tRNA:SINE	410	306	364.00	364	100.00
VC11-Ctrl-54809768	6318000.5	RMER17B:ERVK:LTR	2898	94	363.72	381	95.47
VC11-Ctrl-54809768	6318000.5	RMER19B2:ERVK:LTR	2296	69	362.98	371	97.84
VC11-Ctrl-54809768	6318000.5	MT2C_Mm:ERVL:LTR	1982	105	362.30	383	94.59
VC11-Ctrl-54809768	6318000.5	RMER12:ERVK:LTR	3319	110	360.31	399	90.30
VC11-Ctrl-54809768	6318000.5	RLTR21:ERVK:LTR	3816	83	358.58	375	95.62
VC11-Ctrl-54809768	6318000.5	Charlie1:hAT-Charlie:DNA	977	135	354.07	381	92.93
VC11-Ctrl-54809768	6318000.5	RMER6D:ERVK:LTR	2411	104	353.75	380	93.09
VC11-Ctrl-54809768	6318000.5	RLTR13B1:ERVK:LTR	1029	64	351.90	384	91.64
VC11-Ctrl-54809768	6318000.5	ETnERV3-int:ERVK:LTR	560	37	344.52	341	101.03
VC11-Ctrl-54809768	6318000.5	MLT1J:ERVL-MaLR:LTR	2943	209	343.40	349	98.40
VC11-Ctrl-54809768	6318000.5	RMER13B:ERVK:LTR	2134	82	340.91	348	97.96
VC11-Ctrl-54809768	6318000.5	RLTR49:ERVK:LTR	933	195	340.65	367	92.82
VC11-Ctrl-54809768	6318000.5	MLTR11A:ERVK:LTR	2124	126	339.24	355	95.56
VC11-Ctrl-54809768	6318000.5	MLT1A:ERVL-MaLR:LTR	4950	183	333.79	349	95.64
VC11-Ctrl-54809768	6318000.5	U6:snRNA:snRNA	1353	164	331.30	333	99.49
VC11-Ctrl-54809768	6318000.5	AmnSINE1:Deu:SINE	1311	280	327.22	332	98.56
VC11-Ctrl-54809768	6318000.5	L1MA7:L1:LINE	3250	115	325.35	357	91.13
VC11-Ctrl-54809768	6318000.5	MER44B:TcMar-Tigger:DNA	1493	179	324.93	341	95.29
VC11-Ctrl-54809768	6318000.5	L1MC5a:L1:LINE	2588	173	322.33	341	94.52
VC11-Ctrl-54809768	6318000.5	MamGyp-int:Gypsy:LTR	28	70	318.60	310	102.78
VC11-Ctrl-54809768	6318000.5	RLTR20C1_MM:ERVK:LTR	5561	247	317.87	340	93.49
VC11-Ctrl-54809768	6318000.5	MLT1F:ERVL-MaLR:LTR	1561	222	317.48	329	96.50
VC11-Ctrl-54809768	6318000.5	MER68:ERVL:LTR	637	148	314.67	332	94.78
VC11-Ctrl-54809768	6318000.5	RLTR20B1:ERVK:LTR	668	63	314.21	332	94.64
VC11-Ctrl-54809768	6318000.5	L1MA9:L1:LINE	4587	123	312.51	326	95.86
VC11-Ctrl-54809768	6318000.5	MLTR11B:ERVK:LTR	2985	111	310.37	320	96.99
VC11-Ctrl-54809768	6318000.5	RLTR22_Mur:ERVK:LTR	2503	89	305.76	320	95.55
VC11-Ctrl-54809768	6318000.5	MRLTR33:ERVK:LTR	624	131	304.88	319	95.57
VC11-Ctrl-54809768	6318000.5	RLTR14-int:ERV1:LTR	1816	126	303.31	311	97.53
VC11-Ctrl-54809768	6318000.5	HAL1ME:L1:LINE	900	166	301.69	345	87.45
VC11-Ctrl-54809768	6318000.5	L1MD3:L1:LINE	2480	166	297.49	323	92.10
VC11-Ctrl-54809768	6318000.5	Tigger10:TcMar-Tigger:DNA	242	83	290.36	298	97.44
VC11-Ctrl-54809768	6318000.5	RMER12C:ERVK:LTR	4954	126	290.16	315	92.12
VC11-Ctrl-54809768	6318000.5	L1MD1:L1:LINE	2268	102	289.42	318	91.01
VC11-Ctrl-54809768	6318000.5	L1VL1:L1:LINE	1797	45	288.71	351	82.25
VC11-Ctrl-54809768	6318000.5	L1M4b:L1:LINE	2190	117	288.53	304	94.91
VC11-Ctrl-54809768	6318000.5	RLTR13E:ERVK:LTR	603	44	285.49	341	83.72
VC11-Ctrl-54809768	6318000.5	IAP1-MM_I-int:ERVK:LTR	479	97	283.50	284	99.82
VC11-Ctrl-54809768	6318000.5	L1MC2:L1:LINE	2252	133	282.50	306	92.32
VC11-Ctrl-54809768	6318000.5	RMER3D-int:ERVK:LTR	2711	53	278.84	291	95.82
VC11-Ctrl-54809768	6318000.5	RMER6B:ERVK:LTR	1360	87	276.75	301	91.94
VC11-Ctrl-54809768	6318000.5	MLT1G1:ERVL-MaLR:LTR	1080	46	275.10	280	98.25
VC11-Ctrl-54809768	6318000.5	RMER21A:ERV1:LTR	622	159	273.27	284	96.22
VC11-Ctrl-54809768	6318000.5	RLTR14:ERV1:LTR	2341	102	272.58	287	94.98
VC11-Ctrl-54809768	6318000.5	L1M4c:L1:LINE	2049	91	265.83	288	92.30
VC11-Ctrl-54809768	6318000.5	ORR1D2-int:ERVL-MaLR:LTR	1361	48	265.38	284	93.44
VC11-Ctrl-54809768	6318000.5	RLTR41:ERV1:LTR	1121	97	261.90	294	89.08
VC11-Ctrl-54809768	6318000.5	L1ME2:L1:LINE	2633	130	261.40	275	95.05
VC11-Ctrl-54809768	6318000.5	RMER13A2:ERVK:LTR	1473	88	260.87	271	96.26
VC11-Ctrl-54809768	6318000.5	L1ME3A:L1:LINE	2086	136	260.00	270	96.30
VC11-Ctrl-54809768	6318000.5	ORR1E-int:ERVL-MaLR:LTR	1446	31	258.72	285	90.78
VC11-Ctrl-54809768	6318000.5	L1ME4b:L1:LINE	1818	131	257.67	284	90.73
VC11-Ctrl-54809768	6318000.5	RLTR18:ERVK:LTR	610	42	257.56	295	87.31
VC11-Ctrl-54809768	6318000.5	Tigger19a:TcMar-Tigger:DNA	771	234	256.00	267	95.88
VC11-Ctrl-54809768	6318000.5	ORR1C2-int:ERVL-MaLR:LTR	914	35	254.84	270	94.39
VC11-Ctrl-54809768	6318000.5	RLTR14_RN:ERV1:LTR	1148	90	251.01	262	95.81
VC11-Ctrl-54809768	6318000.5	L1MEf:L1:LINE	3127	108	250.46	281	89.13
VC11-Ctrl-54809768	6318000.5	Charlie8:hAT-Charlie:DNA	728	126	248.15	253	98.08
VC11-Ctrl-54809768	6318000.5	RLTR31B2:ERVK:LTR	1192	90	247.95	257	96.48
VC11-Ctrl-54809768	6318000.5	RLTR23:ERV1:LTR	1524	93	247.63	270	91.72
VC11-Ctrl-54809768	6318000.5	L1MDa:L1:LINE	3451	104	247.47	273	90.65
VC11-Ctrl-54809768	6318000.5	RLTR33:ERVK:LTR	1336	45	242.67	255	95.16
VC11-Ctrl-54809768	6318000.5	RLTR10:ERVK:LTR	2930	29	240.38	255	94.27
VC11-Ctrl-54809768	6318000.5	RLTR10C:ERVK:LTR	1779	58	240.30	261	92.07
VC11-Ctrl-54809768	6318000.5	MLT1F2:ERVL-MaLR:LTR	2297	120	239.49	247	96.96
VC11-Ctrl-54809768	6318000.5	RMER17D:ERVK:LTR	1166	87	239.00	237	100.85
VC11-Ctrl-54809768	6318000.5	RLTR13B2:ERVK:LTR	314	40	238.06	238	100.03
VC11-Ctrl-54809768	6318000.5	Tigger5:TcMar-Tigger:DNA	1975	118	236.04	271	87.10
VC11-Ctrl-54809768	6318000.5	MurERV4_19-int:ERVK:LTR	969	36	234.09	281	83.31
VC11-Ctrl-54809768	6318000.5	RLTR12B:ERVK:LTR	909	119	232.18	245	94.77
VC11-Ctrl-54809768	6318000.5	RLTR9D:ERVK:LTR	803	66	230.60	272	84.78
VC11-Ctrl-54809768	6318000.5	RLTR12E:ERVK:LTR	615	98	229.67	243	94.52
VC11-Ctrl-54809768	6318000.5	IAPEY4_I-int:ERVK:LTR	521	6	228.25	228	100.11
VC11-Ctrl-54809768	6318000.5	RLTR13A2:ERVK:LTR	151	22	228.10	232	98.32
VC11-Ctrl-54809768	6318000.5	L1MB1:L1:LINE	2524	82	224.16	239	93.79
VC11-Ctrl-54809768	6318000.5	RMER17A2:ERVK:LTR	2598	37	223.07	238	93.73
VC11-Ctrl-54809768	6318000.5	Tigger5b:TcMar-Tigger:DNA	2473	138	222.03	254	87.41
VC11-Ctrl-54809768	6318000.5	L1MA4A:L1:LINE	2709	78	221.38	236	93.80
VC11-Ctrl-54809768	6318000.5	RMER13A1:ERVK:LTR	1082	49	220.66	233	94.71
VC11-Ctrl-54809768	6318000.5	RMER20B:ERVK:LTR	1949	79	220.22	230	95.75
VC11-Ctrl-54809768	6318000.5	RLTR18B:ERVK:LTR	989	81	220.21	238	92.52
VC11-Ctrl-54809768	6318000.5	RodERV21-int:ERV1:LTR	1856	36	219.67	229	95.92
VC11-Ctrl-54809768	6318000.5	MYSERV-int:ERVK:LTR	1435	45	218.89	231	94.76
VC11-Ctrl-54809768	6318000.5	MERV1_I-int:ERV1:LTR	1365	48	215.57	224	96.24
VC11-Ctrl-54809768	6318000.5	RMER17C-int:ERVK:LTR	1940	43	215.16	222	96.92
VC11-Ctrl-54809768	6318000.5	MLT1H:ERVL-MaLR:LTR	2322	114	211.51	227	93.18
VC11-Ctrl-54809768	6318000.5	RLTR22_Mus:ERVK:LTR	1191	49	211.36	234	90.33
VC11-Ctrl-54809768	6318000.5	MURVY-LTR:ERV1:LTR	1910	64	209.72	212	98.92
VC11-Ctrl-54809768	6318000.5	RMER20A:ERVK:LTR	1559	43	206.43	256	80.64
VC11-Ctrl-54809768	6318000.5	MARNA:TcMar-Mariner:DNA	562	154	204.85	206	99.44
VC11-Ctrl-54809768	6318000.5	RLTR12BD_Mm:ERVK:LTR	883	90	204.39	214	95.51
VC11-Ctrl-54809768	6318000.5	MLT1L:ERVL-MaLR:LTR	1535	151	202.33	204	99.18
VC11-Ctrl-54809768	6318000.5	Charlie2b:hAT-Charlie:DNA	884	108	201.39	208	96.82
VC11-Ctrl-54809768	6318000.5	RMER19C:ERVK:LTR	2729	35	200.18	219	91.41
VC11-Ctrl-54809768	6318000.5	RLTR13C2:ERVK:LTR	844	19	199.80	217	92.08
VC11-Ctrl-54809768	6318000.5	ORR1D-int:ERVL-MaLR:LTR	878	39	195.90	222	88.25
VC11-Ctrl-54809768	6318000.5	Cheshire:hAT-Charlie:DNA	1091	99	191.15	205	93.24
VC11-Ctrl-54809768	6318000.5	MER20B:hAT-Charlie:DNA	831	120	189.15	202	93.64
VC11-Ctrl-54809768	6318000.5	MTEa-int:ERVL-MaLR:LTR	1368	26	188.23	204	92.27
VC11-Ctrl-54809768	6318000.5	Tigger17a:TcMar-Tigger:DNA	908	79	188.03	194	96.92
VC11-Ctrl-54809768	6318000.5	Tigger15a:TcMar-Tigger:DNA	704	130	185.70	189	98.25
VC11-Ctrl-54809768	6318000.5	RLTR13D6:ERVK:LTR	805	45	184.92	194	95.32
VC11-Ctrl-54809768	6318000.5	RLTR13D3A1:ERVK:LTR	613	46	184.36	196	94.06
VC11-Ctrl-54809768	6318000.5	L1ME3:L1:LINE	1527	91	183.93	200	91.96
VC11-Ctrl-54809768	6318000.5	L1ME3Cz:L1:LINE	1051	94	183.83	193	95.25
VC11-Ctrl-54809768	6318000.5	MLT1F1:ERVL-MaLR:LTR	1608	97	181.95	192	94.77
VC11-Ctrl-54809768	6318000.5	Charlie6:hAT-Charlie:DNA	148	66	180.50	181	99.72
VC11-Ctrl-54809768	6318000.5	RLTR20C2_MM:ERVK:LTR	3620	78	179.93	199	90.42
VC11-Ctrl-54809768	6318000.5	LTR72_RN:ERV1:LTR	1000	109	176.76	180	98.20
VC11-Ctrl-54809768	6318000.5	MER2B:TcMar-Tigger:DNA	1093	116	175.10	186	94.14
VC11-Ctrl-54809768	6318000.5	RLTR1B:ERV1:LTR	893	27	173.66	214	81.15
VC11-Ctrl-54809768	6318000.5	MLT1M:ERVL-MaLR:LTR	212	144	172.98	176	98.28
VC11-Ctrl-54809768	6318000.5	IAPLTR2_Mm:ERVK:LTR	1388	33	172.09	193	89.16
VC11-Ctrl-54809768	6318000.5	MMERVK10D3_I-int:ERVK:LTR	458	10	170.66	175	97.52
VC11-Ctrl-54809768	6318000.5	HY3:scRNA:scRNA	15	114	170.50	171	99.71
VC11-Ctrl-54809768	6318000.5	RLTR44-int:ERVK:LTR	653	24	168.55	175	96.32
VC11-Ctrl-54809768	6318000.5	L1ME2z:L1:LINE	1533	101	168.51	177	95.21
VC11-Ctrl-54809768	6318000.5	BGLII_B:ERVK:LTR	960	51	167.38	176	95.10
VC11-Ctrl-54809768	6318000.5	RMER17A:ERVK:LTR	1819	40	167.00	177	94.35
VC11-Ctrl-54809768	6318000.5	RMER2:ERV1:LTR	2358	58	166.91	184	90.71
VC11-Ctrl-54809768	6318000.5	MMERGLN_LTR:ERV1:LTR	435	36	166.48	163	102.14
VC11-Ctrl-54809768	6318000.5	RLTR26_Mus:ERVK:LTR	1091	64	166.34	171	97.27
VC11-Ctrl-54809768	6318000.5	Charlie1b:hAT-Charlie:DNA	952	93	165.72	181	91.56
VC11-Ctrl-54809768	6318000.5	RLTR12D:ERVK:LTR	647	65	158.23	175	90.42
VC11-Ctrl-54809768	6318000.5	IAP-d-int:ERVK:LTR	1323	4	157.56	159	99.09
VC11-Ctrl-54809768	6318000.5	RLTR16:ERVK:LTR	1350	44	157.45	165	95.43
VC11-Ctrl-54809768	6318000.5	RLTR16C_MM:ERVK:LTR	360	33	156.33	160	97.71
VC11-Ctrl-54809768	6318000.5	RLTR13C3:ERVK:LTR	538	76	154.75	163	94.94
VC11-Ctrl-54809768	6318000.5	MER34A1:ERV1:LTR	541	41	154.18	155	99.47
VC11-Ctrl-54809768	6318000.5	RLTR24:ERV1:LTR	1240	58	153.81	162	94.94
VC11-Ctrl-54809768	6318000.5	Charlie4a:hAT-Charlie:DNA	1121	97	153.62	159	96.61
VC11-Ctrl-54809768	6318000.5	MER46C:TcMar-Tigger:DNA	788	100	152.68	165	92.53
VC11-Ctrl-54809768	6318000.5	LTR82A:ERVL:LTR	341	70	151.92	161	94.36
VC11-Ctrl-54809768	6318000.5	Tigger6a:TcMar-Tigger:DNA	369	74	150.39	154	97.66
VC11-Ctrl-54809768	6318000.5	MLT1J2:ERVL-MaLR:LTR	1110	118	150.00	151	99.34
VC11-Ctrl-54809768	6318000.5	L1ME4c:L1:LINE	968	124	147.80	151	97.88
VC11-Ctrl-54809768	6318000.5	ERVB2_1A-I_MM-int:ERVK:LTR	289	20	145.30	177	82.09
VC11-Ctrl-54809768	6318000.5	L1MA5A:L1:LINE	1231	42	145.28	153	94.95
VC11-Ctrl-54809768	6318000.5	MER53:hAT:DNA	1693	104	144.84	149	97.21
VC11-Ctrl-54809768	6318000.5	RMER17B2:ERVK:LTR	898	23	143.75	151	95.20
VC11-Ctrl-54809768	6318000.5	RMER6BA:ERVK:LTR	957	65	143.04	170	84.14
VC11-Ctrl-54809768	6318000.5	MERV1_LTR:ERV1:LTR	615	99	142.77	150	95.18
VC11-Ctrl-54809768	6318000.5	Charlie24:hAT-Charlie:DNA	374	70	140.79	148	95.13
VC11-Ctrl-54809768	6318000.5	RLTR10A:ERVK:LTR	800	65	140.02	164	85.38
VC11-Ctrl-54809768	6318000.5	LTR10_RN:ERVK:LTR	546	61	139.79	146	95.75
VC11-Ctrl-54809768	6318000.5	RLTR41C:ERV1:LTR	157	83	138.93	150	92.62
VC11-Ctrl-54809768	6318000.5	RLTR9A:ERVK:LTR	648	38	138.20	155	89.16
VC11-Ctrl-54809768	6318000.5	MLTR73:ERV1:LTR	956	101	138.17	145	95.29
VC11-Ctrl-54809768	6318000.5	AmnSINE2:Deu:SINE	391	127	137.97	139	99.26
VC11-Ctrl-54809768	6318000.5	RLTR17D_Mm:ERVK:LTR	1225	21	136.90	145	94.41
VC11-Ctrl-54809768	6318000.5	MLTR13:ERVK:LTR	205	17	136.24	140	97.31
VC11-Ctrl-54809768	6318000.5	L1M3e:L1:LINE	652	65	135.50	135	100.37
VC11-Ctrl-54809768	6318000.5	RLTR19:ERVK:LTR	944	37	133.95	141	95.00
VC11-Ctrl-54809768	6318000.5	MER31B:ERV1:LTR	558	61	133.27	140	95.19
VC11-Ctrl-54809768	6318000.5	tRNA-Ala-GCA:tRNA:tRNA	749	118	132.80	143	92.87
VC11-Ctrl-54809768	6318000.5	MLT-int:ERVL-MaLR:LTR	846	54	132.11	139	95.04
VC11-Ctrl-54809768	6318000.5	L1ME3B:L1:LINE	735	61	130.58	139	93.94
VC11-Ctrl-54809768	6318000.5	RLTR30D2_MM:ERV1:LTR	741	33	128.56	126	102.03
VC11-Ctrl-54809768	6318000.5	LTR78B:ERV1:LTR	405	113	128.00	128	100.00
VC11-Ctrl-54809768	6318000.5	RMER17C2:ERVK:LTR	3413	66	127.95	147	87.04
VC11-Ctrl-54809768	6318000.5	MLT1G3:ERVL-MaLR:LTR	1075	72	126.53	131	96.59
VC11-Ctrl-54809768	6318000.5	IAPEY3-int:ERVK:LTR	2345	7	125.75	137	91.79
VC11-Ctrl-54809768	6318000.5	RLTR10F:ERVK:LTR	482	27	125.59	114	110.16
VC11-Ctrl-54809768	6318000.5	RLTR51A_Mm:ERVK?:LTR	3523	86	125.49	138	90.94
VC11-Ctrl-54809768	6318000.5	U14:snRNA:snRNA	4	88	125.00	125	100.00
VC11-Ctrl-54809768	6318000.5	ORR1C1-int:ERVL-MaLR:LTR	783	19	123.83	129	95.99
VC11-Ctrl-54809768	6318000.5	RLTR11C_MM:ERVK:LTR	858	40	123.79	133	93.07
VC11-Ctrl-54809768	6318000.5	RLTR20B3A_MM:ERVK:LTR	843	63	123.61	127	97.33
VC11-Ctrl-54809768	6318000.5	ORR1B2-int:ERVL-MaLR:LTR	857	17	123.28	135	91.32
VC11-Ctrl-54809768	6318000.5	MER117:hAT-Charlie:DNA	745	105	123.08	126	97.68
VC11-Ctrl-54809768	6318000.5	L1M2b:L1:LINE	16	101	123.00	123	100.00
VC11-Ctrl-54809768	6318000.5	RLTR1A2_MM:ERV1:LTR	406	18	122.97	132	93.16
VC11-Ctrl-54809768	6318000.5	MTE2a-int:ERVL-MaLR:LTR	795	25	121.89	150	81.26
VC11-Ctrl-54809768	6318000.5	RLTR20D:ERVK:LTR	777	19	121.43	124	97.93
VC11-Ctrl-54809768	6318000.5	RMER12B:ERVK:LTR	1011	25	121.43	131	92.69
VC11-Ctrl-54809768	6318000.5	L4_A_Mam:RTE-X:LINE	630	97	121.29	122	99.42
VC11-Ctrl-54809768	6318000.5	MLT2D:ERVL:LTR	1567	81	121.18	128	94.67
VC11-Ctrl-54809768	6318000.5	RMER13A:ERVK:LTR	1010	34	120.20	123	97.72
VC11-Ctrl-54809768	6318000.5	MLT2B5:ERVL:LTR	442	80	118.16	123	96.07
VC11-Ctrl-54809768	6318000.5	MERVK26-int:ERVK:LTR	1001	20	117.87	123	95.83
VC11-Ctrl-54809768	6318000.5	tRNA-Glu-GAA:tRNA:tRNA	9	3	117.50	117	100.43
VC11-Ctrl-54809768	6318000.5	RLTR45:ERVK:LTR	1557	21	117.19	152	77.10
VC11-Ctrl-54809768	6318000.5	MER103C:hAT-Charlie:DNA	1072	91	116.80	118	98.99
VC11-Ctrl-54809768	6318000.5	RLTR48A:ERV1:LTR	635	26	115.95	128	90.58
VC11-Ctrl-54809768	6318000.5	RLTR13A3:ERVK:LTR	243	18	115.40	116	99.48
VC11-Ctrl-54809768	6318000.5	RLTR12A:ERVK:LTR	829	31	115.21	124	92.91
VC11-Ctrl-54809768	6318000.5	MTE2b-int:ERVL-MaLR:LTR	729	17	115.04	121	95.07
VC11-Ctrl-54809768	6318000.5	MMAR1:TcMar-Mariner:DNA	309	36	113.97	126	90.46
VC11-Ctrl-54809768	6318000.5	RLTR18-int:ERVK:LTR	506	29	113.67	122	93.18
VC11-Ctrl-54809768	6318000.5	RLTR26C_MM:ERVK:LTR	454	78	112.25	116	96.77
VC11-Ctrl-54809768	6318000.5	Tigger17c:TcMar-Tigger:DNA	649	46	111.66	124	90.05
VC11-Ctrl-54809768	6318000.5	ERVB4_1B-I_MM-int:ERVK:LTR	1368	9	111.43	136	81.93
VC11-Ctrl-54809768	6318000.5	Charlie12:hAT-Charlie:DNA	902	52	107.82	117	92.15
VC11-Ctrl-54809768	6318000.5	IAPLTR2b:ERVK:LTR	1017	43	107.62	139	77.42
VC11-Ctrl-54809768	6318000.5	MER89:ERV1:LTR	614	17	107.52	94	114.38
VC11-Ctrl-54809768	6318000.5	L1ME3G:L1:LINE	1161	64	106.84	116	92.11
VC11-Ctrl-54809768	6318000.5	ERVL-B4-int:ERVL:LTR	1384	35	106.64	129	82.67
VC11-Ctrl-54809768	6318000.5	MT-int:ERVL-MaLR:LTR	438	17	105.24	307	34.28
VC11-Ctrl-54809768	6318000.5	RMER20C_Mm:ERVK:LTR	1595	55	104.98	114	92.09
VC11-Ctrl-54809768	6318000.5	RLTR13D5:ERVK:LTR	745	27	104.31	116	89.92
VC11-Ctrl-54809768	6318000.5	X7B_LINE:CR1:LINE	162	28	104.01	106	98.12
VC11-Ctrl-54809768	6318000.5	Charlie15a:hAT-Charlie:DNA	217	70	104.00	104	100.00
VC11-Ctrl-54809768	6318000.5	MamTip2:hAT-Tip100:DNA	892	94	104.00	106	98.11
VC11-Ctrl-54809768	6318000.5	MURVY-int:ERV1:LTR	544	3	103.64	99	104.69
VC11-Ctrl-54809768	6318000.5	MLTR31F_MM:ERVK:LTR	403	46	103.28	122	84.66
VC11-Ctrl-54809768	6318000.5	MER102b:hAT-Charlie:DNA	507	60	102.98	111	92.77
VC11-Ctrl-54809768	6318000.5	L1MEb:L1:LINE	352	39	102.64	120	85.54
VC11-Ctrl-54809768	6318000.5	MLTR18A_MM:ERVK:LTR	299	20	101.98	102	99.98
VC11-Ctrl-54809768	6318000.5	IAPLTR2a2_Mm:ERVK:LTR	1541	22	101.51	120	84.59
VC11-Ctrl-54809768	6318000.5	MLT2F:ERVL:LTR	574	51	101.50	103	98.54
VC11-Ctrl-54809768	6318000.5	Lx2A1:L1:LINE	2739	40	100.11	109	91.84
VC11-Ctrl-54809768	6318000.5	BGLII_Mur:ERVK:LTR	611	31	100.03	105	95.27
VC11-Ctrl-54809768	6318000.5	RLTR31C_MM:ERVK:LTR	726	39	99.58	115	86.59
VC11-Ctrl-54809768	6318000.5	RLTR20A3_MM:ERVK:LTR	880	22	98.63	101	97.66
VC11-Ctrl-54809768	6318000.5	ERVB4_1B-LTR_MM:ERVK:LTR	648	70	97.87	99	98.86
VC11-Ctrl-54809768	6318000.5	BGLII_B2:ERVK:LTR	359	55	97.38	102	95.47
VC11-Ctrl-54809768	6318000.5	MLT2B4:ERVL:LTR	1871	50	96.16	99	97.13
VC11-Ctrl-54809768	6318000.5	RLTR13A:ERVK:LTR	211	38	95.96	123	78.01
VC11-Ctrl-54809768	6318000.5	U8:snRNA:snRNA	5	41	95.00	95	100.00
VC11-Ctrl-54809768	6318000.5	MTB_Mm-int:ERVL-MaLR:LTR	379	6	94.33	105	89.83
VC11-Ctrl-54809768	6318000.5	U13:snRNA:snRNA	13	55	94.00	94	100.00
VC11-Ctrl-54809768	6318000.5	RMER21B:ERV1:LTR	1252	39	93.98	108	87.02
VC11-Ctrl-54809768	6318000.5	MLT1E1A:ERVL-MaLR:LTR	1154	44	93.61	96	97.51
VC11-Ctrl-54809768	6318000.5	MER31A:ERV1:LTR	707	49	93.44	104	89.85
VC11-Ctrl-54809768	6318000.5	RLTR30E_MM:ERV1:LTR	320	30	93.37	99	94.31
VC11-Ctrl-54809768	6318000.5	MLT1I:ERVL-MaLR:LTR	1777	58	92.73	98	94.62
VC11-Ctrl-54809768	6318000.5	RLTR4_Mm:ERV1:LTR	239	17	91.44	96	95.25
VC11-Ctrl-54809768	6318000.5	LTR40b:ERVL:LTR	577	38	89.85	92	97.66
VC11-Ctrl-54809768	6318000.5	RLTR13C1:ERVK:LTR	309	13	88.61	97	91.35
VC11-Ctrl-54809768	6318000.5	RLTR9A3:ERVK:LTR	774	36	88.07	100	88.07
VC11-Ctrl-54809768	6318000.5	Tigger12:TcMar-Tigger:DNA	155	62	87.99	88	99.99
VC11-Ctrl-54809768	6318000.5	MLTR18D_MM:ERVK:LTR	620	19	87.74	91	96.42
VC11-Ctrl-54809768	6318000.5	RLTR44C:ERVK:LTR	198	15	87.67	97	90.38
VC11-Ctrl-54809768	6318000.5	Charlie18a:hAT-Charlie:DNA	242	63	87.15	90	96.83
VC11-Ctrl-54809768	6318000.5	MER112:hAT-Charlie:DNA	358	68	87.00	91	95.60
VC11-Ctrl-54809768	6318000.5	IAPLTR1a_Mm:ERVK:LTR	1786	6	86.60	147	58.91
VC11-Ctrl-54809768	6318000.5	ERVB3_1-I_MM-int:ERVK:LTR	134	17	86.28	88	98.05
VC11-Ctrl-54809768	6318000.5	MamRep605:LTR?:LTR?	629	60	86.00	88	97.73
VC11-Ctrl-54809768	6318000.5	5S:rRNA:rRNA	1038	71	85.76	96	89.33
VC11-Ctrl-54809768	6318000.5	RLTR30D_RN:ERV1:LTR	64	24	85.72	100	85.72
VC11-Ctrl-54809768	6318000.5	RLTR34B_MM:ERVK:LTR	527	25	85.47	91	93.92
VC11-Ctrl-54809768	6318000.5	MLTR12:ERV1:LTR	477	51	85.34	91	93.78
VC11-Ctrl-54809768	6318000.5	HY1:scRNA:scRNA	38	40	85.29	87	98.04
VC11-Ctrl-54809768	6318000.5	MLT2B2:ERVL:LTR	1351	41	84.73	91	93.11
VC11-Ctrl-54809768	6318000.5	RLTR20B5_MM:ERVK:LTR	868	25	84.66	90	94.07
VC11-Ctrl-54809768	6318000.5	ERVB7_2-LTR_MM:ERVK:LTR	425	54	84.63	87	97.28
VC11-Ctrl-54809768	6318000.5	ERVL-E-int:ERVL:LTR	1044	44	84.51	89	94.96
VC11-Ctrl-54809768	6318000.5	HAL1M8:L1:LINE	710	39	83.77	89	94.13
VC11-Ctrl-54809768	6318000.5	RMER16C:ERVK:LTR	190	38	83.73	87	96.24
VC11-Ctrl-54809768	6318000.5	LTR33:ERVL:LTR	1466	54	83.26	86	96.81
VC11-Ctrl-54809768	6318000.5	MER77:ERVL:LTR	570	43	81.56	89	91.64
VC11-Ctrl-54809768	6318000.5	MER44C:TcMar-Tigger:DNA	185	20	81.52	89	91.60
VC11-Ctrl-54809768	6318000.5	RLTR53_Mm:ERVK:LTR	481	46	81.33	84	96.82
VC11-Ctrl-54809768	6318000.5	IAPEy-int:ERVK:LTR	755	5	81.27	74	109.82
VC11-Ctrl-54809768	6318000.5	RLTR24B_MM:ERV1:LTR	1018	40	79.88	88	90.78
VC11-Ctrl-54809768	6318000.5	MER113:hAT-Charlie:DNA	643	53	79.68	81	98.37
VC11-Ctrl-54809768	6318000.5	MTEb-int:ERVL-MaLR:LTR	635	4	78.96	88	89.73
VC11-Ctrl-54809768	6318000.5	MuRRS-int:ERV1:LTR	996	5	78.75	87	90.51
VC11-Ctrl-54809768	6318000.5	MER44D:TcMar-Tigger:DNA	940	47	77.49	85	91.17
VC11-Ctrl-54809768	6318000.5	MER92B:ERV1:LTR	238	55	76.90	79	97.34
VC11-Ctrl-54809768	6318000.5	CR1_Mam:CR1:LINE	257	49	76.11	90	84.56
VC11-Ctrl-54809768	6318000.5	MLT2B1:ERVL:LTR	1637	36	75.83	81	93.62
VC11-Ctrl-54809768	6318000.5	RLTR1C:ERV1:LTR	697	16	75.39	77	97.91
VC11-Ctrl-54809768	6318000.5	LTR48:ERV1:LTR	651	54	74.26	77	96.45
VC11-Ctrl-54809768	6318000.5	RLTR13D3:ERVK:LTR	339	6	73.75	79	93.35
VC11-Ctrl-54809768	6318000.5	RLTR20A:ERVK:LTR	361	35	73.28	75	97.71
VC11-Ctrl-54809768	6318000.5	X9_LINE:L1?:LINE	52	72	73.00	73	100.00
VC11-Ctrl-54809768	6318000.5	MER119:hAT-Charlie:DNA	404	43	72.82	79	92.18
VC11-Ctrl-54809768	6318000.5	MLTR18_MM:ERVK:LTR	427	20	72.74	78	93.25
VC11-Ctrl-54809768	6318000.5	IAPEY_LTR:ERVK:LTR	1410	36	72.72	77	94.44
VC11-Ctrl-54809768	6318000.5	LTR16A:ERVL:LTR	1472	46	72.63	76	95.57
VC11-Ctrl-54809768	6318000.5	MLTR31FA_MM:ERVK:LTR	525	14	72.56	79	91.85
VC11-Ctrl-54809768	6318000.5	IAPLTR4:ERVK:LTR	663	8	72.45	57	127.11
VC11-Ctrl-54809768	6318000.5	RLTR6_Mm:ERV1:LTR	237	1	72.40	76	95.26
VC11-Ctrl-54809768	6318000.5	RLTR10E:ERVK:LTR	227	21	72.10	78	92.44
VC11-Ctrl-54809768	6318000.5	RLTR19C:ERVK:LTR	248	18	71.53	79	90.54
VC11-Ctrl-54809768	6318000.5	MLT1H2:ERVL-MaLR:LTR	1034	41	71.38	75	95.17
VC11-Ctrl-54809768	6318000.5	MuLV-int:ERV1:LTR	392	44	71.17	85	83.74
VC11-Ctrl-54809768	6318000.5	Charlie4z:hAT-Charlie:DNA	431	49	71.15	75	94.87
VC11-Ctrl-54809768	6318000.5	RLTR11D:ERVK:LTR	529	23	71.15	76	93.62
VC11-Ctrl-54809768	6318000.5	RLTR10D:ERVK:LTR	491	19	70.65	74	95.47
VC11-Ctrl-54809768	6318000.5	IAPLTR2a:ERVK:LTR	627	24	70.57	88	80.19
VC11-Ctrl-54809768	6318000.5	RLTR20B2:ERVK:LTR	880	24	70.50	73	96.58
VC11-Ctrl-54809768	6318000.5	RMER16B2:ERVK:LTR	329	16	70.08	77	91.02
VC11-Ctrl-54809768	6318000.5	Kanga1:TcMar-Tc2:DNA	321	29	69.80	72	96.94
VC11-Ctrl-54809768	6318000.5	RLTR13B3:ERVK:LTR	265	9	69.49	71	97.87
VC11-Ctrl-54809768	6318000.5	HAL1b:L1:LINE	763	43	69.00	71	97.18
VC11-Ctrl-54809768	6318000.5	RLTR6B_Mm:ERV1:LTR	646	5	68.26	85	80.30
VC11-Ctrl-54809768	6318000.5	MER44A:TcMar-Tigger:DNA	661	40	68.04	75	90.72
VC11-Ctrl-54809768	6318000.5	RLTR20B3:ERVK:LTR	974	27	67.98	73	93.13
VC11-Ctrl-54809768	6318000.5	BGLII_Mus:ERVK:LTR	615	22	67.90	75	90.53
VC11-Ctrl-54809768	6318000.5	MLTR18C_MM:ERVK:LTR	468	11	67.38	73	92.31
VC11-Ctrl-54809768	6318000.5	RLTR1D:ERV1:LTR	305	15	67.29	65	103.53
VC11-Ctrl-54809768	6318000.5	RMER16:ERVK:LTR	471	17	67.05	76	88.22
VC11-Ctrl-54809768	6318000.5	Charlie17b:hAT-Charlie:DNA	130	33	66.76	71	94.03
VC11-Ctrl-54809768	6318000.5	MLT1G:ERVL-MaLR:LTR	896	42	66.50	71	93.66
VC11-Ctrl-54809768	6318000.5	MLT1E3:ERVL-MaLR:LTR	1020	32	66.31	70	94.72
VC11-Ctrl-54809768	6318000.5	RLTR28B:ERVL:LTR	428	22	66.00	67	98.51
VC11-Ctrl-54809768	6318000.5	LTR41:ERVL:LTR	506	39	65.49	69	94.91
VC11-Ctrl-54809768	6318000.5	Kanga2_a:TcMar-Tc2:DNA	356	43	65.32	67	97.50
VC11-Ctrl-54809768	6318000.5	MER74A:ERVL:LTR	731	40	65.19	70	93.13
VC11-Ctrl-54809768	6318000.5	HERVL40-int:ERVL:LTR	204	36	64.90	77	84.28
VC11-Ctrl-54809768	6318000.5	MLT1H1:ERVL-MaLR:LTR	1001	39	64.84	68	95.35
VC11-Ctrl-54809768	6318000.5	RMER17D2:ERVK:LTR	1783	17	64.58	67	96.40
VC11-Ctrl-54809768	6318000.5	MER77B:ERVL:LTR	505	29	64.29	67	95.96
VC11-Ctrl-54809768	6318000.5	LTR88c:Gypsy?:LTR	118	33	63.89	70	91.27
VC11-Ctrl-54809768	6318000.5	Tigger9b:TcMar-Tigger:DNA	360	21	63.89	75	85.19
VC11-Ctrl-54809768	6318000.5	MLT1E:ERVL-MaLR:LTR	534	35	63.68	74	86.05
VC11-Ctrl-54809768	6318000.5	LTR40a:ERVL:LTR	709	26	63.45	68	93.31
VC11-Ctrl-54809768	6318000.5	LTRIS4A:ERV1:LTR	228	12	63.08	55	114.69
VC11-Ctrl-54809768	6318000.5	Tigger13a:TcMar-Tigger:DNA	645	37	62.50	66	94.70
VC11-Ctrl-54809768	6318000.5	L1ME3F:L1:LINE	308	31	62.17	64	97.14
VC11-Ctrl-54809768	6318000.5	Charlie16a:hAT-Charlie:DNA	197	43	62.14	64	97.10
VC11-Ctrl-54809768	6318000.5	MER47B:TcMar-Tigger:DNA	509	28	61.80	63	98.09
VC11-Ctrl-54809768	6318000.5	RLTR8:ERVK:LTR	241	19	61.71	63	97.96
VC11-Ctrl-54809768	6318000.5	MLT1J1:ERVL-MaLR:LTR	1135	30	61.67	66	93.44
VC11-Ctrl-54809768	6318000.5	L1ME3D:L1:LINE	323	26	61.00	62	98.39
VC11-Ctrl-54809768	6318000.5	RMER16_Mm:ERVK:LTR	435	17	60.93	66	92.32
VC11-Ctrl-54809768	6318000.5	MER57D:ERV1:LTR	300	37	60.50	61	99.18
VC11-Ctrl-54809768	6318000.5	ERVB7_3-LTR_MM:ERVK:LTR	319	17	60.44	64	94.43
VC11-Ctrl-54809768	6318000.5	RLTR13D2:ERVK:LTR	270	17	60.42	62	97.46
VC11-Ctrl-54809768	6318000.5	MLT1H-int:ERVL-MaLR:LTR	379	44	60.00	60	100.00
VC11-Ctrl-54809768	6318000.5	MamRep137:TcMar-Tigger:DNA	339	41	58.79	61	96.38
VC11-Ctrl-54809768	6318000.5	MER102a:hAT-Charlie:DNA	386	35	58.78	61	96.36
VC11-Ctrl-54809768	6318000.5	IAPEY2_LTR:ERVK:LTR	1062	8	58.53	60	97.55
VC11-Ctrl-54809768	6318000.5	LTR16C:ERVL:LTR	1352	37	58.52	59	99.19
VC11-Ctrl-54809768	6318000.5	MLT2B3:ERVL:LTR	1483	25	58.39	62	94.18
VC11-Ctrl-54809768	6318000.5	Zaphod2:hAT-Tip100:DNA	169	15	57.50	58	99.14
VC11-Ctrl-54809768	6318000.5	RLTR26D_MM:ERVK:LTR	247	24	57.24	60	95.40
VC11-Ctrl-54809768	6318000.5	MER34:ERV1:LTR	737	27	57.21	60	95.36
VC11-Ctrl-54809768	6318000.5	MER68B:ERVL:LTR	237	39	57.14	61	93.67
VC11-Ctrl-54809768	6318000.5	Arthur1:hAT-Tip100:DNA	920	34	56.40	59	95.60
VC11-Ctrl-54809768	6318000.5	RLTR27:ERVK:LTR	1621	20	56.30	73	77.12
VC11-Ctrl-54809768	6318000.5	LTRIS_Mm:ERV1:LTR	555	5	56.12	59	95.12
VC11-Ctrl-54809768	6318000.5	LTR67B:ERVL:LTR	632	38	56.05	61	91.89
VC11-Ctrl-54809768	6318000.5	Arthur1B:hAT-Tip100:DNA	597	32	56.00	57	98.25
VC11-Ctrl-54809768	6318000.5	Lx2A:L1:LINE	1364	11	55.86	125	44.69
VC11-Ctrl-54809768	6318000.5	RMER6-int:ERVK:LTR	607	8	55.55	60	92.58
VC11-Ctrl-54809768	6318000.5	Charlie10:hAT-Charlie:DNA	371	20	55.50	56	99.11
VC11-Ctrl-54809768	6318000.5	MER34A:ERV1:LTR	694	40	55.50	56	99.11
VC11-Ctrl-54809768	6318000.5	BGLII_A:ERVK:LTR	292	12	55.10	59	93.40
VC11-Ctrl-54809768	6318000.5	RLTR1D2_MM:ERV1:LTR	192	12	55.01	54	101.86
VC11-Ctrl-54809768	6318000.5	RLTR51B_Mm:ERVK?:LTR	662	19	53.98	60	89.97
VC11-Ctrl-54809768	6318000.5	MER104:TcMar-Tc2:DNA	295	31	53.96	55	98.12
VC11-Ctrl-54809768	6318000.5	LTR45:ERV1:LTR	31	9	53.72	70	76.74
VC11-Ctrl-54809768	6318000.5	MER91B:hAT-Tip100:DNA	229	46	53.50	54	99.07
VC11-Ctrl-54809768	6318000.5	L1M4a2:L1:LINE	736	25	53.30	58	91.90
VC11-Ctrl-54809768	6318000.5	LTR33A:ERVL:LTR	504	22	52.96	50	105.93
VC11-Ctrl-54809768	6318000.5	RLTR41A2:ERV1:LTR	440	14	52.80	57	92.62
VC11-Ctrl-54809768	6318000.5	IAPLTR3-int:ERVK:LTR	1773	2	52.66	65	81.01
VC11-Ctrl-54809768	6318000.5	tRNA-His-CAY_:tRNA:tRNA	16	18	52.50	52	100.96
VC11-Ctrl-54809768	6318000.5	MLT1E1:ERVL-MaLR:LTR	576	28	52.27	55	95.04
VC11-Ctrl-54809768	6318000.5	MLT2C1:ERVL:LTR	872	27	52.21	55	94.92
VC11-Ctrl-54809768	6318000.5	Tigger17:TcMar-Tigger:DNA	315	32	52.02	59	88.16
VC11-Ctrl-54809768	6318000.5	RLTR13F:ERVK:LTR	98	14	51.62	54	95.60
VC11-Ctrl-54809768	6318000.5	Charlie15b:hAT-Charlie:DNA	272	33	51.50	53	97.17
VC11-Ctrl-54809768	6318000.5	RLTR31_Mur:ERVK:LTR	354	9	51.38	54	95.15
VC11-Ctrl-54809768	6318000.5	RNERVK23-int:ERVK:LTR	45	22	51.31	63	81.45
VC11-Ctrl-54809768	6318000.5	MLTR25C:ERVK:LTR	504	22	51.00	51	100.00
VC11-Ctrl-54809768	6318000.5	ERVB4_2-I_MM-int:ERVK:LTR	313	2	50.93	186	27.38
VC11-Ctrl-54809768	6318000.5	RLTR13A1:ERVK:LTR	205	8	50.79	52	97.66
VC11-Ctrl-54809768	6318000.5	RMER16A3:ERVK:LTR	699	10	50.79	69	73.61
VC11-Ctrl-54809768	6318000.5	RLTR19A:ERVK:LTR	153	28	50.60	56	90.35
VC11-Ctrl-54809768	6318000.5	LTR37-int:ERV1:LTR	239	15	50.09	49	102.23
VC11-Ctrl-54809768	6318000.5	RLTR34D_MM:ERVK:LTR	410	9	49.87	56	89.05
VC11-Ctrl-54809768	6318000.5	Plat_L3:CR1:LINE	579	34	49.81	51	97.67
VC11-Ctrl-54809768	6318000.5	RLTR30:ERV1:LTR	390	21	49.63	51	97.31
VC11-Ctrl-54809768	6318000.5	MER81:hAT-Blackjack:DNA	512	43	49.24	52	94.70
VC11-Ctrl-54809768	6318000.5	RLTR13B4:ERVK:LTR	412	28	49.18	54	91.07
VC11-Ctrl-54809768	6318000.5	Charlie7:hAT-Charlie:DNA	844	28	49.02	54	90.78
VC11-Ctrl-54809768	6318000.5	MER58D:hAT-Charlie:DNA	292	37	49.00	52	94.23
VC11-Ctrl-54809768	6318000.5	RLTR10B2:ERVK:LTR	854	11	48.92	55	88.94
VC11-Ctrl-54809768	6318000.5	IAPEY4_LTR:ERVK:LTR	95	5	48.76	49	99.52
VC11-Ctrl-54809768	6318000.5	RLTR48B:ERV1:LTR	110	14	48.65	50	97.30
VC11-Ctrl-54809768	6318000.5	Tigger16a:TcMar-Tigger:DNA	290	32	48.57	51	95.24
VC11-Ctrl-54809768	6318000.5	LTR101_Mam:ERVL:LTR	157	38	48.32	50	96.64
VC11-Ctrl-54809768	6318000.5	MLT1N2:ERVL-MaLR:LTR	692	32	48.00	49	97.96
VC11-Ctrl-54809768	6318000.5	RLTR19B:ERVK:LTR	224	7	47.54	52	91.42
VC11-Ctrl-54809768	6318000.5	LTR40c:ERVL:LTR	248	29	47.45	48	98.86
VC11-Ctrl-54809768	6318000.5	MER102c:hAT-Charlie:DNA	363	33	47.39	49	96.71
VC11-Ctrl-54809768	6318000.5	L1M7:L1:LINE	207	21	47.28	49	96.48
VC11-Ctrl-54809768	6318000.5	Tigger18a:TcMar-Tigger:DNA	240	29	47.15	48	98.23
VC11-Ctrl-54809768	6318000.5	LTRIS3:ERV1:LTR	165	14	46.37	71	65.30
VC11-Ctrl-54809768	6318000.5	L1MA10:L1:LINE	866	26	46.08	49	94.04
VC11-Ctrl-54809768	6318000.5	ORR1F-int:ERVL-MaLR:LTR	395	9	46.08	52	88.62
VC11-Ctrl-54809768	6318000.5	L1M4a1:L1:LINE	607	25	46.00	50	92.00
VC11-Ctrl-54809768	6318000.5	RLTR20A2:ERVK:LTR	368	13	45.91	47	97.69
VC11-Ctrl-54809768	6318000.5	LTR104_Mam:Gypsy:LTR	254	42	45.50	46	98.91
VC11-Ctrl-54809768	6318000.5	Tigger9a:TcMar-Tigger:DNA	200	28	45.00	45	100.00
VC11-Ctrl-54809768	6318000.5	RLTR31B_Mm:ERVK:LTR	349	16	44.50	47	94.68
VC11-Ctrl-54809768	6318000.5	RLTR34C_MM:ERVK:LTR	402	13	44.25	47	94.15
VC11-Ctrl-54809768	6318000.5	MLT1D-int:ERVL-MaLR:LTR	176	8	44.07	44	100.17
VC11-Ctrl-54809768	6318000.5	LTR41B:ERVL:LTR	290	29	44.00	46	95.65
VC11-Ctrl-54809768	6318000.5	L1ME3E:L1:LINE	327	23	43.64	45	96.97
VC11-Ctrl-54809768	6318000.5	MER63D:hAT-Blackjack:DNA	1034	22	43.37	49	88.51
VC11-Ctrl-54809768	6318000.5	MLTR31C_MM:ERVK:LTR	227	6	43.25	46	94.03
VC11-Ctrl-54809768	6318000.5	RLTR30D_MM:ERV1:LTR	268	8	43.24	45	96.09
VC11-Ctrl-54809768	6318000.5	L1MCc:L1:LINE	529	26	43.00	45	95.56
VC11-Ctrl-54809768	6318000.5	HERVL74-int:ERVL:LTR	149	10	42.84	40	107.09
VC11-Ctrl-54809768	6318000.5	MLT1O:ERVL-MaLR:LTR	538	31	42.79	43	99.51
VC11-Ctrl-54809768	6318000.5	RLTR13D3A:ERVK:LTR	162	10	42.40	43	98.61
VC11-Ctrl-54809768	6318000.5	RMER16A2:ERVK:LTR	273	15	42.37	176	24.08
VC11-Ctrl-54809768	6318000.5	SRV_MM-int:ERVK:LTR	129	26	42.00	43	97.67
VC11-Ctrl-54809768	6318000.5	ERVB4_1-I_MM-int:ERVK:LTR	296	7	41.50	42	98.81
VC11-Ctrl-54809768	6318000.5	MER91A:hAT-Tip100:DNA	370	31	41.50	42	98.81
VC11-Ctrl-54809768	6318000.5	Tigger14a:TcMar-Tigger:DNA	225	34	40.94	42	97.49
VC11-Ctrl-54809768	6318000.5	ERVB7_2B-LTR_MM:ERVK:LTR	710	10	40.76	46	88.60
VC11-Ctrl-54809768	6318000.5	MER45B:hAT-Tip100:DNA	688	17	40.62	44	92.31
VC11-Ctrl-54809768	6318000.5	MER90a:ERV1:LTR	581	21	40.33	42	96.03
VC11-Ctrl-54809768	6318000.5	Charlie2a:hAT-Charlie:DNA	505	16	40.05	41	97.68
VC11-Ctrl-54809768	6318000.5	LTR87:ERVL?:LTR	214	23	40.00	42	95.24
VC11-Ctrl-54809768	6318000.5	RLTR9B:ERVK:LTR	206	11	39.86	41	97.21
VC11-Ctrl-54809768	6318000.5	RLTR10D2:ERVK:LTR	225	13	39.76	46	86.43
VC11-Ctrl-54809768	6318000.5	Tigger2b:TcMar-Tigger:DNA	176	18	39.69	41	96.82
VC11-Ctrl-54809768	6318000.5	RLTR20A2B_MM:ERVK:LTR	438	15	39.64	42	94.39
VC11-Ctrl-54809768	6318000.5	LTR37A:ERV1:LTR	549	21	39.59	43	92.08
VC11-Ctrl-54809768	6318000.5	RLTR12G:ERVK:LTR	238	13	39.00	42	92.85
VC11-Ctrl-54809768	6318000.5	Tigger16b:TcMar-Tigger:DNA	197	30	39.00	41	95.12
VC11-Ctrl-54809768	6318000.5	MLTR31A_MM:ERVK:LTR	352	10	38.50	40	96.25
VC11-Ctrl-54809768	6318000.5	L4_B_Mam:RTE-X:LINE	361	26	38.01	38	100.02
VC11-Ctrl-54809768	6318000.5	MER45R:hAT-Tip100:DNA	375	26	38.01	43	88.39
VC11-Ctrl-54809768	6318000.5	Helitron3Na_Mam:Helitron:RC	191	33	38.00	38	100.00
VC11-Ctrl-54809768	6318000.5	RLTR44E:ERVK:LTR	122	9	37.87	39	97.11
VC11-Ctrl-54809768	6318000.5	Ricksha_c:MULE-MuDR:DNA	405	21	36.86	43	85.72
VC11-Ctrl-54809768	6318000.5	MER67B:ERV1:LTR	220	22	36.61	39	93.88
VC11-Ctrl-54809768	6318000.5	Looper:PiggyBac:DNA	209	16	36.50	40	91.25
VC11-Ctrl-54809768	6318000.5	MER54A:ERVL:LTR	273	13	36.25	38	95.39
VC11-Ctrl-54809768	6318000.5	MER99:hAT?:DNA	198	12	36.24	39	92.92
VC11-Ctrl-54809768	6318000.5	MLT1F-int:ERVL-MaLR:LTR	417	19	36.08	37	97.52
VC11-Ctrl-54809768	6318000.5	RLTR13D4:ERVK:LTR	205	8	36.00	37	97.30
VC11-Ctrl-54809768	6318000.5	RLTR20C:ERVK:LTR	263	12	35.89	35	102.55
VC11-Ctrl-54809768	6318000.5	LTR79:ERVL:LTR	380	19	35.39	34	104.07
VC11-Ctrl-54809768	6318000.5	MER106B:hAT-Charlie:DNA	242	27	35.39	38	93.13
VC11-Ctrl-54809768	6318000.5	L1M1:L1:LINE	881	15	35.37	45	78.60
VC11-Ctrl-54809768	6318000.5	MLTR31D_MM:ERVK:LTR	318	10	35.37	37	95.60
VC11-Ctrl-54809768	6318000.5	Charlie26a:hAT-Charlie:DNA	98	24	35.00	35	100.00
VC11-Ctrl-54809768	6318000.5	MER131:SINE?:SINE?	274	33	35.00	35	100.00
VC11-Ctrl-54809768	6318000.5	MER96B:hAT-Tip100:DNA	410	23	34.82	38	91.64
VC11-Ctrl-54809768	6318000.5	Charlie17:hAT-Charlie:DNA	134	21	34.65	46	75.33
VC11-Ctrl-54809768	6318000.5	MER74B:ERVL:LTR	324	11	34.50	36	95.83
VC11-Ctrl-54809768	6318000.5	MLT2C2:ERVL:LTR	651	16	34.20	39	87.69
VC11-Ctrl-54809768	6318000.5	RLTR30B_MM:ERV1:LTR	283	12	33.77	37	91.26
VC11-Ctrl-54809768	6318000.5	RLTR9F:ERVK:LTR	411	8	33.45	39	85.78
VC11-Ctrl-54809768	6318000.5	MLT1-int:ERVL-MaLR:LTR	285	21	33.04	33	100.11
VC11-Ctrl-54809768	6318000.5	HAL1_SS:L1:LINE	79	17	33.00	33	100.00
VC11-Ctrl-54809768	6318000.5	L1MEj:L1:LINE	178	27	33.00	33	100.00
VC11-Ctrl-54809768	6318000.5	ERVB7_4-LTR_MM:ERVK:LTR	166	4	32.80	34	96.48
VC11-Ctrl-54809768	6318000.5	RLTR12H:ERVK:LTR	188	8	32.57	39	83.52
VC11-Ctrl-54809768	6318000.5	X6A_LINE:CR1:LINE	145	28	32.50	33	98.48
VC11-Ctrl-54809768	6318000.5	RLTR26B_MM:ERVK:LTR	507	9	32.28	35	92.23
VC11-Ctrl-54809768	6318000.5	RLTR44A:ERVK:LTR	259	17	32.13	36	89.26
VC11-Ctrl-54809768	6318000.5	Kanga1c:TcMar-Tc2:DNA	184	29	31.71	34	93.25
VC11-Ctrl-54809768	6318000.5	Charlie9:hAT-Charlie:DNA	232	29	31.50	32	98.44
VC11-Ctrl-54809768	6318000.5	IAPEY3_LTR:ERVK:LTR	553	12	31.50	34	92.65
VC11-Ctrl-54809768	6318000.5	LTR65:ERV1:LTR	162	12	31.00	32	96.88
VC11-Ctrl-54809768	6318000.5	Chap1_Mam:hAT-Charlie:DNA	153	21	30.99	43	72.08
VC11-Ctrl-54809768	6318000.5	RLTR26:ERVK:LTR	408	7	30.83	38	81.14
VC11-Ctrl-54809768	6318000.5	MER106A:hAT-Charlie:DNA	115	26	30.80	32	96.24
VC11-Ctrl-54809768	6318000.5	MER31-int:ERV1:LTR	149	12	30.78	33	93.27
VC11-Ctrl-54809768	6318000.5	MER76:ERVL:LTR	247	18	30.60	32	95.63
VC11-Ctrl-54809768	6318000.5	MER105:DNA:DNA	171	23	30.50	33	92.42
VC11-Ctrl-54809768	6318000.5	MER67C:ERV1:LTR	620	11	30.50	31	98.38
VC11-Ctrl-54809768	6318000.5	RLTR13D1:ERVK:LTR	255	7	30.50	32	95.31
VC11-Ctrl-54809768	6318000.5	MLTR32C_MM:ERVK:LTR	127	8	30.40	32	95.00
VC11-Ctrl-54809768	6318000.5	RLTR31_Mm:ERVK:LTR	145	14	30.26	33	91.71
VC11-Ctrl-54809768	6318000.5	MER63C:hAT-Blackjack:DNA	414	11	30.25	35	86.43
VC11-Ctrl-54809768	6318000.5	Tigger6b:TcMar-Tigger:DNA	217	14	30.09	32	94.02
VC11-Ctrl-54809768	6318000.5	L1MDb:L1:LINE	583	17	30.08	34	88.46
VC11-Ctrl-54809768	6318000.5	MER50B:ERV1:LTR	14	29	30.00	30	100.00
VC11-Ctrl-54809768	6318000.5	MER45A:hAT-Tip100:DNA	769	24	29.50	31	95.16
VC11-Ctrl-54809768	6318000.5	RLTR20B4_MM:ERVK:LTR	416	11	29.50	32	92.19
VC11-Ctrl-54809768	6318000.5	RLTR35B_MM:ERVL:LTR	492	12	29.36	31	94.70
VC11-Ctrl-54809768	6318000.5	RLTR9C:ERVK:LTR	477	8	29.28	32	91.51
VC11-Ctrl-54809768	6318000.5	L4_C_Mam:RTE-X:LINE	590	24	29.00	29	100.00
VC11-Ctrl-54809768	6318000.5	MamRep434:TcMar-Tigger:DNA	518	18	29.00	30	96.67
VC11-Ctrl-54809768	6318000.5	tRNA-Tyr-TAC:tRNA:tRNA	20	23	29.00	29	100.00
VC11-Ctrl-54809768	6318000.5	Zaphod:hAT-Tip100:DNA	728	10	28.19	52	54.20
VC11-Ctrl-54809768	6318000.5	tRNA-Gln-CAG:tRNA:tRNA	25	28	28.00	28	100.00
VC11-Ctrl-54809768	6318000.5	RLTR9D2:ERVK:LTR	194	7	27.20	32	84.99
VC11-Ctrl-54809768	6318000.5	BLACKJACK:hAT-Blackjack:DNA	716	5	27.03	29	93.22
VC11-Ctrl-54809768	6318000.5	tRNA-Gln-CAA_:tRNA:tRNA	4	24	27.00	27	100.00
VC11-Ctrl-54809768	6318000.5	RLTR1F_Mm:ERVK:LTR	83	12	26.61	27	98.56
VC11-Ctrl-54809768	6318000.5	L1M3b:L1:LINE	169	9	26.57	30	88.56
VC11-Ctrl-54809768	6318000.5	ERVB3_1-LTR_MM:ERVK:LTR	158	8	26.46	37	71.51
VC11-Ctrl-54809768	6318000.5	L1M:L1:LINE	459	19	26.33	31	84.95
VC11-Ctrl-54809768	6318000.5	LTR16E1:ERVL:LTR	514	18	26.00	27	96.30
VC11-Ctrl-54809768	6318000.5	Tigger20a:TcMar-Tigger:DNA	188	17	26.00	26	100.00
VC11-Ctrl-54809768	6318000.5	X6B_LINE:CR1:LINE	274	25	25.78	27	95.47
VC11-Ctrl-54809768	6318000.5	RLTR17C_Mm:ERVK:LTR	218	5	25.63	31	82.68
VC11-Ctrl-54809768	6318000.5	MER57C2:ERV1:LTR	415	16	25.50	25	102.00
VC11-Ctrl-54809768	6318000.5	ORSL:hAT-Tip100:DNA	281	16	25.45	26	97.88
VC11-Ctrl-54809768	6318000.5	RMER17A-int:ERVK:LTR	409	11	25.20	25	100.79
VC11-Ctrl-54809768	6318000.5	ERVB5_2-LTR_MM:ERVK:LTR	520	5	24.05	26	92.52
VC11-Ctrl-54809768	6318000.5	LTR16D2:ERVL:LTR	65	22	24.00	24	100.00
VC11-Ctrl-54809768	6318000.5	MMERVK10D3_LTR:ERVK:LTR	174	6	23.86	31	76.98
VC11-Ctrl-54809768	6318000.5	LTRIS4:ERV1:LTR	147	3	23.80	26	91.54
VC11-Ctrl-54809768	6318000.5	L1ME3C:L1:LINE	326	12	23.50	25	94.00
VC11-Ctrl-54809768	6318000.5	LTR33B:ERVL:LTR	268	20	23.50	24	97.92
VC11-Ctrl-54809768	6318000.5	MLT1J-int:ERVL-MaLR:LTR	506	18	23.50	25	94.00
VC11-Ctrl-54809768	6318000.5	RLTR9A3B:ERVK:LTR	346	7	23.50	25	94.00
VC11-Ctrl-54809768	6318000.5	ERVL-int:ERVL:LTR	721	5	23.00	26	88.46
VC11-Ctrl-54809768	6318000.5	Mam_R4:Dong-R4:LINE	138	21	23.00	23	100.00
VC11-Ctrl-54809768	6318000.5	RLTR12B2:ERVK:LTR	95	4	22.88	26	88.01
VC11-Ctrl-54809768	6318000.5	UCON23:hAT?:DNA	22	22	22.74	23	98.86
VC11-Ctrl-54809768	6318000.5	RLTR31M:ERVK:LTR	264	2	22.63	29	78.02
VC11-Ctrl-54809768	6318000.5	Charlie29a:hAT-Charlie:DNA	324	8	22.57	25	90.29
VC11-Ctrl-54809768	6318000.5	L1M2c:L1:LINE	321	8	22.50	23	97.83
VC11-Ctrl-54809768	6318000.5	LTR31:ERV1:LTR	187	10	22.50	23	97.83
VC11-Ctrl-54809768	6318000.5	MER5C:hAT-Charlie:DNA	242	17	22.20	27	82.24
VC11-Ctrl-54809768	6318000.5	MER63A:hAT-Blackjack:DNA	635	17	22.00	24	91.67
VC11-Ctrl-54809768	6318000.5	MMTV-int:ERVK:LTR	35	3	22.00	22	100.00
VC11-Ctrl-54809768	6318000.5	X7A_LINE:CR1:LINE	159	18	22.00	22	100.00
VC11-Ctrl-54809768	6318000.5	LTR53:ERVL:LTR	226	9	21.67	22	98.49
VC11-Ctrl-54809768	6318000.5	Kanga1a:TcMar-Tc2:DNA	191	13	21.48	22	97.62
VC11-Ctrl-54809768	6318000.5	MamRep1527:LTR:LTR	372	13	21.33	23	92.75
VC11-Ctrl-54809768	6318000.5	MER113A:hAT-Charlie:DNA	140	14	21.29	22	96.78
VC11-Ctrl-54809768	6318000.5	L1ME5:L1:LINE	146	8	21.10	23	91.72
VC11-Ctrl-54809768	6318000.5	RMER16B:ERVK:LTR	84	4	21.07	24	87.81
VC11-Ctrl-54809768	6318000.5	LTR28B:ERV1:LTR	144	19	21.00	21	100.00
VC11-Ctrl-54809768	6318000.5	MER115:hAT-Tip100:DNA	521	11	21.00	21	100.00
VC11-Ctrl-54809768	6318000.5	tRNA-Gly-GGY:tRNA:tRNA	52	6	21.00	21	100.00
VC11-Ctrl-54809768	6318000.5	MLT1F2-int:ERVL-MaLR:LTR	68	5	20.99	22	95.39
VC11-Ctrl-54809768	6318000.5	RLTR5_Mm:ERV1:LTR	601	6	20.57	22	93.50
VC11-Ctrl-54809768	6318000.5	tRNA-Gly-GGA:tRNA:tRNA	86	15	20.50	19	107.89
VC11-Ctrl-54809768	6318000.5	hAT-N1_Mam:hAT?:DNA	185	14	20.00	20	100.02
VC11-Ctrl-54809768	6318000.5	LTR107_Mam:LTR:LTR	93	15	20.00	20	100.00
VC11-Ctrl-54809768	6318000.5	LTR89:ERVL?:LTR	146	15	20.00	20	100.00
VC11-Ctrl-54809768	6318000.5	MER34-int:ERV1:LTR	66	11	20.00	20	100.00
VC11-Ctrl-54809768	6318000.5	RLTR20A1:ERVK:LTR	98	4	20.00	20	100.00
VC11-Ctrl-54809768	6318000.5	Tigger8:TcMar-Tigger:DNA	121	12	20.00	20	100.00
VC11-Ctrl-54809768	6318000.5	ERVB5_1-I_MM-int:ERVK:LTR	292	2	19.95	21	94.98
VC11-Ctrl-54809768	6318000.5	RLTR42:ERVK:LTR	266	12	19.85	20	99.24
VC11-Ctrl-54809768	6318000.5	ERV3-16A3_I-int:ERVL:LTR	908	6	19.65	21	93.57
VC11-Ctrl-54809768	6318000.5	Charlie19a:hAT-Charlie:DNA	240	11	19.50	21	92.86
VC11-Ctrl-54809768	6318000.5	LTR16B2:ERVL:LTR	384	8	19.50	22	88.64
VC11-Ctrl-54809768	6318000.5	LTR33C:ERVL:LTR	232	19	19.50	20	97.50
VC11-Ctrl-54809768	6318000.5	RLTR31A_Mm:ERVK:LTR	209	7	19.34	21	92.11
VC11-Ctrl-54809768	6318000.5	ERV3-16A3_LTR:ERVL:LTR	279	7	19.00	19	100.00
VC11-Ctrl-54809768	6318000.5	L1MCb:L1:LINE	713	6	19.00	22	86.36
VC11-Ctrl-54809768	6318000.5	LTR16E2:ERVL:LTR	423	14	19.00	20	95.00
VC11-Ctrl-54809768	6318000.5	MamRep38:hAT:DNA	212	16	19.00	19	100.00
VC11-Ctrl-54809768	6318000.5	MER124:DNA?:DNA?	252	14	19.00	19	100.00
VC11-Ctrl-54809768	6318000.5	RLTR10B:ERVK:LTR	477	2	18.94	22	86.10
VC11-Ctrl-54809768	6318000.5	IAPLTR3:ERVK:LTR	959	5	18.66	19	98.19
VC11-Ctrl-54809768	6318000.5	LTR16B1:ERVL:LTR	299	8	18.50	19	97.37
VC11-Ctrl-54809768	6318000.5	LTR78:ERV1:LTR	583	10	18.50	20	92.50
VC11-Ctrl-54809768	6318000.5	MER70B:ERVL:LTR	254	10	18.50	19	97.37
VC11-Ctrl-54809768	6318000.5	X8_LINE:CR1:LINE	158	16	18.50	19	97.37
VC11-Ctrl-54809768	6318000.5	MADE2:TcMar-Mariner:DNA	208	14	18.38	20	91.88
VC11-Ctrl-54809768	6318000.5	L1M3c:L1:LINE	337	8	18.35	24	76.46
VC11-Ctrl-54809768	6318000.5	MER63B:hAT-Blackjack:DNA	701	15	18.30	20	91.50
VC11-Ctrl-54809768	6318000.5	Ricksha_c:MuDR:DNA	26	13	18.14	22	82.46
VC11-Ctrl-54809768	6318000.5	MLT1B-int:ERVL-MaLR:LTR	165	4	17.94	18	99.68
VC11-Ctrl-54809768	6318000.5	LTR81B:Gypsy:LTR	204	13	17.82	23	77.46
VC11-Ctrl-54809768	6318000.5	LTR81C:Gypsy:LTR	99	16	17.50	18	97.22
VC11-Ctrl-54809768	6318000.5	MER135:DNA:DNA	287	13	17.50	18	97.22
VC11-Ctrl-54809768	6318000.5	Ricksha:MuDR:DNA	85	11	17.50	19	92.11
VC11-Ctrl-54809768	6318000.5	IAP1-MM_LTR:ERVK:LTR	420	6	17.45	25	69.80
VC11-Ctrl-54809768	6318000.5	MLT1A0-int:ERVL-MaLR:LTR	206	4	17.44	19	91.81
VC11-Ctrl-54809768	6318000.5	IAPEY3C_LTR:ERVK:LTR	475	4	17.38	17	102.21
VC11-Ctrl-54809768	6318000.5	Charlie22a:hAT-Charlie:DNA	163	13	17.33	20	86.64
VC11-Ctrl-54809768	6318000.5	tRNA-Ala-GCG:tRNA:tRNA	194	14	17.33	20	86.67
VC11-Ctrl-54809768	6318000.5	LTR33A_:ERVL:LTR	474	11	17.12	20	85.59
VC11-Ctrl-54809768	6318000.5	Charlie7a:hAT-Charlie:DNA	102	11	17.00	17	100.00
VC11-Ctrl-54809768	6318000.5	HERV16-int:ERVL:LTR	277	6	17.00	18	94.44
VC11-Ctrl-54809768	6318000.5	RLTR48C:ERV1:LTR	149	7	17.00	18	94.44
VC11-Ctrl-54809768	6318000.5	X7C_LINE:CR1:LINE	155	11	16.83	18	93.52
VC11-Ctrl-54809768	6318000.5	RLTR9A2:ERVK:LTR	227	6	16.76	21	79.82
VC11-Ctrl-54809768	6318000.5	Kanga1b:TcMar-Tc2:DNA	121	12	16.51	19	86.90
VC11-Ctrl-54809768	6318000.5	LTR48B:ERV1:LTR	302	7	16.50	18	91.67
VC11-Ctrl-54809768	6318000.5	Zaphod3:hAT-Tip100:DNA	454	13	16.50	17	97.06
VC11-Ctrl-54809768	6318000.5	L1M8:L1:LINE	201	11	16.00	16	100.00
VC11-Ctrl-54809768	6318000.5	L1MEh:L1:LINE	202	12	16.00	16	100.00
VC11-Ctrl-54809768	6318000.5	MER50:ERV1:LTR	13	16	16.00	16	100.00
VC11-Ctrl-54809768	6318000.5	MER90:ERV1:LTR	245	9	16.00	18	88.89
VC11-Ctrl-54809768	6318000.5	IAPA_MM-int:ERVK:LTR	126	0	15.74	66	23.84
VC11-Ctrl-54809768	6318000.5	LTR16A2:ERVL:LTR	416	13	15.67	18	87.04
VC11-Ctrl-54809768	6318000.5	L1MEa:L1:LINE	169	3	15.65	21	74.55
VC11-Ctrl-54809768	6318000.5	LTR84a:ERVL:LTR	136	8	15.50	16	96.88
VC11-Ctrl-54809768	6318000.5	RLTR6C_Mm:ERV1:LTR	102	8	15.37	14	109.79
VC11-Ctrl-54809768	6318000.5	Charlie25:hAT-Charlie:DNA	301	9	15.00	16	93.75
VC11-Ctrl-54809768	6318000.5	LTR86B1:ERVL:LTR	49	15	15.00	15	100.00
VC11-Ctrl-54809768	6318000.5	MER127:TcMar-Tigger:DNA	119	13	15.00	15	100.00
VC11-Ctrl-54809768	6318000.5	MER92-int:ERV1:LTR	324	5	15.00	15	100.00
VC11-Ctrl-54809768	6318000.5	MLT1J1-int:ERVL-MaLR:LTR	67	10	15.00	15	100.00
VC11-Ctrl-54809768	6318000.5	UCON29:PiggyBac?:DNA	141	12	15.00	15	100.00
VC11-Ctrl-54809768	6318000.5	L1M2a:L1:LINE	208	10	14.99	16	93.69
VC11-Ctrl-54809768	6318000.5	Charlie13a:hAT-Charlie:DNA	184	10	14.82	18	82.32
VC11-Ctrl-54809768	6318000.5	tRNA-Cys-TGY:tRNA:tRNA	89	11	14.72	14	105.14
VC11-Ctrl-54809768	6318000.5	tRNA-Asn-AAC:tRNA:tRNA	27	7	14.67	14	104.76
VC11-Ctrl-54809768	6318000.5	L1M3de:L1:LINE	157	7	14.66	23	63.72
VC11-Ctrl-54809768	6318000.5	LTR37B:ERV1:LTR	386	9	14.50	16	90.62
VC11-Ctrl-54809768	6318000.5	Charlie4:hAT-Charlie:DNA	161	8	14.00	15	93.33
VC11-Ctrl-54809768	6318000.5	LTR16A1:ERVL:LTR	654	8	14.00	15	93.33
VC11-Ctrl-54809768	6318000.5	MER94:hAT-Blackjack:DNA	466	11	14.00	14	100.00
VC11-Ctrl-54809768	6318000.5	MamGypLTR1b:Gypsy:LTR	141	10	13.99	14	99.94
VC11-Ctrl-54809768	6318000.5	Tigger17b:TcMar-Tigger:DNA	72	6	13.59	21	64.70
VC11-Ctrl-54809768	6318000.5	LTR84b:ERVL:LTR	187	9	13.50	14	96.43
VC11-Ctrl-54809768	6318000.5	ORSL-2b:hAT-Tip100:DNA	210	5	13.50	15	90.00
VC11-Ctrl-54809768	6318000.5	tRNA-Glu-GAG_:tRNA:tRNA	39	8	13.50	14	96.43
VC11-Ctrl-54809768	6318000.5	Eulor2B:DNA?:DNA?	42	13	13.00	13	100.00
VC11-Ctrl-54809768	6318000.5	L1M6:L1:LINE	329	12	13.00	13	100.00
VC11-Ctrl-54809768	6318000.5	LTR73:ERV1:LTR	137	5	13.00	15	86.67
VC11-Ctrl-54809768	6318000.5	tRNA-Leu-TTA:tRNA:tRNA	18	3	13.00	13	100.00
VC11-Ctrl-54809768	6318000.5	LTR68:ERV1:LTR	106	9	12.50	13	96.15
VC11-Ctrl-54809768	6318000.5	LTR90B:LTR:LTR	91	8	12.50	13	96.15
VC11-Ctrl-54809768	6318000.5	MamTip3:hAT-Tip100:DNA	180	11	12.50	13	96.15
VC11-Ctrl-54809768	6318000.5	LTR108a_Mam:ERVL:LTR	39	6	12.48	13	96.03
VC11-Ctrl-54809768	6318000.5	LTR16B:ERVL:LTR	260	6	12.18	13	93.71
VC11-Ctrl-54809768	6318000.5	RLTR41B:ERV1:LTR	98	1	12.18	13	93.72
VC11-Ctrl-54809768	6318000.5	MER57E1:ERV1:LTR	210	5	12.14	13	93.40
VC11-Ctrl-54809768	6318000.5	ERVB4_2-LTR_MM:ERVK:LTR	144	2	12.00	14	85.71
VC11-Ctrl-54809768	6318000.5	L1M3f:L1:LINE	100	10	12.00	12	100.00
VC11-Ctrl-54809768	6318000.5	MER68-int:ERVL:LTR	77	3	12.00	13	92.31
VC11-Ctrl-54809768	6318000.5	MER70A:ERVL:LTR	184	3	12.00	12	100.00
VC11-Ctrl-54809768	6318000.5	tRNA-Ser-TCY:tRNA:tRNA	12	11	12.00	12	100.00
VC11-Ctrl-54809768	6318000.5	RLTR44B:ERVK:LTR	275	4	11.90	14	85.02
VC11-Ctrl-54809768	6318000.5	LTR85c:Gypsy?:LTR	119	10	11.88	12	98.96
VC11-Ctrl-54809768	6318000.5	tRNA-Val-GTG:tRNA:tRNA	25	5	11.71	11	106.45
VC11-Ctrl-54809768	6318000.5	MER126:DNA:DNA	118	9	11.53	12	96.11
VC11-Ctrl-54809768	6318000.5	FAM:Alu:SINE	117	8	11.52	16	72.02
VC11-Ctrl-54809768	6318000.5	MLTR31E_MM:ERVK:LTR	164	3	11.50	13	88.46
VC11-Ctrl-54809768	6318000.5	tRNA-Lys-AAG:tRNA:tRNA	184	8	11.50	11	104.55
VC11-Ctrl-54809768	6318000.5	Charlie23a:hAT-Charlie:DNA	157	7	11.16	12	93.03
VC11-Ctrl-54809768	6318000.5	Charlie20a:hAT-Charlie:DNA	161	9	11.00	11	100.00
VC11-Ctrl-54809768	6318000.5	LTR85a:Gypsy?:LTR	234	6	11.00	11	100.00
VC11-Ctrl-54809768	6318000.5	LTR9:ERV1:LTR	13	11	11.00	11	100.00
VC11-Ctrl-54809768	6318000.5	MamGypLTR1c:Gypsy:LTR	145	5	11.00	11	100.00
VC11-Ctrl-54809768	6318000.5	tRNA-Ala-GCY:tRNA:tRNA	12	9	11.00	11	100.00
VC11-Ctrl-54809768	6318000.5	tRNA-Ser-TCG:tRNA:tRNA	5	6	11.00	11	100.00
VC11-Ctrl-54809768	6318000.5	RLTR9A3A:ERVK:LTR	222	3	10.83	13	83.33
VC11-Ctrl-54809768	6318000.5	RLTR9B2:ERVK:LTR	178	3	10.67	12	88.95
VC11-Ctrl-54809768	6318000.5	Kanga11a:TcMar-Tc2:DNA	187	5	10.50	11	95.45
VC11-Ctrl-54809768	6318000.5	LTR55:ERVL?:LTR	160	5	10.50	11	95.45
VC11-Ctrl-54809768	6318000.5	RLTR47:ERVK:LTR	209	3	10.50	11	95.45
VC11-Ctrl-54809768	6318000.5	X3_LINE:RTE-BovB:LINE	260	10	10.50	12	87.50
VC11-Ctrl-54809768	6318000.5	RLTR43C:ERVK:LTR	264	2	10.34	12	86.13
VC11-Ctrl-54809768	6318000.5	LTRIS4B:ERV1:LTR	71	3	10.23	11	92.99
VC11-Ctrl-54809768	6318000.5	tRNA-Ile-ATT:tRNA:tRNA	40	7	10.16	12	84.69
VC11-Ctrl-54809768	6318000.5	MER54B:ERVL:LTR	114	5	10.11	11	91.94
VC11-Ctrl-54809768	6318000.5	MER21-int:ERVL:LTR	105	6	10.02	12	83.49
VC11-Ctrl-54809768	6318000.5	Eulor2A:DNA?:DNA?	41	10	10.00	10	100.00
VC11-Ctrl-54809768	6318000.5	MamGypLTR3a:Gypsy:LTR	161	5	10.00	10	100.00
VC11-Ctrl-54809768	6318000.5	RLTR53B_Mm:ERVK:LTR	160	5	10.00	11	90.91
VC11-Ctrl-54809768	6318000.5	MLT1A1-int:ERVL-MaLR:LTR	130	2	9.92	15	66.12
VC11-Ctrl-54809768	6318000.5	RLTR19A2:ERVK:LTR	94	3	9.84	11	89.49
VC11-Ctrl-54809768	6318000.5	L1P5:L1:LINE	166	6	9.50	11	86.36
VC11-Ctrl-54809768	6318000.5	LTRIS5:ERV1:LTR	85	2	9.50	10	95.00
VC11-Ctrl-54809768	6318000.5	LTR16D:ERVL:LTR	185	4	9.40	10	94.02
VC11-Ctrl-54809768	6318000.5	LTR108b_Mam:ERVL:LTR	19	9	9.00	9	100.00
VC11-Ctrl-54809768	6318000.5	LTR16D1:ERVL:LTR	90	5	9.00	9	100.00
VC11-Ctrl-54809768	6318000.5	MER121:TcMar?:DNA	588	6	9.00	9	100.00
VC11-Ctrl-54809768	6318000.5	MER66-int:ERV1:LTR	23	7	9.00	9	100.00
VC11-Ctrl-54809768	6318000.5	tRNA-Ile-ATA:tRNA:tRNA	26	3	9.00	9	100.00
VC11-Ctrl-54809768	6318000.5	tRNA-Lys-AAA:tRNA:tRNA	22	8	9.00	9	100.00
VC11-Ctrl-54809768	6318000.5	Helitron2Na_Mam:Helitron?:RC?	74	6	8.75	9	97.21
VC11-Ctrl-54809768	6318000.5	Arthur1A:hAT-Tip100:DNA	148	6	8.50	9	94.44
VC11-Ctrl-54809768	6318000.5	Kanga1d:TcMar-Tc2:DNA	131	8	8.50	9	94.44
VC11-Ctrl-54809768	6318000.5	LTR105_Mam:ERVL:LTR	124	6	8.50	9	94.44
VC11-Ctrl-54809768	6318000.5	Tigger12c:TcMar-Tigger:DNA	97	5	8.50	9	94.44
VC11-Ctrl-54809768	6318000.5	RMER16B3:ERVK:LTR	101	2	8.46	10	84.56
VC11-Ctrl-54809768	6318000.5	LTR108e_Mam:ERVL:LTR	36	6	8.31	8	103.93
VC11-Ctrl-54809768	6318000.5	MER47A:TcMar-Tigger:DNA	127	4	8.19	9	91.04
VC11-Ctrl-54809768	6318000.5	Eulor5A:DNA?:DNA?	80	5	8.00	8	100.00
VC11-Ctrl-54809768	6318000.5	Eulor9A:DNA:DNA	60	7	8.00	8	100.00
VC11-Ctrl-54809768	6318000.5	LTR53B:ERVL:LTR	83	6	8.00	8	100.00
VC11-Ctrl-54809768	6318000.5	MER110:ERV1:LTR	147	3	8.00	8	100.00
VC11-Ctrl-54809768	6318000.5	Tigger1a_Art:TcMar-Tigger:DNA	37	5	8.00	8	100.00
VC11-Ctrl-54809768	6318000.5	tRNA-Asp-GAY:tRNA:tRNA	33	6	8.00	8	100.00
VC11-Ctrl-54809768	6318000.5	tRNA-Pro-CCY:tRNA:tRNA	29	4	7.67	7	109.52
VC11-Ctrl-54809768	6318000.5	BGLII_C:ERVK:LTR	74	3	7.50	8	93.75
VC11-Ctrl-54809768	6318000.5	LTR75:ERVL:LTR	94	3	7.50	8	93.75
VC11-Ctrl-54809768	6318000.5	LTR81A:Gypsy:LTR	180	5	7.50	8	93.75
VC11-Ctrl-54809768	6318000.5	Tigger11a:TcMar-Tigger:DNA	75	2	7.50	8	93.75
VC11-Ctrl-54809768	6318000.5	tRNA-Pro-CCA:tRNA:tRNA	10	6	7.50	8	93.75
VC11-Ctrl-54809768	6318000.5	Charlie21a:hAT-Charlie:DNA	174	6	7.00	7	100.00
VC11-Ctrl-54809768	6318000.5	ERVB5_1-LTR_MM:ERVK:LTR	143	3	7.00	7	100.00
VC11-Ctrl-54809768	6318000.5	Helitron1Na_Mam:Helitron:RC	62	6	7.00	7	100.00
VC11-Ctrl-54809768	6318000.5	LTR88b:Gypsy?:LTR	178	6	7.00	7	100.00
VC11-Ctrl-54809768	6318000.5	MER67A:ERV1:LTR	176	3	7.00	7	100.00
VC11-Ctrl-54809768	6318000.5	Ricksha_0:MULE-MuDR:DNA	82	3	7.00	7	100.00
VC11-Ctrl-54809768	6318000.5	RLTR3_Mm:ERVK:LTR	31	7	7.00	7	100.00
VC11-Ctrl-54809768	6318000.5	RLTR46B:ERVK:LTR	73	1	7.00	8	87.50
VC11-Ctrl-54809768	6318000.5	tRNA-Leu-CTY:tRNA:tRNA	8	4	7.00	7	100.00
VC11-Ctrl-54809768	6318000.5	tRNA-Ser-AGY:tRNA:tRNA	15	7	7.00	7	100.00
VC11-Ctrl-54809768	6318000.5	tRNA-Val-GTY:tRNA:tRNA	18	6	7.00	7	100.00
VC11-Ctrl-54809768	6318000.5	LTR106_Mam:LTR:LTR	164	1	6.85	9	76.06
VC11-Ctrl-54809768	6318000.5	LTR75B:ERVL:LTR	69	4	6.77	7	96.78
VC11-Ctrl-54809768	6318000.5	Charlie13b:hAT-Charlie:DNA	114	4	6.50	7	92.86
VC11-Ctrl-54809768	6318000.5	LTR83:ERVL:LTR	161	3	6.50	8	81.25
VC11-Ctrl-54809768	6318000.5	MER4B-int:ERV1:LTR	52	3	6.50	7	92.86
VC11-Ctrl-54809768	6318000.5	MER57-int:ERV1:LTR	202	5	6.50	7	92.86
VC11-Ctrl-54809768	6318000.5	MLT1F1-int:ERVL-MaLR:LTR	89	1	6.50	8	81.25
VC11-Ctrl-54809768	6318000.5	MER67D:ERV1:LTR	468	1	6.20	7	88.55
VC11-Ctrl-54809768	6318000.5	IAPEY5_LTR:ERVK:LTR	237	5	6.00	6	100.00
VC11-Ctrl-54809768	6318000.5	L1MEg2:L1:LINE	112	2	6.00	6	100.00
VC11-Ctrl-54809768	6318000.5	LTR102_Mam:ERVL:LTR	215	6	6.00	6	100.00
VC11-Ctrl-54809768	6318000.5	LTR86B2:ERVL:LTR	36	5	6.00	6	100.00
VC11-Ctrl-54809768	6318000.5	MER110A:ERV1:LTR	196	5	6.00	6	100.00
VC11-Ctrl-54809768	6318000.5	MER52-int:ERV1:LTR	206	3	6.00	6	100.00
VC11-Ctrl-54809768	6318000.5	MER5C1:hAT-Charlie:DNA	75	6	6.00	6	100.00
VC11-Ctrl-54809768	6318000.5	MER88:ERVL:LTR	58	3	6.00	6	100.00
VC11-Ctrl-54809768	6318000.5	MER96:hAT-Tip100:DNA	104	5	6.00	6	100.00
VC11-Ctrl-54809768	6318000.5	MLT1A-int:ERVL-MaLR:LTR	123	3	6.00	6	100.00
VC11-Ctrl-54809768	6318000.5	RLTR44D:ERVK:LTR	100	2	6.00	7	85.71
VC11-Ctrl-54809768	6318000.5	Tigger12A:TcMar-Tigger:DNA	86	3	6.00	6	100.00
VC11-Ctrl-54809768	6318000.5	tRNA-Arg-CGA_:tRNA:tRNA	2	6	6.00	6	100.00
VC11-Ctrl-54809768	6318000.5	tRNA-Arg-CGY_:tRNA:tRNA	21	6	6.00	6	100.00
VC11-Ctrl-54809768	6318000.5	tRNA-Phe-TTY:tRNA:tRNA	47	6	6.00	6	100.00
VC11-Ctrl-54809768	6318000.5	tRNA-Thr-ACY:tRNA:tRNA	14	6	6.00	6	100.00
VC11-Ctrl-54809768	6318000.5	RLTR19D:ERVK:LTR	64	1	5.94	7	84.92
VC11-Ctrl-54809768	6318000.5	ERVB4_3-LTR_MM:ERVK:LTR	137	0	5.75	6	95.83
VC11-Ctrl-54809768	6318000.5	tRNA-Leu-CTG:tRNA:tRNA	16	3	5.75	5	115.00
VC11-Ctrl-54809768	6318000.5	RLTR50B:ERVK:LTR	334	1	5.70	7	81.41
VC11-Ctrl-54809768	6318000.5	IAPLTR4_I:ERVK:LTR	183	0	5.57	10	55.70
VC11-Ctrl-54809768	6318000.5	Charlie17a:hAT-Charlie:DNA	63	4	5.50	6	91.67
VC11-Ctrl-54809768	6318000.5	L1PB4:L1:LINE	144	0	5.50	6	91.67
VC11-Ctrl-54809768	6318000.5	MamRep4096:hAT?:DNA	180	4	5.50	6	91.67
VC11-Ctrl-54809768	6318000.5	tRNA-Met-i:tRNA:tRNA	19	4	5.50	5	110.00
VC11-Ctrl-54809768	6318000.5	MamTip1:hAT-Tip100:DNA	82	4	5.33	6	88.89
VC11-Ctrl-54809768	6318000.5	Charlie14a:hAT-Charlie:DNA	72	2	5.00	5	100.00
VC11-Ctrl-54809768	6318000.5	ERVB4_3-I_MM-int:ERVK:LTR	99	2	5.00	5	100.00
VC11-Ctrl-54809768	6318000.5	Eulor6E:DNA?:DNA?	18	4	5.00	5	100.00
VC11-Ctrl-54809768	6318000.5	Helitron1Nb_Mam:Helitron:RC	92	4	5.00	6	83.33
VC11-Ctrl-54809768	6318000.5	LTR103b_Mam:ERV1?:LTR	57	4	5.00	5	100.00
VC11-Ctrl-54809768	6318000.5	LTR86A1:ERVL:LTR	92	4	5.00	5	100.00
VC11-Ctrl-54809768	6318000.5	MamGypLTR2b:Gypsy:LTR	109	3	5.00	5	100.00
VC11-Ctrl-54809768	6318000.5	MER123:DNA:DNA	41	3	5.00	5	100.00
VC11-Ctrl-54809768	6318000.5	MER65D:ERV1:LTR	101	3	5.00	5	100.00
VC11-Ctrl-54809768	6318000.5	MER68C:ERVL:LTR	60	4	5.00	5	100.00
VC11-Ctrl-54809768	6318000.5	MER73:ERVL:LTR	135	2	5.00	5	100.00
VC11-Ctrl-54809768	6318000.5	MLT1C-int:ERVL-MaLR:LTR	122	3	5.00	6	83.33
VC11-Ctrl-54809768	6318000.5	MLT1E2-int:ERVL-MaLR:LTR	35	3	5.00	5	100.00
VC11-Ctrl-54809768	6318000.5	RLTR13D:ERVK:LTR	45	0	5.00	6	83.33
VC11-Ctrl-54809768	6318000.5	tRNA-Gln-CAA:tRNA:tRNA	14	5	5.00	5	100.00
VC11-Ctrl-54809768	6318000.5	tRNA-Met:tRNA:tRNA	21	5	5.00	5	100.00
VC11-Ctrl-54809768	6318000.5	tRNA-Thr-ACA:tRNA:tRNA	17	4	5.00	5	100.00
VC11-Ctrl-54809768	6318000.5	tRNA-Trp-TGG:tRNA:tRNA	16	5	5.00	5	100.00
VC11-Ctrl-54809768	6318000.5	U7:snRNA:snRNA	49	5	5.00	5	100.00
VC11-Ctrl-54809768	6318000.5	L1MEg1:L1:LINE	92	3	4.70	6	78.31
VC11-Ctrl-54809768	6318000.5	MamGypLTR1d:Gypsy:LTR	116	2	4.50	4	112.59
VC11-Ctrl-54809768	6318000.5	MER113B:hAT-Charlie:DNA	72	3	4.50	5	90.00
VC11-Ctrl-54809768	6318000.5	MER74C:ERVL:LTR	114	4	4.50	5	90.00
VC11-Ctrl-54809768	6318000.5	MER97b:hAT-Tip100:DNA	55	2	4.50	6	75.00
VC11-Ctrl-54809768	6318000.5	RMER3D3:ERVK:LTR	8	3	4.29	4	107.13
VC11-Ctrl-54809768	6318000.5	Arthur1C:hAT-Tip100:DNA	155	3	4.00	4	100.00
VC11-Ctrl-54809768	6318000.5	Charlie10a:hAT-Charlie:DNA	61	3	4.00	4	100.00
VC11-Ctrl-54809768	6318000.5	Eulor1:DNA:DNA	56	3	4.00	4	100.00
VC11-Ctrl-54809768	6318000.5	L1M3a:L1:LINE	120	2	4.00	4	100.00
VC11-Ctrl-54809768	6318000.5	LTR108c_Mam:ERVL:LTR	15	1	4.00	4	100.00
VC11-Ctrl-54809768	6318000.5	LTR108d_Mam:ERVL:LTR	30	3	4.00	4	100.00
VC11-Ctrl-54809768	6318000.5	LTR80A:ERVL:LTR	112	4	4.00	4	100.00
VC11-Ctrl-54809768	6318000.5	LTR82B:ERVL:LTR	290	4	4.00	4	100.00
VC11-Ctrl-54809768	6318000.5	LTR86A2:ERVL:LTR	79	4	4.00	4	100.00
VC11-Ctrl-54809768	6318000.5	LTR90A:LTR:LTR	99	3	4.00	4	100.00
VC11-Ctrl-54809768	6318000.5	MamRep1151:LTR?:LTR?	249	1	4.00	6	66.67
VC11-Ctrl-54809768	6318000.5	MamRep1879:hAT-Tip100?:DNA	105	4	4.00	4	100.00
VC11-Ctrl-54809768	6318000.5	MER65-int:ERV1:LTR	49	4	4.00	4	100.00
VC11-Ctrl-54809768	6318000.5	MER92D:ERV1:LTR	70	2	4.00	4	100.00
VC11-Ctrl-54809768	6318000.5	MERX:TcMar-Tigger:DNA	64	2	4.00	4	100.00
VC11-Ctrl-54809768	6318000.5	MLT1G3-int:ERVL-MaLR:LTR	58	2	4.00	4	100.00
VC11-Ctrl-54809768	6318000.5	MLT1H1-int:ERVL-MaLR:LTR	49	0	4.00	4	100.00
VC11-Ctrl-54809768	6318000.5	U13_:snRNA:snRNA	19	3	4.00	4	100.00
VC11-Ctrl-54809768	6318000.5	DNA1_Mam:TcMar:DNA	45	2	3.50	4	87.50
VC11-Ctrl-54809768	6318000.5	LTR86C:ERVL:LTR	75	2	3.50	4	87.50
VC11-Ctrl-54809768	6318000.5	LTRIS6:ERV1:LTR	149	0	3.50	4	87.50
VC11-Ctrl-54809768	6318000.5	MLT1G1-int:ERVL-MaLR:LTR	51	3	3.50	4	87.50
VC11-Ctrl-54809768	6318000.5	RLTR46A2:ERVK:LTR	58	2	3.50	4	87.50
VC11-Ctrl-54809768	6318000.5	IAPEY5_I-int:ERVK:LTR	184	0	3.27	5	65.38
VC11-Ctrl-54809768	6318000.5	ERVB2_1-I_MM-int:ERVK:LTR	83	0	3.00	3	100.00
VC11-Ctrl-54809768	6318000.5	LTR39:ERV1:LTR	11	2	3.00	3	100.00
VC11-Ctrl-54809768	6318000.5	LTR69:ERVL:LTR	74	0	3.00	3	100.00
VC11-Ctrl-54809768	6318000.5	LTR9D:ERV1:LTR	11	3	3.00	3	100.00
VC11-Ctrl-54809768	6318000.5	MamGypLTR2c:Gypsy:LTR	110	3	3.00	3	100.00
VC11-Ctrl-54809768	6318000.5	MER129:LTR?:LTR?	63	3	3.00	3	100.00
VC11-Ctrl-54809768	6318000.5	MER51-int:ERV1:LTR	7	2	3.00	3	100.00
VC11-Ctrl-54809768	6318000.5	MER70-int:ERVL:LTR	56	2	3.00	3	100.00
VC11-Ctrl-54809768	6318000.5	MER91C:hAT-Tip100:DNA	110	2	3.00	3	100.00
VC11-Ctrl-54809768	6318000.5	tRNA-Gly-GGG:tRNA:tRNA	24	1	3.00	3	100.00
VC11-Ctrl-54809768	6318000.5	tRNA-Leu-TTG:tRNA:tRNA	24	3	3.00	3	100.00
VC11-Ctrl-54809768	6318000.5	tRNA-Ser-TCA_:tRNA:tRNA	3	3	3.00	3	100.00
VC11-Ctrl-54809768	6318000.5	X5B_LINE:CR1:LINE	79	3	3.00	3	100.00
VC11-Ctrl-54809768	6318000.5	LTR88a:Gypsy?:LTR	64	2	2.50	3	83.33
VC11-Ctrl-54809768	6318000.5	RLTR30C_MM:ERV1:LTR	124	1	2.50	3	83.33
VC11-Ctrl-54809768	6318000.5	Ricksha:MULE-MuDR:DNA	60	1	2.20	3	73.28
VC11-Ctrl-54809768	6318000.5	C573_MM:Other:Other	1738	0	2.00	2	100.00
VC11-Ctrl-54809768	6318000.5	Charlie10b:hAT-Charlie:DNA	48	2	2.00	2	100.00
VC11-Ctrl-54809768	6318000.5	Eulor10:DNA?:DNA?	29	2	2.00	2	100.00
VC11-Ctrl-54809768	6318000.5	Eulor6B:DNA?:DNA?	56	2	2.00	2	100.00
VC11-Ctrl-54809768	6318000.5	Eulor9C:DNA:DNA	71	1	2.00	2	100.00
VC11-Ctrl-54809768	6318000.5	FordPrefect_a:hAT-Tip100:DNA	60	1	2.00	2	100.00
VC11-Ctrl-54809768	6318000.5	L1M3d:L1:LINE	171	1	2.00	2	100.00
VC11-Ctrl-54809768	6318000.5	L5:RTE-X:LINE	122	2	2.00	2	100.00
VC11-Ctrl-54809768	6318000.5	LTR34:ERV1:LTR	8	2	2.00	2	100.00
VC11-Ctrl-54809768	6318000.5	LTR52:ERVL:LTR	230	2	2.00	2	100.00
VC11-Ctrl-54809768	6318000.5	LTR85b:Gypsy?:LTR	106	1	2.00	2	100.00
VC11-Ctrl-54809768	6318000.5	MamGypLTR1a:Gypsy:LTR	137	1	2.00	2	100.00
VC11-Ctrl-54809768	6318000.5	MamGypLTR3:Gypsy:LTR	105	1	2.00	2	100.00
VC11-Ctrl-54809768	6318000.5	MamRep1894:hAT:DNA	36	2	2.00	2	100.00
VC11-Ctrl-54809768	6318000.5	MER134:DNA?:DNA?	53	1	2.00	2	100.00
VC11-Ctrl-54809768	6318000.5	MER57E2:ERV1:LTR	62	2	2.00	2	100.00
VC11-Ctrl-54809768	6318000.5	MER87:ERV1:LTR	46	2	2.00	2	100.00
VC11-Ctrl-54809768	6318000.5	ORR1G-int:ERVL-MaLR:LTR	70	0	2.00	2	100.00
VC11-Ctrl-54809768	6318000.5	ORSL-2a:hAT-Tip100:DNA	69	2	2.00	2	100.00
VC11-Ctrl-54809768	6318000.5	RLTR47_MM:ERV1:LTR	45	2	2.00	2	100.00
VC11-Ctrl-54809768	6318000.5	tRNA-Met_:tRNA:tRNA	46	1	2.00	2	100.00
VC11-Ctrl-54809768	6318000.5	tRNA-Pro-CCG:tRNA:tRNA	4	2	2.00	2	100.00
VC11-Ctrl-54809768	6318000.5	tRNA-Val-GTA:tRNA:tRNA	13	1	2.00	2	100.00
VC11-Ctrl-54809768	6318000.5	UCON21:DNA?:DNA?	23	1	2.00	2	100.00
VC11-Ctrl-54809768	6318000.5	X2_LINE:CR1:LINE	32	2	2.00	2	100.00
VC11-Ctrl-54809768	6318000.5	MER72B:ERV1:LTR	74	0	1.56	3	52.08
VC11-Ctrl-54809768	6318000.5	Cheshire_Mars:hAT-Charlie:DNA	3	1	1.50	2	75.00
VC11-Ctrl-54809768	6318000.5	MER66B:ERV1:LTR	7	1	1.50	2	75.00
VC11-Ctrl-54809768	6318000.5	RLTR1E_MM:ERV1:LTR	86	1	1.50	2	75.00
VC11-Ctrl-54809768	6318000.5	RLTR46A:ERVK:LTR	71	0	1.50	2	75.00
VC11-Ctrl-54809768	6318000.5	X5A_LINE:CR1:LINE	69	1	1.50	2	75.00
VC11-Ctrl-54809768	6318000.5	tRNA-Thr-ACG_:tRNA:tRNA	20	0	1.19	2	59.64
VC11-Ctrl-54809768	6318000.5	Charlie11:hAT-Charlie:DNA	52	0	1.00	1	100.00
VC11-Ctrl-54809768	6318000.5	Charlie1b_Mars:hAT-Charlie:DNA	2	0	1.00	1	100.00
VC11-Ctrl-54809768	6318000.5	ERVB4_1-LTR_MM:ERVK:LTR	21	1	1.00	1	100.00
VC11-Ctrl-54809768	6318000.5	Eulor11:DNA:DNA	49	1	1.00	1	100.00
VC11-Ctrl-54809768	6318000.5	Eulor2C:DNA?:DNA?	24	1	1.00	1	100.00
VC11-Ctrl-54809768	6318000.5	Eulor3:DNA?:DNA?	28	0	1.00	1	100.00
VC11-Ctrl-54809768	6318000.5	Eulor5B:DNA?:DNA?	37	1	1.00	1	100.00
VC11-Ctrl-54809768	6318000.5	Eulor6D:DNA?:DNA?	47	1	1.00	1	100.00
VC11-Ctrl-54809768	6318000.5	Eulor8:TcMar?:DNA	110	0	1.00	1	100.00
VC11-Ctrl-54809768	6318000.5	HY4:scRNA:scRNA	3	1	1.00	1	100.00
VC11-Ctrl-54809768	6318000.5	L1M2a1:L1:LINE	11	1	1.00	1	100.00
VC11-Ctrl-54809768	6318000.5	L1M6B:L1:LINE	43	0	1.00	1	100.00
VC11-Ctrl-54809768	6318000.5	LTR103_Mam:ERV1?:LTR	58	1	1.00	1	100.00
VC11-Ctrl-54809768	6318000.5	LTR109A2:ERV1:LTR	37	1	1.00	1	100.00
VC11-Ctrl-54809768	6318000.5	LTR23-int:ERV1:LTR	11	1	1.00	1	100.00
VC11-Ctrl-54809768	6318000.5	LTR27C:ERV1:LTR	7	1	1.00	1	100.00
VC11-Ctrl-54809768	6318000.5	LTR40A1:ERVL:LTR	114	0	1.00	2	50.00
VC11-Ctrl-54809768	6318000.5	LTR58:ERV1:LTR	9	1	1.00	1	100.00
VC11-Ctrl-54809768	6318000.5	LTR77:ERV1:LTR	38	1	1.00	1	100.00
VC11-Ctrl-54809768	6318000.5	LTR80B:ERVL:LTR	116	1	1.00	1	100.00
VC11-Ctrl-54809768	6318000.5	LTR81:Gypsy:LTR	70	0	1.00	2	50.00
VC11-Ctrl-54809768	6318000.5	MER101B:ERV1:LTR	21	0	1.00	1	100.00
VC11-Ctrl-54809768	6318000.5	MER110-int:ERV1:LTR	38	0	1.00	1	100.00
VC11-Ctrl-54809768	6318000.5	MER45C:hAT-Tip100:DNA	290	1	1.00	1	100.00
VC11-Ctrl-54809768	6318000.5	MER50-int:ERV1:LTR	14	1	1.00	1	100.00
VC11-Ctrl-54809768	6318000.5	MER66C:ERV1:LTR	19	1	1.00	1	100.00
VC11-Ctrl-54809768	6318000.5	MER89-int:ERV1:LTR	98	0	1.00	1	100.00
VC11-Ctrl-54809768	6318000.5	MER92C:ERV1:LTR	72	1	1.00	1	100.00
VC11-Ctrl-54809768	6318000.5	MER94B:hAT-Blackjack:DNA	86	1	1.00	1	100.00
VC11-Ctrl-54809768	6318000.5	MER97a:hAT-Tip100:DNA	53	0	1.00	1	100.00
VC11-Ctrl-54809768	6318000.5	MER97c:hAT-Tip100:DNA	64	0	1.00	1	100.00
VC11-Ctrl-54809768	6318000.5	MLT1I-int:ERVL-MaLR:LTR	57	1	1.00	1	100.00
VC11-Ctrl-54809768	6318000.5	MLT2E:ERVL:LTR	126	0	1.00	1	100.00
VC11-Ctrl-54809768	6318000.5	Ricksha_a:MULE-MuDR:DNA	30	0	1.00	1	100.00
VC11-Ctrl-54809768	6318000.5	RLTR9A4:ERVK:LTR	35	1	1.00	1	100.00
VC11-Ctrl-54809768	6318000.5	tRNA-Arg-AGA:tRNA:tRNA	30	1	1.00	1	100.00
VC11-Ctrl-54809768	6318000.5	tRNA-Arg-CGG:tRNA:tRNA	3	1	1.00	1	100.00
VC11-Ctrl-54809768	6318000.5	tRNA-Leu-CTA_:tRNA:tRNA	4	1	1.00	1	100.00
VC11-Ctrl-54809768	6318000.5	tRNA-SeC(e)-TGA:tRNA:tRNA	3	0	1.00	1	100.00
VC11-Ctrl-54809768	6318000.5	tRNA-Thr-ACY_:tRNA:tRNA	15	1	1.00	1	100.00
VC11-Ctrl-54809768	6318000.5	UCON13:Penelope?:LINE?	42	1	1.00	1	100.00
VC11-Ctrl-54809768	6318000.5	RMER3D4:ERVK:LTR	2	0	0.67	2	33.33
VC11-Ctrl-54809768	6318000.5	LTR9A1:ERV1:LTR	11	0	0.50	1	50.00
VC11-Ctrl-54809768	6318000.5	MER136:DNA:DNA	23	0	0.50	1	50.00
VC11-Ctrl-54809768	6318000.5	MLT1H2-int:ERVL-MaLR:LTR	53	0	0.50	1	50.00
VC11-Ctrl-54809768	6318000.5	RLTR12F:ERVK:LTR	60	0	0.50	1	50.00
VC11-Ctrl-54809768	6318000.5	tRNA-Arg-AGG:tRNA:tRNA	18	0	0.50	1	50.00
VC11-Ctrl-54809768	6318000.5	Cheshire_Mars_:hAT-Charlie:DNA	6	0	0.00	0	NA
VC11-Ctrl-54809768	6318000.5	Eulor12:DNA?:DNA?	35	0	0.00	0	NA
VC11-Ctrl-54809768	6318000.5	Eulor6A:DNA?:DNA?	21	0	0.00	0	NA
VC11-Ctrl-54809768	6318000.5	Eulor6C:DNA?:DNA?	15	0	0.00	0	NA
VC11-Ctrl-54809768	6318000.5	Eulor7:DNA?:DNA?	4	0	0.00	0	NA
VC11-Ctrl-54809768	6318000.5	Eulor9B:DNA:DNA	14	0	0.00	0	NA
VC11-Ctrl-54809768	6318000.5	HERVL32-int:ERVL:LTR	1	0	0.00	0	NA
VC11-Ctrl-54809768	6318000.5	HUERS-P3b-int:ERV1:LTR	3	0	0.00	0	NA
VC11-Ctrl-54809768	6318000.5	HY5:scRNA:scRNA	1	0	0.00	0	NA
VC11-Ctrl-54809768	6318000.5	LTR28:ERV1:LTR	10	0	0.00	0	NA
VC11-Ctrl-54809768	6318000.5	LTR29:ERV1:LTR	34	0	0.00	0	NA
VC11-Ctrl-54809768	6318000.5	LTR32:ERVL:LTR	9	0	0.00	0	NA
VC11-Ctrl-54809768	6318000.5	LTR36:ERV1:LTR	5	0	0.00	0	NA
VC11-Ctrl-54809768	6318000.5	LTR44:ERV1:LTR	3	0	0.00	0	NA
VC11-Ctrl-54809768	6318000.5	LTR45C:ERV1:LTR	24	0	0.00	0	NA
VC11-Ctrl-54809768	6318000.5	LTR52-int:ERVL:LTR	50	0	0.00	0	NA
VC11-Ctrl-54809768	6318000.5	LTR59:ERV1:LTR	8	0	0.00	0	NA
VC11-Ctrl-54809768	6318000.5	LTR64:ERV1:LTR	8	0	0.00	0	NA
VC11-Ctrl-54809768	6318000.5	LTR75_1:ERV1:LTR	9	0	0.00	0	NA
VC11-Ctrl-54809768	6318000.5	LTR91:ERVL:LTR	57	0	0.00	0	NA
VC11-Ctrl-54809768	6318000.5	MamRep1161:TcMar:DNA	7	0	0.00	0	NA
VC11-Ctrl-54809768	6318000.5	MamRep137:TcMar?:DNA	4	0	0.00	0	NA
VC11-Ctrl-54809768	6318000.5	MamRep488:hAT-Tip100:DNA	29	0	0.00	0	NA
VC11-Ctrl-54809768	6318000.5	MARINER1_EC:TcMar-Tigger:DNA	2	0	0.00	0	NA
VC11-Ctrl-54809768	6318000.5	MER125:DNA:DNA	111	0	0.00	0	NA
VC11-Ctrl-54809768	6318000.5	MER132:TcMar-Pogo:DNA	21	0	0.00	0	NA
VC11-Ctrl-54809768	6318000.5	MER133A:DNA?:DNA?	35	0	0.00	0	NA
VC11-Ctrl-54809768	6318000.5	MER133B:DNA?:DNA?	22	0	0.00	0	NA
VC11-Ctrl-54809768	6318000.5	MER47C:TcMar-Tigger:DNA	14	0	0.00	0	NA
VC11-Ctrl-54809768	6318000.5	MER49:ERV1:LTR	7	0	0.00	0	NA
VC11-Ctrl-54809768	6318000.5	MER4CL34:ERV1:LTR	6	0	0.00	0	NA
VC11-Ctrl-54809768	6318000.5	MER57E3:ERV1:LTR	4	0	0.00	0	NA
VC11-Ctrl-54809768	6318000.5	MER66A:ERV1:LTR	5	0	0.00	0	NA
VC11-Ctrl-54809768	6318000.5	MER72:ERV1:LTR	9	0	0.00	0	NA
VC11-Ctrl-54809768	6318000.5	MER76-int:ERVL:LTR	16	0	0.00	0	NA
VC11-Ctrl-54809768	6318000.5	MER83A-int:ERV1:LTR	1	0	0.00	0	NA
VC11-Ctrl-54809768	6318000.5	MER83B-int:ERV1:LTR	9	0	0.00	0	NA
VC11-Ctrl-54809768	6318000.5	MER92A:ERV1:LTR	37	0	0.00	0	NA
VC11-Ctrl-54809768	6318000.5	MER95:ERV1:LTR	54	0	0.00	0	NA
VC11-Ctrl-54809768	6318000.5	MER96B:hAT:DNA	8	0	0.00	0	NA
VC11-Ctrl-54809768	6318000.5	MER97d:hAT-Tip100:DNA	28	0	0.00	0	NA
VC11-Ctrl-54809768	6318000.5	MLT1E1A-int:ERVL-MaLR:LTR	28	0	0.00	0	NA
VC11-Ctrl-54809768	6318000.5	MLT1E1-int:ERVL-MaLR:LTR	8	0	0.00	0	NA
VC11-Ctrl-54809768	6318000.5	MLT1E3-int:ERVL-MaLR:LTR	12	0	0.00	0	NA
VC11-Ctrl-54809768	6318000.5	MLT1E-int:ERVL-MaLR:LTR	9	0	0.00	0	NA
VC11-Ctrl-54809768	6318000.5	MLT1G-int:ERVL-MaLR:LTR	39	0	0.00	0	NA
VC11-Ctrl-54809768	6318000.5	MLT1J2-int:ERVL-MaLR:LTR	27	0	0.00	0	NA
VC11-Ctrl-54809768	6318000.5	MLT1K-int:ERVL-MaLR:LTR	8	0	0.00	0	NA
VC11-Ctrl-54809768	6318000.5	MLT1L-int:ERVL-MaLR:LTR	13	0	0.00	0	NA
VC11-Ctrl-54809768	6318000.5	MLT1N2-int:ERVL-MaLR:LTR	3	0	0.00	0	NA
VC11-Ctrl-54809768	6318000.5	MLT1O-int:ERVL-MaLR:LTR	2	0	0.00	0	NA
VC11-Ctrl-54809768	6318000.5	nhAT5a_ML:hAT-Charlie:DNA	4	0	0.00	0	NA
VC11-Ctrl-54809768	6318000.5	Ricksha_0:MuDR:DNA	29	0	0.00	0	NA
VC11-Ctrl-54809768	6318000.5	Ricksha_a:MuDR:DNA	11	0	0.00	0	NA
VC11-Ctrl-54809768	6318000.5	Ricksha_b:MuDR:DNA	2	0	0.00	0	NA
VC11-Ctrl-54809768	6318000.5	Ricksha_b:MULE-MuDR:DNA	6	0	0.00	0	NA
VC11-Ctrl-54809768	6318000.5	RLTR1:ERV1:LTR	62	0	0.00	0	NA
VC11-Ctrl-54809768	6318000.5	RLTR43A:ERVK:LTR	3	0	0.00	0	NA
VC11-Ctrl-54809768	6318000.5	RLTR43B:ERVK:LTR	1	0	0.00	0	NA
VC11-Ctrl-54809768	6318000.5	RLTR46:ERVK:LTR	46	0	0.00	0	NA
VC11-Ctrl-54809768	6318000.5	RLTR50A:ERVK:LTR	85	0	0.00	0	NA
VC11-Ctrl-54809768	6318000.5	RMER3D1:ERVK:LTR	1	0	0.00	0	NA
VC11-Ctrl-54809768	6318000.5	RMER3D2:ERVK:LTR	3	0	0.00	0	NA
VC11-Ctrl-54809768	6318000.5	RNLTR23:ERVK:LTR	5	0	0.00	0	NA
VC11-Ctrl-54809768	6318000.5	Tigger1a_Mars:TcMar-Tigger:DNA	2	0	0.00	0	NA
VC11-Ctrl-54809768	6318000.5	tRNA-Arg-CGA:tRNA:tRNA	3	0	0.00	0	NA
VC11-Ctrl-54809768	6318000.5	tRNA-Glu-GAG:tRNA:tRNA	6	0	0.00	0	NA
VC11-Ctrl-54809768	6318000.5	tRNA-His-CAY:tRNA:tRNA	1	0	0.00	0	NA
VC11-Ctrl-54809768	6318000.5	tRNA-Leu-CTA:tRNA:tRNA	3	0	0.00	0	NA
VC11-Ctrl-54809768	6318000.5	tRNA-Leu-TTA(m):tRNA:tRNA	1	0	0.00	0	NA
VC11-Ctrl-54809768	6318000.5	tRNA-Ser-TCA:tRNA:tRNA	1	0	0.00	0	NA
VC11-Ctrl-54809768	6318000.5	tRNA-Thr-ACG:tRNA:tRNA	3	0	0.00	0	NA
VC11-Ctrl-54809768	6318000.5	tRNA-Tyr-TAT:tRNA:tRNA	3	0	0.00	0	NA
VC11-Ctrl-54809768	6318000.5	UCON14:DNA?:DNA?	66	0	0.00	0	NA
VC11-Ctrl-54809768	6318000.5	UCON7:DNA?:DNA?	99	0	0.00	0	NA
VC11-Ctrl-54809768	6318000.5	X1_LINE:CR1:LINE	40	0	0.00	0	NA
VC11-Ctrl-54809768	6318000.5	X7D_LINE:CR1:LINE	10	0	0.00	0	NA
