Sample	aligned_libsize	Subfamily:Family:Class	copies	uniq_counts	tot_counts	tot_reads	avg_conf
VC11-VC-54807786	7234921.0	LSU-rRNA_Hsa:rRNA:rRNA	480	235753	1146416.37	1142989	100.30
VC11-VC-54807786	7234921.0	7SLRNA:srpRNA:srpRNA	437	1021	249198.06	248686	100.21
VC11-VC-54807786	7234921.0	FordPrefect:hAT-Tip100:DNA	291	53967	100283.50	100283	100.00
VC11-VC-54807786	7234921.0	7SK:RNA:RNA	691	722	52087.56	52056	100.06
VC11-VC-54807786	7234921.0	L1Md_T:L1:LINE	23688	2308	51507.60	55857	92.21
VC11-VC-54807786	7234921.0	B3:B2:SINE	148427	23668	48270.88	51988	92.85
VC11-VC-54807786	7234921.0	MMETn-int:ERVK:LTR	980	253	44708.33	51600	86.64
VC11-VC-54807786	7234921.0	ID_B1:B4:SINE	110827	20386	34762.66	37800	91.96
VC11-VC-54807786	7234921.0	L1Md_A:L1:LINE	16844	1422	32416.84	35024	92.56
VC11-VC-54807786	7234921.0	B2_Mm2:B2:SINE	90007	13970	32405.01	35332	91.72
VC11-VC-54807786	7234921.0	B1_Mus1:Alu:SINE	95081	17497	31857.27	34722	91.75
VC11-VC-54807786	7234921.0	U2:snRNA:snRNA	921	205	31518.56	22748	138.56
VC11-VC-54807786	7234921.0	U1:snRNA:snRNA	329	172	29912.88	24404	122.57
VC11-VC-54807786	7234921.0	RSINE1:B4:SINE	115806	16743	27960.09	30019	93.14
VC11-VC-54807786	7234921.0	B1_Mus2:Alu:SINE	70891	14322	25425.59	28373	89.61
VC11-VC-54807786	7234921.0	U3:snRNA:snRNA	97	146	25395.23	25396	100.00
VC11-VC-54807786	7234921.0	B2_Mm1a:B2:SINE	18346	4391	22733.48	22657	100.34
VC11-VC-54807786	7234921.0	B3A:B2:SINE	92925	11556	22520.85	24376	92.39
VC11-VC-54807786	7234921.0	B4A:B4:SINE	107073	9921	20604.37	22106	93.21
VC11-VC-54807786	7234921.0	PB1D10:Alu:SINE	65054	13666	19203.75	20905	91.86
VC11-VC-54807786	7234921.0	RLTR1B-int:ERV1:LTR	798	1053	18197.27	17898	101.67
VC11-VC-54807786	7234921.0	B2_Mm1t:B2:SINE	23218	4179	18003.70	19642	91.66
VC11-VC-54807786	7234921.0	L1Md_F2:L1:LINE	64898	2322	15830.95	21775	72.70
VC11-VC-54807786	7234921.0	SSU-rRNA_Hsa:rRNA:rRNA	45	727	14912.14	14892	100.14
VC11-VC-54807786	7234921.0	PB1D9:Alu:SINE	28939	9493	14433.66	15578	92.65
VC11-VC-54807786	7234921.0	B1_Mur4:Alu:SINE	41031	7712	13059.01	14427	90.52
VC11-VC-54807786	7234921.0	B1_Mur1:Alu:SINE	38058	8051	13007.14	14356	90.60
VC11-VC-54807786	7234921.0	B1F:Alu:SINE	45170	8528	12924.43	14046	92.02
VC11-VC-54807786	7234921.0	B1_Mm:Alu:SINE	42910	7140	12654.51	14117	89.64
VC11-VC-54807786	7234921.0	B1_Mur2:Alu:SINE	31869	7407	11932.29	12992	91.84
VC11-VC-54807786	7234921.0	MMVL30-int:ERV1:LTR	956	10620	11405.80	11384	100.19
VC11-VC-54807786	7234921.0	B4:B4:SINE	64020	5509	11156.19	12333	90.46
VC11-VC-54807786	7234921.0	L1_Mus1:L1:LINE	27252	2411	10451.47	11335	92.21
VC11-VC-54807786	7234921.0	ETnERV-int:ERVK:LTR	906	94	9894.47	25018	39.55
VC11-VC-54807786	7234921.0	B1_Mur3:Alu:SINE	24632	5996	9858.68	10691	92.21
VC11-VC-54807786	7234921.0	MTD:ERVL-MaLR:LTR	51544	3685	9672.05	10197	94.85
VC11-VC-54807786	7234921.0	U17:snRNA:snRNA	24	587	8873.00	8869	100.05
VC11-VC-54807786	7234921.0	PB1D7:Alu:SINE	24346	6089	8512.08	9287	91.66
VC11-VC-54807786	7234921.0	Lx8:L1:LINE	49141	2566	8325.71	8556	97.31
VC11-VC-54807786	7234921.0	L1_Mus3:L1:LINE	48489	1124	7951.02	9070	87.66
VC11-VC-54807786	7234921.0	MIRb:MIR:SINE	42160	5240	7731.40	8036	96.21
VC11-VC-54807786	7234921.0	B1F1:Alu:SINE	19678	4593	6725.63	7237	92.93
VC11-VC-54807786	7234921.0	IAPEz-int:ERVK:LTR	7319	284	6419.68	5340	120.22
VC11-VC-54807786	7234921.0	ID4:ID:SINE	23970	4923	6348.42	6824	93.03
VC11-VC-54807786	7234921.0	ID4_:ID:SINE	26384	4612	6332.00	6766	93.59
VC11-VC-54807786	7234921.0	MTC:ERVL-MaLR:LTR	27489	2325	5936.45	6352	93.46
VC11-VC-54807786	7234921.0	MIR:MIR:SINE	38978	3945	5787.22	6008	96.33
VC11-VC-54807786	7234921.0	Lx:L1:LINE	24834	835	5654.72	5382	105.07
VC11-VC-54807786	7234921.0	B1F2:Alu:SINE	16513	3563	5474.49	6041	90.62
VC11-VC-54807786	7234921.0	Lx7:L1:LINE	40190	1249	5239.70	5695	92.01
VC11-VC-54807786	7234921.0	MTA_Mm:ERVL-MaLR:LTR	15623	1034	5206.33	5639	92.33
VC11-VC-54807786	7234921.0	L2a:L2:LINE	24277	2979	5189.65	5213	99.55
VC11-VC-54807786	7234921.0	RMER16-int:ERVK:LTR	2599	258	5130.41	4781	107.31
VC11-VC-54807786	7234921.0	MTA_Mm-int:ERVL-MaLR:LTR	3027	128	5017.07	5002	100.30
VC11-VC-54807786	7234921.0	PB1D11:Alu:SINE	18484	3454	4834.51	5361	90.18
VC11-VC-54807786	7234921.0	Lx9:L1:LINE	49160	1260	4814.44	5025	95.81
VC11-VC-54807786	7234921.0	RMER15:ERVL:LTR	18077	1430	4659.18	4383	106.30
VC11-VC-54807786	7234921.0	MIRc:MIR:SINE	23213	3430	4531.70	4647	97.52
VC11-VC-54807786	7234921.0	MMERVK10C-int:ERVK:LTR	3230	2908	4408.23	4293	102.68
VC11-VC-54807786	7234921.0	L1_Mus2:L1:LINE	21079	603	4354.64	5399	80.66
VC11-VC-54807786	7234921.0	L1Md_F3:L1:LINE	16146	466	4134.57	6398	64.62
VC11-VC-54807786	7234921.0	ORR1D1:ERVL-MaLR:LTR	21507	1632	4059.88	4319	94.00
VC11-VC-54807786	7234921.0	LTRIS2:ERV1:LTR	1423	374	4008.46	4002	100.16
VC11-VC-54807786	7234921.0	L1M4:L1:LINE	13935	1568	3851.37	4243	90.77
VC11-VC-54807786	7234921.0	MMERVK9C_I-int:ERVK:LTR	1807	293	3835.40	4059	94.49
VC11-VC-54807786	7234921.0	URR1B:hAT-Charlie:DNA	16889	2088	3825.24	4059	94.24
VC11-VC-54807786	7234921.0	RLTR19-int:ERVK:LTR	2407	724	3810.30	3459	110.16
VC11-VC-54807786	7234921.0	Lx3B:L1:LINE	5993	236	3799.72	3907	97.25
VC11-VC-54807786	7234921.0	PB1:Alu:SINE	11784	2537	3789.92	4112	92.17
VC11-VC-54807786	7234921.0	ORR1E:ERVL-MaLR:LTR	22742	1498	3727.80	3893	95.76
VC11-VC-54807786	7234921.0	L2:L2:LINE	17614	2365	3670.20	3762	97.56
VC11-VC-54807786	7234921.0	ORR1A2:ERVL-MaLR:LTR	14843	1051	3668.14	4018	91.29
VC11-VC-54807786	7234921.0	L1_Mm:L1:LINE	5429	584	3562.43	6493	54.87
VC11-VC-54807786	7234921.0	L1_Mur3:L1:LINE	27399	632	3480.41	3691	94.29
VC11-VC-54807786	7234921.0	ORR1B1:ERVL-MaLR:LTR	17313	1018	3478.15	3703	93.93
VC11-VC-54807786	7234921.0	URR1A:hAT-Charlie:DNA	17621	1933	3421.81	3604	94.94
VC11-VC-54807786	7234921.0	MT2B:ERVL:LTR	13977	1940	3328.76	4322	77.02
VC11-VC-54807786	7234921.0	MIR3:MIR:SINE	16085	2445	3251.55	3341	97.32
VC11-VC-54807786	7234921.0	RLTR13G:ERVK:LTR	877	39	3190.15	3618	88.17
VC11-VC-54807786	7234921.0	MTEa:ERVL-MaLR:LTR	20061	1486	3171.17	3386	93.66
VC11-VC-54807786	7234921.0	L2c:L2:LINE	12298	2264	3160.13	3239	97.57
VC11-VC-54807786	7234921.0	RMER6A:ERVK:LTR	3983	606	3066.47	2942	104.23
VC11-VC-54807786	7234921.0	MERVL-int:ERVL:LTR	2600	540	3034.12	2755	110.13
VC11-VC-54807786	7234921.0	L3:CR1:LINE	9732	2351	2873.85	2906	98.89
VC11-VC-54807786	7234921.0	ORR1F:ERVL-MaLR:LTR	23086	1373	2842.01	2976	95.50
VC11-VC-54807786	7234921.0	Lx5:L1:LINE	16339	458	2817.59	2997	94.01
VC11-VC-54807786	7234921.0	MTE2a:ERVL-MaLR:LTR	15148	1036	2738.34	2854	95.95
VC11-VC-54807786	7234921.0	U4:snRNA:snRNA	108	47	2622.72	2628	99.80
VC11-VC-54807786	7234921.0	ERVB7_1-LTR_MM:ERVK:LTR	770	55	2581.61	3864	66.81
VC11-VC-54807786	7234921.0	Lx6:L1:LINE	18164	452	2554.46	2666	95.82
VC11-VC-54807786	7234921.0	Lx2:L1:LINE	18521	399	2446.10	2736	89.40
VC11-VC-54807786	7234921.0	ORR1D2:ERVL-MaLR:LTR	15061	936	2444.53	2588	94.46
VC11-VC-54807786	7234921.0	L1_Mur2:L1:LINE	20769	384	2387.51	2587	92.29
VC11-VC-54807786	7234921.0	Lx8b:L1:LINE	24166	625	2349.58	2470	95.12
VC11-VC-54807786	7234921.0	MTB:ERVL-MaLR:LTR	6419	500	2310.25	2665	86.69
VC11-VC-54807786	7234921.0	L2b:L2:LINE	13720	1541	2194.53	2267	96.80
VC11-VC-54807786	7234921.0	L1M2:L1:LINE	18488	679	2133.12	2334	91.39
VC11-VC-54807786	7234921.0	L1Md_Gf:L1:LINE	1080	95	2097.95	7403	28.34
VC11-VC-54807786	7234921.0	L1M5:L1:LINE	16596	1004	2094.93	2277	92.00
VC11-VC-54807786	7234921.0	Lx5c:L1:LINE	16422	459	2074.87	2242	92.55
VC11-VC-54807786	7234921.0	ORR1A0-int:ERVL-MaLR:LTR	456	28	2073.12	2171	95.49
VC11-VC-54807786	7234921.0	ORR1A2-int:ERVL-MaLR:LTR	2132	269	2066.84	2160	95.69
VC11-VC-54807786	7234921.0	ETnERV3-int:ERVK:LTR	560	48	2020.26	2025	99.77
VC11-VC-54807786	7234921.0	MERVL_2A-int:ERVL:LTR	3899	218	1983.65	2349	84.45
VC11-VC-54807786	7234921.0	ORR1C2:ERVL-MaLR:LTR	12473	718	1979.00	2121	93.31
VC11-VC-54807786	7234921.0	MTE2b:ERVL-MaLR:LTR	14367	755	1962.43	2107	93.14
VC11-VC-54807786	7234921.0	RMER19B:ERVK:LTR	5640	307	1938.20	2012	96.33
VC11-VC-54807786	7234921.0	L1MB7:L1:LINE	6956	769	1932.99	2052	94.20
VC11-VC-54807786	7234921.0	MT2A:ERVL:LTR	10140	608	1925.61	2036	94.58
VC11-VC-54807786	7234921.0	ORR1A4:ERVL-MaLR:LTR	7791	544	1916.95	2083	92.03
VC11-VC-54807786	7234921.0	RLTR9E:ERVK:LTR	1318	231	1824.98	1712	106.60
VC11-VC-54807786	7234921.0	MMERVK9E_I-int:ERVK:LTR	1568	66	1683.51	1788	94.16
VC11-VC-54807786	7234921.0	ORR1B2:ERVL-MaLR:LTR	8528	603	1602.41	1707	93.87
VC11-VC-54807786	7234921.0	L1VL2:L1:LINE	4697	251	1597.69	1663	96.07
VC11-VC-54807786	7234921.0	L1_Mus4:L1:LINE	11880	243	1592.70	1779	89.53
VC11-VC-54807786	7234921.0	MER2:TcMar-Tigger:DNA	10246	806	1591.04	1681	94.65
VC11-VC-54807786	7234921.0	Lx2B2:L1:LINE	11012	191	1582.20	1720	91.99
VC11-VC-54807786	7234921.0	RLTR17:ERVK:LTR	1758	323	1530.39	1588	96.37
VC11-VC-54807786	7234921.0	MTEb:ERVL-MaLR:LTR	10811	737	1523.72	1588	95.95
VC11-VC-54807786	7234921.0	RMER1B:Other:Other	7511	348	1519.93	1570	96.81
VC11-VC-54807786	7234921.0	MT2B1:ERVL:LTR	7248	455	1517.01	1581	95.95
VC11-VC-54807786	7234921.0	ID2:ID:SINE	5671	1181	1498.84	1603	93.50
VC11-VC-54807786	7234921.0	BC1_Mm:scRNA:scRNA	6758	989	1497.54	1638	91.42
VC11-VC-54807786	7234921.0	MER20:hAT-Charlie:DNA	5994	962	1478.26	1534	96.37
VC11-VC-54807786	7234921.0	MER5A:hAT-Charlie:DNA	8982	1088	1476.14	1539	95.92
VC11-VC-54807786	7234921.0	L1Md_F:L1:LINE	4016	114	1432.90	3095	46.30
VC11-VC-54807786	7234921.0	RLTR17B_Mm:ERVK:LTR	27369	907	1410.82	1555	90.73
VC11-VC-54807786	7234921.0	ORR1C1:ERVL-MaLR:LTR	7423	401	1369.47	1485	92.22
VC11-VC-54807786	7234921.0	ORR1A0:ERVL-MaLR:LTR	2133	228	1366.12	1568	87.13
VC11-VC-54807786	7234921.0	tRNA-Ser-TCA(m):tRNA:tRNA	4	877	1362.50	1362	100.04
VC11-VC-54807786	7234921.0	BGLII:ERVK:LTR	2269	442	1350.86	1394	96.91
VC11-VC-54807786	7234921.0	RMER4B:ERVK:LTR	5158	462	1345.80	1416	95.04
VC11-VC-54807786	7234921.0	MT2_Mm:ERVL:LTR	2667	446	1341.87	1289	104.10
VC11-VC-54807786	7234921.0	RMER10A:ERVL:LTR	4464	493	1316.71	1370	96.11
VC11-VC-54807786	7234921.0	RLTR10-int:ERVK:LTR	2617	77	1312.30	1196	109.72
VC11-VC-54807786	7234921.0	L1VL4:L1:LINE	6091	195	1310.27	1430	91.63
VC11-VC-54807786	7234921.0	MYSERV6-int:ERVK:LTR	3183	145	1305.71	1361	95.94
VC11-VC-54807786	7234921.0	RCHARR1:hAT-Charlie:DNA	6811	398	1305.29	1420	91.92
VC11-VC-54807786	7234921.0	MLT1B:ERVL-MaLR:LTR	9316	591	1295.00	1357	95.43
VC11-VC-54807786	7234921.0	Lx3_Mus:L1:LINE	12651	226	1263.02	1399	90.28
VC11-VC-54807786	7234921.0	RMER5:ERV1:LTR	7418	478	1256.55	1315	95.56
VC11-VC-54807786	7234921.0	MLTR14:ERV1:LTR	6798	524	1231.46	1290	95.46
VC11-VC-54807786	7234921.0	Lx4A:L1:LINE	10564	316	1230.23	1353	90.93
VC11-VC-54807786	7234921.0	MT2B2:ERVL:LTR	3655	596	1212.78	1377	88.07
VC11-VC-54807786	7234921.0	MER34B-int:ERV1:LTR	81	349	1212.00	1212	100.00
VC11-VC-54807786	7234921.0	Lx3A:L1:LINE	9223	320	1197.26	1266	94.57
VC11-VC-54807786	7234921.0	MLT1A1:ERVL-MaLR:LTR	9015	710	1192.63	1331	89.60
VC11-VC-54807786	7234921.0	RMER1A:Other:Other	3854	165	1190.91	1246	95.58
VC11-VC-54807786	7234921.0	ORR1A4-int:ERVL-MaLR:LTR	1326	45	1178.36	1261	93.45
VC11-VC-54807786	7234921.0	L1MC4:L1:LINE	5589	559	1167.54	1223	95.47
VC11-VC-54807786	7234921.0	L1_Rod:L1:LINE	11315	249	1166.91	1240	94.11
VC11-VC-54807786	7234921.0	MMERGLN-int:ERV1:LTR	856	46	1161.88	1192	97.47
VC11-VC-54807786	7234921.0	ID:ID:SINE	8022	836	1158.72	1350	85.83
VC11-VC-54807786	7234921.0	L1MB8:L1:LINE	6000	421	1146.42	1241	92.38
VC11-VC-54807786	7234921.0	ORR1B1-int:ERVL-MaLR:LTR	2965	176	1130.73	1279	88.41
VC11-VC-54807786	7234921.0	MLT1A0:ERVL-MaLR:LTR	10413	500	1118.04	1177	94.99
VC11-VC-54807786	7234921.0	MLT1D:ERVL-MaLR:LTR	8368	522	1103.45	1192	92.57
VC11-VC-54807786	7234921.0	MTB_Mm:ERVL-MaLR:LTR	4963	344	1101.97	1186	92.92
VC11-VC-54807786	7234921.0	RLTRETN_Mm:ERVK:LTR	1355	88	1100.17	2044	53.82
VC11-VC-54807786	7234921.0	ERVB4_1C-LTR_Mm:ERVK:LTR	961	9	1094.22	2258	48.46
VC11-VC-54807786	7234921.0	L1MEg:L1:LINE	3797	803	1078.14	1106	97.48
VC11-VC-54807786	7234921.0	L1MB3:L1:LINE	5343	438	1068.70	1138	93.91
VC11-VC-54807786	7234921.0	Lx5b:L1:LINE	7975	251	1055.93	1115	94.70
VC11-VC-54807786	7234921.0	ETnERV2-int:ERVK:LTR	1805	50	1043.06	1132	92.14
VC11-VC-54807786	7234921.0	L1MA4:L1:LINE	7467	348	1040.81	1117	93.18
VC11-VC-54807786	7234921.0	L1ME1:L1:LINE	5261	380	1028.20	1087	94.59
VC11-VC-54807786	7234921.0	RMER4A:ERVK:LTR	3287	392	1015.82	1076	94.41
VC11-VC-54807786	7234921.0	MTE-int:ERVL-MaLR:LTR	4958	344	1005.38	1063	94.58
VC11-VC-54807786	7234921.0	Lx4B:L1:LINE	5680	130	990.29	1053	94.04
VC11-VC-54807786	7234921.0	RLTR25B:ERVK:LTR	3674	452	976.54	1217	80.24
VC11-VC-54807786	7234921.0	MLT1C:ERVL-MaLR:LTR	7791	458	947.62	984	96.30
VC11-VC-54807786	7234921.0	ORR1A1-int:ERVL-MaLR:LTR	859	70	942.26	1046	90.08
VC11-VC-54807786	7234921.0	Tigger7:TcMar-Tigger:DNA	5206	397	925.74	973	95.14
VC11-VC-54807786	7234921.0	ORR1A3:ERVL-MaLR:LTR	4381	288	901.75	1028	87.72
VC11-VC-54807786	7234921.0	RLTR6-int:ERV1:LTR	1220	90	899.93	865	104.04
VC11-VC-54807786	7234921.0	L1MA5:L1:LINE	4952	235	897.19	631	142.19
VC11-VC-54807786	7234921.0	L1M3:L1:LINE	7043	348	893.14	988	90.40
VC11-VC-54807786	7234921.0	L1MC1:L1:LINE	5571	306	876.59	943	92.96
VC11-VC-54807786	7234921.0	ORR1A1:ERVL-MaLR:LTR	4414	264	875.66	1019	85.93
VC11-VC-54807786	7234921.0	RLTR45-int:ERVK:LTR	1317	69	872.37	837	104.23
VC11-VC-54807786	7234921.0	MER5B:hAT-Charlie:DNA	5140	572	870.97	861	101.16
VC11-VC-54807786	7234921.0	MER58A:hAT-Charlie:DNA	3714	531	870.63	898	96.95
VC11-VC-54807786	7234921.0	L1MB5:L1:LINE	3766	349	854.69	907	94.23
VC11-VC-54807786	7234921.0	MTC-int:ERVL-MaLR:LTR	3520	109	852.86	936	91.12
VC11-VC-54807786	7234921.0	L1MA6:L1:LINE	6985	323	838.51	875	95.83
VC11-VC-54807786	7234921.0	MTD-int:ERVL-MaLR:LTR	2521	110	831.11	914	90.93
VC11-VC-54807786	7234921.0	RLTR11A:ERVK:LTR	2655	283	821.86	839	97.96
VC11-VC-54807786	7234921.0	RMER6C:ERVK:LTR	4887	201	818.13	885	92.44
VC11-VC-54807786	7234921.0	RLTR4_MM-int:ERV1:LTR	432	98	815.62	760	107.32
VC11-VC-54807786	7234921.0	L1MC5:L1:LINE	3476	362	805.20	852	94.51
VC11-VC-54807786	7234921.0	L1MB2:L1:LINE	2927	273	796.67	846	94.17
VC11-VC-54807786	7234921.0	MurERV4-int:ERVK:LTR	1525	71	792.23	816	97.09
VC11-VC-54807786	7234921.0	MER3:hAT-Charlie:DNA	2967	563	789.45	810	97.46
VC11-VC-54807786	7234921.0	MLTR25A:ERVK:LTR	2168	177	782.17	868	90.11
VC11-VC-54807786	7234921.0	MRLTR33:ERVK:LTR	624	149	773.79	387	199.95
VC11-VC-54807786	7234921.0	L1MD:L1:LINE	6361	376	752.55	809	93.02
VC11-VC-54807786	7234921.0	RMER17C:ERVK:LTR	6479	329	746.85	819	91.19
VC11-VC-54807786	7234921.0	MusHAL1:L1:LINE	3890	171	745.51	797	93.54
VC11-VC-54807786	7234921.0	RLTR11A2:ERVK:LTR	2676	219	733.10	767	95.58
VC11-VC-54807786	7234921.0	L1MC:L1:LINE	5426	342	729.56	789	92.47
VC11-VC-54807786	7234921.0	Lx2B:L1:LINE	6191	147	726.17	770	94.31
VC11-VC-54807786	7234921.0	RLTR13B2:ERVK:LTR	314	76	719.28	725	99.21
VC11-VC-54807786	7234921.0	MER21B:ERVL:LTR	1618	271	717.85	748	95.97
VC11-VC-54807786	7234921.0	L1_Mur1:L1:LINE	7793	82	714.70	897	79.68
VC11-VC-54807786	7234921.0	Charlie1a:hAT-Charlie:DNA	2660	247	706.46	771	91.63
VC11-VC-54807786	7234921.0	RLTR42-int:ERVK:LTR	2473	274	704.61	723	97.46
VC11-VC-54807786	7234921.0	IAPLTR1_Mm:ERVK:LTR	1492	23	703.66	762	92.34
VC11-VC-54807786	7234921.0	L1MEd:L1:LINE	3245	472	689.54	724	95.24
VC11-VC-54807786	7234921.0	L1MC3:L1:LINE	5288	262	685.51	717	95.61
VC11-VC-54807786	7234921.0	L1MEi:L1:LINE	478	171	675.77	720	93.86
VC11-VC-54807786	7234921.0	RMER10B:ERVL:LTR	3002	242	671.81	726	92.54
VC11-VC-54807786	7234921.0	ORR1G:ERVL-MaLR:LTR	4680	342	671.64	698	96.22
VC11-VC-54807786	7234921.0	Lx10:L1:LINE	10010	192	653.18	684	95.49
VC11-VC-54807786	7234921.0	MYSERV16_I-int:ERVK:LTR	2516	68	651.05	692	94.08
VC11-VC-54807786	7234921.0	Lx3C:L1:LINE	6475	119	633.97	687	92.28
VC11-VC-54807786	7234921.0	RMER15-int:ERVL:LTR	3100	168	633.42	655	96.70
VC11-VC-54807786	7234921.0	RLTR31D_MM:ERVK:LTR	8270	302	631.88	850	74.34
VC11-VC-54807786	7234921.0	LTRIS_Mus:ERV1:LTR	919	145	622.34	636	97.85
VC11-VC-54807786	7234921.0	MLT1K:ERVL-MaLR:LTR	2759	288	619.28	623	99.40
VC11-VC-54807786	7234921.0	RLTR13B1:ERVK:LTR	1029	103	616.85	652	94.61
VC11-VC-54807786	7234921.0	L1MC4a:L1:LINE	3077	265	616.74	641	96.22
VC11-VC-54807786	7234921.0	RLTR28:ERVL:LTR	1949	264	616.48	634	97.24
VC11-VC-54807786	7234921.0	RLTR40:ERVK:LTR	2651	159	608.85	634	96.03
VC11-VC-54807786	7234921.0	RMER30:hAT-Charlie:DNA	3588	414	607.82	646	94.09
VC11-VC-54807786	7234921.0	MER58B:hAT-Charlie:DNA	2843	334	600.51	626	95.93
VC11-VC-54807786	7234921.0	HAL1:L1:LINE	3550	301	597.11	622	96.00
VC11-VC-54807786	7234921.0	ORR1D1-int:ERVL-MaLR:LTR	1715	91	594.18	668	88.95
VC11-VC-54807786	7234921.0	RLTR20A4:ERVK:LTR	11527	430	593.85	653	90.94
VC11-VC-54807786	7234921.0	MER21C:ERVL:LTR	2261	220	592.89	612	96.88
VC11-VC-54807786	7234921.0	RMER17B:ERVK:LTR	2898	124	589.37	611	96.46
VC11-VC-54807786	7234921.0	L1MA8:L1:LINE	3882	284	583.84	604	96.66
VC11-VC-54807786	7234921.0	RLTR11B:ERVK:LTR	1049	304	574.91	598	96.14
VC11-VC-54807786	7234921.0	RMER1C:Other:Other	6347	222	562.32	600	93.72
VC11-VC-54807786	7234921.0	4.5SRNA:scRNA:scRNA	1517	212	560.36	615	91.11
VC11-VC-54807786	7234921.0	tRNA-Ala-GCY_:tRNA:tRNA	2580	466	559.88	611	91.63
VC11-VC-54807786	7234921.0	L1MEc:L1:LINE	5378	257	554.64	604	91.83
VC11-VC-54807786	7234921.0	MuRRS4-int:ERV1:LTR	2735	90	551.64	990	55.72
VC11-VC-54807786	7234921.0	MMERVK10D3_I-int:ERVK:LTR	458	40	548.23	563	97.38
VC11-VC-54807786	7234921.0	L1MD2:L1:LINE	3227	217	546.51	580	94.23
VC11-VC-54807786	7234921.0	LTR50:ERVL:LTR	549	123	541.61	387	139.95
VC11-VC-54807786	7234921.0	U5:snRNA:snRNA	85	177	536.18	506	105.96
VC11-VC-54807786	7234921.0	L1MB4:L1:LINE	2690	259	534.39	570	93.75
VC11-VC-54807786	7234921.0	L1VL1:L1:LINE	1797	70	530.58	662	80.15
VC11-VC-54807786	7234921.0	MLT1E2:ERVL-MaLR:LTR	1821	205	528.26	493	107.15
VC11-VC-54807786	7234921.0	RLTR25A:ERVK:LTR	1781	191	525.62	602	87.31
VC11-VC-54807786	7234921.0	RMER19A:ERVK:LTR	2095	145	517.72	525	98.61
VC11-VC-54807786	7234921.0	ORR1A3-int:ERVL-MaLR:LTR	2435	53	517.45	582	88.91
VC11-VC-54807786	7234921.0	L1MCa:L1:LINE	3565	227	516.94	540	95.73
VC11-VC-54807786	7234921.0	RMER12:ERVK:LTR	3319	144	516.10	543	95.05
VC11-VC-54807786	7234921.0	RMER3D-int:ERVK:LTR	2711	84	512.79	532	96.39
VC11-VC-54807786	7234921.0	MER33:hAT-Charlie:DNA	2719	266	510.07	545	93.59
VC11-VC-54807786	7234921.0	RLTR1B:ERV1:LTR	893	73	508.42	558	91.12
VC11-VC-54807786	7234921.0	MTB-int:ERVL-MaLR:LTR	592	17	505.79	605	83.60
VC11-VC-54807786	7234921.0	RMER13B:ERVK:LTR	2134	106	504.32	521	96.80
VC11-VC-54807786	7234921.0	IAP-d-int:ERVK:LTR	1323	19	503.69	526	95.76
VC11-VC-54807786	7234921.0	MER5A1:hAT-Charlie:DNA	3905	327	503.57	490	102.77
VC11-VC-54807786	7234921.0	RLTR15:ERVK:LTR	2437	173	499.81	539	92.73
VC11-VC-54807786	7234921.0	RLTR22_Mur:ERVK:LTR	2503	120	499.59	510	97.96
VC11-VC-54807786	7234921.0	L3b:CR1:LINE	2304	366	492.28	495	99.45
VC11-VC-54807786	7234921.0	MT2C_Mm:ERVL:LTR	1982	111	479.97	519	92.48
VC11-VC-54807786	7234921.0	RLTR13E:ERVK:LTR	603	47	476.18	592	80.44
VC11-VC-54807786	7234921.0	RLTR16B_MM:ERVK:LTR	635	118	472.22	494	95.59
VC11-VC-54807786	7234921.0	RLTR21:ERVK:LTR	3816	102	465.14	495	93.97
VC11-VC-54807786	7234921.0	Charlie5:hAT-Charlie:DNA	1547	366	464.67	481	96.60
VC11-VC-54807786	7234921.0	MLTR11B:ERVK:LTR	2985	172	463.19	485	95.50
VC11-VC-54807786	7234921.0	RLTR9D:ERVK:LTR	803	103	452.29	551	82.09
VC11-VC-54807786	7234921.0	MLTR11A:ERVK:LTR	2124	154	449.12	486	92.41
VC11-VC-54807786	7234921.0	RLTR14-int:ERV1:LTR	1816	152	449.04	457	98.26
VC11-VC-54807786	7234921.0	Tigger1:TcMar-Tigger:DNA	1025	147	448.79	476	94.28
VC11-VC-54807786	7234921.0	MLTR18B_MM:ERVK:LTR	468	78	443.06	451	98.24
VC11-VC-54807786	7234921.0	RMER19B2:ERVK:LTR	2296	84	442.97	471	94.05
VC11-VC-54807786	7234921.0	MLT1A:ERVL-MaLR:LTR	4950	230	438.10	460	95.24
VC11-VC-54807786	7234921.0	MLT1J:ERVL-MaLR:LTR	2943	259	436.61	454	96.17
VC11-VC-54807786	7234921.0	RLTR23:ERV1:LTR	1524	132	435.56	457	95.31
VC11-VC-54807786	7234921.0	RLTR41:ERV1:LTR	1121	151	426.83	478	89.29
VC11-VC-54807786	7234921.0	L1M4b:L1:LINE	2190	174	426.08	440	96.84
VC11-VC-54807786	7234921.0	RLTR20C1_MM:ERVK:LTR	5561	317	423.62	447	94.77
VC11-VC-54807786	7234921.0	RLTR10C:ERVK:LTR	1779	81	422.67	428	98.75
VC11-VC-54807786	7234921.0	LFSINE_Vert:tRNA:SINE	1208	365	422.50	424	99.65
VC11-VC-54807786	7234921.0	IAP1-MM_I-int:ERVK:LTR	479	120	421.13	422	99.79
VC11-VC-54807786	7234921.0	RLTR10:ERVK:LTR	2930	47	418.95	443	94.57
VC11-VC-54807786	7234921.0	RMER6D:ERVK:LTR	2411	102	417.10	438	95.23
VC11-VC-54807786	7234921.0	RMER6B:ERVK:LTR	1360	126	413.92	448	92.39
VC11-VC-54807786	7234921.0	MER58C:hAT-Charlie:DNA	436	329	412.96	416	99.27
VC11-VC-54807786	7234921.0	U6:snRNA:snRNA	1353	176	412.31	403	102.31
VC11-VC-54807786	7234921.0	MLT1G1:ERVL-MaLR:LTR	1080	60	411.47	356	115.58
VC11-VC-54807786	7234921.0	RLTR12C:ERVK:LTR	319	228	410.11	417	98.35
VC11-VC-54807786	7234921.0	L1ME4a:L1:LINE	1560	248	402.62	441	91.30
VC11-VC-54807786	7234921.0	MER44B:TcMar-Tigger:DNA	1493	212	398.59	418	95.36
VC11-VC-54807786	7234921.0	L1MA7:L1:LINE	3250	152	398.17	441	90.29
VC11-VC-54807786	7234921.0	L1MA9:L1:LINE	4587	143	396.69	426	93.12
VC11-VC-54807786	7234921.0	AmnSINE1:Deu:SINE	1311	350	395.73	402	98.44
VC11-VC-54807786	7234921.0	MER68:ERVL:LTR	637	193	391.07	407	96.09
VC11-VC-54807786	7234921.0	RMER17D:ERVK:LTR	1166	103	390.98	386	101.29
VC11-VC-54807786	7234921.0	MERV1_I-int:ERV1:LTR	1365	85	389.97	404	96.53
VC11-VC-54807786	7234921.0	Charlie1:hAT-Charlie:DNA	977	159	385.29	414	93.06
VC11-VC-54807786	7234921.0	RMER19C:ERVK:LTR	2729	59	373.56	388	96.28
VC11-VC-54807786	7234921.0	L1MC2:L1:LINE	2252	153	370.85	401	92.48
VC11-VC-54807786	7234921.0	RLTR49:ERVK:LTR	933	187	367.83	385	95.54
VC11-VC-54807786	7234921.0	RLTR33:ERVK:LTR	1336	76	367.39	387	94.93
VC11-VC-54807786	7234921.0	ORR1E-int:ERVL-MaLR:LTR	1446	53	367.38	391	93.96
VC11-VC-54807786	7234921.0	L1MC5a:L1:LINE	2588	170	365.39	389	93.93
VC11-VC-54807786	7234921.0	MURVY-int:ERV1:LTR	544	6	362.43	359	100.96
VC11-VC-54807786	7234921.0	L1MD3:L1:LINE	2480	174	361.15	382	94.54
VC11-VC-54807786	7234921.0	RLTR14:ERV1:LTR	2341	121	360.80	382	94.45
VC11-VC-54807786	7234921.0	MamSINE1:tRNA:SINE	410	282	360.50	361	99.86
VC11-VC-54807786	7234921.0	L1MEf:L1:LINE	3127	149	359.50	403	89.21
VC11-VC-54807786	7234921.0	RMER12C:ERVK:LTR	4954	155	357.92	388	92.25
VC11-VC-54807786	7234921.0	RMER13A1:ERVK:LTR	1082	65	357.69	375	95.38
VC11-VC-54807786	7234921.0	RMER20B:ERVK:LTR	1949	112	355.38	366	97.10
VC11-VC-54807786	7234921.0	MurERV4_19-int:ERVK:LTR	969	42	354.92	401	88.51
VC11-VC-54807786	7234921.0	L1MD1:L1:LINE	2268	120	353.33	387	91.30
VC11-VC-54807786	7234921.0	MLT1F:ERVL-MaLR:LTR	1561	201	351.79	368	95.59
VC11-VC-54807786	7234921.0	RMER17A2:ERVK:LTR	2598	53	350.67	348	100.77
VC11-VC-54807786	7234921.0	IAPEy-int:ERVK:LTR	755	3	349.54	318	109.92
VC11-VC-54807786	7234921.0	IAPLTR2_Mm:ERVK:LTR	1388	51	347.28	392	88.59
VC11-VC-54807786	7234921.0	RMER21A:ERV1:LTR	622	170	336.04	345	97.40
VC11-VC-54807786	7234921.0	L1MDa:L1:LINE	3451	152	335.55	374	89.72
VC11-VC-54807786	7234921.0	L1ME2:L1:LINE	2633	140	332.47	346	96.09
VC11-VC-54807786	7234921.0	RMER13A2:ERVK:LTR	1473	97	331.42	345	96.07
VC11-VC-54807786	7234921.0	RLTR20B1:ERVK:LTR	668	52	329.05	349	94.28
VC11-VC-54807786	7234921.0	MLT1F2:ERVL-MaLR:LTR	2297	138	325.70	330	98.70
VC11-VC-54807786	7234921.0	MURVY-LTR:ERV1:LTR	1910	100	325.04	329	98.80
VC11-VC-54807786	7234921.0	IAPEY3-int:ERVK:LTR	2345	9	324.59	334	97.18
VC11-VC-54807786	7234921.0	ORR1C2-int:ERVL-MaLR:LTR	914	37	324.57	349	93.00
VC11-VC-54807786	7234921.0	RMER20A:ERVK:LTR	1559	59	323.30	362	89.31
VC11-VC-54807786	7234921.0	RodERV21-int:ERV1:LTR	1856	61	321.03	331	96.99
VC11-VC-54807786	7234921.0	RLTR44-int:ERVK:LTR	653	29	320.75	284	112.94
VC11-VC-54807786	7234921.0	L1ME4b:L1:LINE	1818	150	319.83	342	93.52
VC11-VC-54807786	7234921.0	IAPEY4_I-int:ERVK:LTR	521	5	319.67	320	99.90
VC11-VC-54807786	7234921.0	Tigger10:TcMar-Tigger:DNA	242	99	318.07	331	96.09
VC11-VC-54807786	7234921.0	L1ME3A:L1:LINE	2086	131	312.46	330	94.68
VC11-VC-54807786	7234921.0	RLTR13D6:ERVK:LTR	805	45	305.40	316	96.64
VC11-VC-54807786	7234921.0	MYSERV-int:ERVK:LTR	1435	30	304.27	322	94.50
VC11-VC-54807786	7234921.0	RLTR18:ERVK:LTR	610	46	304.15	340	89.46
VC11-VC-54807786	7234921.0	L1MA4A:L1:LINE	2709	80	303.75	339	89.60
VC11-VC-54807786	7234921.0	RMER17C-int:ERVK:LTR	1940	78	301.16	310	97.15
VC11-VC-54807786	7234921.0	ORR1D-int:ERVL-MaLR:LTR	878	57	300.14	313	95.89
VC11-VC-54807786	7234921.0	RLTR14_RN:ERV1:LTR	1148	91	297.36	313	95.00
VC11-VC-54807786	7234921.0	ORR1D2-int:ERVL-MaLR:LTR	1361	43	296.80	330	89.94
VC11-VC-54807786	7234921.0	RLTR12B:ERVK:LTR	909	119	296.56	312	95.05
VC11-VC-54807786	7234921.0	RLTR13C2:ERVK:LTR	844	55	296.14	329	90.01
VC11-VC-54807786	7234921.0	MamGyp-int:Gypsy:LTR	28	50	296.10	296	100.03
VC11-VC-54807786	7234921.0	RLTR18B:ERVK:LTR	989	69	292.80	316	92.66
VC11-VC-54807786	7234921.0	RLTR12BD_Mm:ERVK:LTR	883	90	291.44	306	95.24
VC11-VC-54807786	7234921.0	Charlie8:hAT-Charlie:DNA	728	136	286.59	294	97.48
VC11-VC-54807786	7234921.0	RLTR12E:ERVK:LTR	615	101	286.41	305	93.91
VC11-VC-54807786	7234921.0	RLTR13A2:ERVK:LTR	151	10	284.76	278	102.43
VC11-VC-54807786	7234921.0	L1M4c:L1:LINE	2049	73	282.31	318	88.78
VC11-VC-54807786	7234921.0	Tigger5:TcMar-Tigger:DNA	1975	141	281.82	317	88.90
VC11-VC-54807786	7234921.0	Tigger5b:TcMar-Tigger:DNA	2473	146	281.33	321	87.64
VC11-VC-54807786	7234921.0	Tigger19a:TcMar-Tigger:DNA	771	235	280.44	283	99.09
VC11-VC-54807786	7234921.0	RLTR31B2:ERVK:LTR	1192	85	279.30	304	91.88
VC11-VC-54807786	7234921.0	RLTR13C3:ERVK:LTR	538	118	277.91	294	94.53
VC11-VC-54807786	7234921.0	RLTR13D3A1:ERVK:LTR	613	72	277.67	290	95.75
VC11-VC-54807786	7234921.0	L1MB1:L1:LINE	2524	95	276.51	304	90.96
VC11-VC-54807786	7234921.0	RMER17A:ERVK:LTR	1819	67	276.51	275	100.55
VC11-VC-54807786	7234921.0	RLTR22_Mus:ERVK:LTR	1191	45	274.19	298	92.01
VC11-VC-54807786	7234921.0	MLT1H:ERVL-MaLR:LTR	2322	123	273.98	292	93.83
VC11-VC-54807786	7234921.0	RLTR10A:ERVK:LTR	800	113	268.55	315	85.25
VC11-VC-54807786	7234921.0	HAL1ME:L1:LINE	900	134	266.60	290	91.93
VC11-VC-54807786	7234921.0	ERVB2_1A-I_MM-int:ERVK:LTR	289	28	260.46	289	90.13
VC11-VC-54807786	7234921.0	MERVK26-int:ERVK:LTR	1001	40	257.21	266	96.70
VC11-VC-54807786	7234921.0	MTEa-int:ERVL-MaLR:LTR	1368	40	251.14	281	89.37
VC11-VC-54807786	7234921.0	RMER2:ERV1:LTR	2358	87	250.09	267	93.67
VC11-VC-54807786	7234921.0	MLT1F1:ERVL-MaLR:LTR	1608	105	244.98	255	96.07
VC11-VC-54807786	7234921.0	MLT1L:ERVL-MaLR:LTR	1535	174	244.75	247	99.09
VC11-VC-54807786	7234921.0	L1ME3:L1:LINE	1527	97	244.23	266	91.82
VC11-VC-54807786	7234921.0	RLTR20C2_MM:ERVK:LTR	3620	114	242.06	263	92.04
VC11-VC-54807786	7234921.0	RLTR16:ERVK:LTR	1350	54	239.58	253	94.69
VC11-VC-54807786	7234921.0	RLTR24:ERV1:LTR	1240	70	239.14	250	95.66
VC11-VC-54807786	7234921.0	RLTR26_Mus:ERVK:LTR	1091	53	237.97	243	97.93
VC11-VC-54807786	7234921.0	RLTR45:ERVK:LTR	1557	34	237.25	289	82.09
VC11-VC-54807786	7234921.0	RMER17B2:ERVK:LTR	898	32	237.20	251	94.50
VC11-VC-54807786	7234921.0	L1MA5A:L1:LINE	1231	59	232.93	246	94.69
VC11-VC-54807786	7234921.0	Charlie2b:hAT-Charlie:DNA	884	110	224.00	230	97.39
VC11-VC-54807786	7234921.0	Charlie6:hAT-Charlie:DNA	148	82	222.25	224	99.22
VC11-VC-54807786	7234921.0	L1ME3Cz:L1:LINE	1051	106	219.61	232	94.66
VC11-VC-54807786	7234921.0	Cheshire:hAT-Charlie:DNA	1091	94	216.39	222	97.47
VC11-VC-54807786	7234921.0	MMERGLN_LTR:ERV1:LTR	435	38	213.02	215	99.08
VC11-VC-54807786	7234921.0	RLTR12D:ERVK:LTR	647	77	212.83	225	94.59
VC11-VC-54807786	7234921.0	RLTR51A_Mm:ERVK?:LTR	3523	130	212.70	231	92.08
VC11-VC-54807786	7234921.0	RLTR20D:ERVK:LTR	777	50	211.14	230	91.80
VC11-VC-54807786	7234921.0	MER20B:hAT-Charlie:DNA	831	121	208.30	215	96.89
VC11-VC-54807786	7234921.0	RLTR17D_Mm:ERVK:LTR	1225	30	207.06	214	96.76
VC11-VC-54807786	7234921.0	AmnSINE2:Deu:SINE	391	182	206.83	209	98.96
VC11-VC-54807786	7234921.0	L1ME2z:L1:LINE	1533	98	204.74	215	95.23
VC11-VC-54807786	7234921.0	Charlie1b:hAT-Charlie:DNA	952	103	203.23	220	92.38
VC11-VC-54807786	7234921.0	MER89:ERV1:LTR	614	21	202.09	153	132.09
VC11-VC-54807786	7234921.0	RMER17C2:ERVK:LTR	3413	101	201.35	224	89.89
VC11-VC-54807786	7234921.0	RMER6BA:ERVK:LTR	957	75	201.00	230	87.39
VC11-VC-54807786	7234921.0	Tigger15a:TcMar-Tigger:DNA	704	133	199.82	204	97.95
VC11-VC-54807786	7234921.0	RLTR30D2_MM:ERV1:LTR	741	46	199.05	189	105.32
VC11-VC-54807786	7234921.0	Tigger17a:TcMar-Tigger:DNA	908	68	197.24	214	92.17
VC11-VC-54807786	7234921.0	RLTR10F:ERVK:LTR	482	29	196.22	179	109.62
VC11-VC-54807786	7234921.0	LTR72_RN:ERV1:LTR	1000	93	194.43	213	91.28
VC11-VC-54807786	7234921.0	MER2B:TcMar-Tigger:DNA	1093	114	193.40	207	93.43
VC11-VC-54807786	7234921.0	MARNA:TcMar-Mariner:DNA	562	126	192.50	195	98.72
VC11-VC-54807786	7234921.0	MERV1_LTR:ERV1:LTR	615	103	192.35	202	95.22
VC11-VC-54807786	7234921.0	IAPLTR2a2_Mm:ERVK:LTR	1541	31	192.25	216	89.01
VC11-VC-54807786	7234921.0	MLT1J2:ERVL-MaLR:LTR	1110	143	192.00	196	97.96
VC11-VC-54807786	7234921.0	MER46C:TcMar-Tigger:DNA	788	111	191.77	202	94.93
VC11-VC-54807786	7234921.0	ERVB4_1B-I_MM-int:ERVK:LTR	1368	19	190.82	236	80.86
VC11-VC-54807786	7234921.0	RLTR9A:ERVK:LTR	648	50	190.45	214	89.00
VC11-VC-54807786	7234921.0	RLTR11C_MM:ERVK:LTR	858	57	189.78	211	89.94
VC11-VC-54807786	7234921.0	MER53:hAT:DNA	1693	133	189.21	187	101.18
VC11-VC-54807786	7234921.0	RLTR13D5:ERVK:LTR	745	44	185.27	199	93.10
VC11-VC-54807786	7234921.0	HY3:scRNA:scRNA	15	116	183.00	183	100.00
VC11-VC-54807786	7234921.0	BGLII_B:ERVK:LTR	960	58	182.15	196	92.93
VC11-VC-54807786	7234921.0	RLTR48A:ERV1:LTR	635	19	181.91	190	95.74
VC11-VC-54807786	7234921.0	MMAR1:TcMar-Mariner:DNA	309	55	181.84	187	97.24
VC11-VC-54807786	7234921.0	ORR1B2-int:ERVL-MaLR:LTR	857	16	179.95	196	91.81
VC11-VC-54807786	7234921.0	RMER17D2:ERVK:LTR	1783	41	177.97	182	97.79
VC11-VC-54807786	7234921.0	RLTR12A:ERVK:LTR	829	47	177.67	187	95.01
VC11-VC-54807786	7234921.0	MTE2b-int:ERVL-MaLR:LTR	729	15	175.92	180	97.73
VC11-VC-54807786	7234921.0	Charlie4a:hAT-Charlie:DNA	1121	90	175.87	189	93.05
VC11-VC-54807786	7234921.0	LTR10_RN:ERVK:LTR	546	63	174.23	179	97.34
VC11-VC-54807786	7234921.0	RLTR1A2_MM:ERV1:LTR	406	32	173.57	176	98.62
VC11-VC-54807786	7234921.0	MLT1M:ERVL-MaLR:LTR	212	140	173.19	174	99.53
VC11-VC-54807786	7234921.0	RLTR19:ERVK:LTR	944	32	172.23	179	96.22
VC11-VC-54807786	7234921.0	RMER13A:ERVK:LTR	1010	39	171.92	183	93.95
VC11-VC-54807786	7234921.0	IAPLTR2b:ERVK:LTR	1017	40	171.06	228	75.03
VC11-VC-54807786	7234921.0	IAPLTR1a_Mm:ERVK:LTR	1786	9	170.52	265	64.35
VC11-VC-54807786	7234921.0	RMER20C_Mm:ERVK:LTR	1595	46	169.96	183	92.88
VC11-VC-54807786	7234921.0	MLTR73:ERV1:LTR	956	104	169.51	175	96.86
VC11-VC-54807786	7234921.0	RMER12B:ERVK:LTR	1011	30	169.13	174	97.20
VC11-VC-54807786	7234921.0	L1ME3G:L1:LINE	1161	80	167.21	171	97.79
VC11-VC-54807786	7234921.0	MLT2D:ERVL:LTR	1567	84	166.68	173	96.34
VC11-VC-54807786	7234921.0	RLTR4_Mm:ERV1:LTR	239	14	166.32	135	123.20
VC11-VC-54807786	7234921.0	LTR78B:ERV1:LTR	405	147	165.00	165	100.00
VC11-VC-54807786	7234921.0	IAPEY_LTR:ERVK:LTR	1410	72	164.44	189	87.01
VC11-VC-54807786	7234921.0	ORR1C1-int:ERVL-MaLR:LTR	783	20	163.57	172	95.10
VC11-VC-54807786	7234921.0	tRNA-Ala-GCA:tRNA:tRNA	749	136	162.15	177	91.61
VC11-VC-54807786	7234921.0	RLTR16C_MM:ERVK:LTR	360	21	161.44	172	93.86
VC11-VC-54807786	7234921.0	RLTR31C_MM:ERVK:LTR	726	41	160.25	171	93.71
VC11-VC-54807786	7234921.0	MER34A1:ERV1:LTR	541	44	160.00	161	99.38
VC11-VC-54807786	7234921.0	RLTR13C1:ERVK:LTR	309	18	158.85	167	95.12
VC11-VC-54807786	7234921.0	MLTR18A_MM:ERVK:LTR	299	38	157.56	159	99.09
VC11-VC-54807786	7234921.0	RLTR41C:ERV1:LTR	157	83	157.44	164	96.00
VC11-VC-54807786	7234921.0	RMER21B:ERV1:LTR	1252	69	156.21	162	96.42
VC11-VC-54807786	7234921.0	MT-int:ERVL-MaLR:LTR	438	26	154.20	405	38.07
VC11-VC-54807786	7234921.0	RLTR6B_Mm:ERV1:LTR	646	17	153.80	153	100.52
VC11-VC-54807786	7234921.0	MER31B:ERV1:LTR	558	66	153.47	160	95.92
VC11-VC-54807786	7234921.0	RLTR13A3:ERVK:LTR	243	16	153.36	152	100.90
VC11-VC-54807786	7234921.0	Lx2A1:L1:LINE	2739	49	151.46	182	83.22
VC11-VC-54807786	7234921.0	L1M3e:L1:LINE	652	72	151.27	156	96.97
VC11-VC-54807786	7234921.0	U8:snRNA:snRNA	5	39	150.30	152	98.88
VC11-VC-54807786	7234921.0	MLT-int:ERVL-MaLR:LTR	846	63	148.87	156	95.43
VC11-VC-54807786	7234921.0	MLT1E1A:ERVL-MaLR:LTR	1154	50	147.84	144	102.67
VC11-VC-54807786	7234921.0	RLTR34B_MM:ERVK:LTR	527	37	147.24	157	93.78
VC11-VC-54807786	7234921.0	RLTR20B3A_MM:ERVK:LTR	843	62	146.90	156	94.17
VC11-VC-54807786	7234921.0	Charlie24:hAT-Charlie:DNA	374	65	146.32	153	95.63
VC11-VC-54807786	7234921.0	ERVB4_1B-LTR_MM:ERVK:LTR	648	94	144.58	148	97.69
VC11-VC-54807786	7234921.0	U14:snRNA:snRNA	4	100	144.00	144	100.00
VC11-VC-54807786	7234921.0	MLTR31F_MM:ERVK:LTR	403	62	142.78	152	93.94
VC11-VC-54807786	7234921.0	MTE2a-int:ERVL-MaLR:LTR	795	22	142.19	173	82.19
VC11-VC-54807786	7234921.0	Tigger6a:TcMar-Tigger:DNA	369	65	141.52	143	98.96
VC11-VC-54807786	7234921.0	MLTR13:ERVK:LTR	205	12	141.38	144	98.18
VC11-VC-54807786	7234921.0	IAPLTR3-int:ERVK:LTR	1773	6	141.29	147	96.12
VC11-VC-54807786	7234921.0	ERVL-B4-int:ERVL:LTR	1384	55	141.01	170	82.95
VC11-VC-54807786	7234921.0	MTB_Mm-int:ERVL-MaLR:LTR	379	8	140.97	152	92.74
VC11-VC-54807786	7234921.0	IAPLTR2a:ERVK:LTR	627	28	140.72	172	81.81
VC11-VC-54807786	7234921.0	Tigger17c:TcMar-Tigger:DNA	649	65	140.25	148	94.76
VC11-VC-54807786	7234921.0	L4_A_Mam:RTE-X:LINE	630	102	139.97	140	99.98
VC11-VC-54807786	7234921.0	RLTR13D2:ERVK:LTR	270	23	138.66	142	97.65
VC11-VC-54807786	7234921.0	ERVB3_1-I_MM-int:ERVK:LTR	134	20	138.03	143	96.53
VC11-VC-54807786	7234921.0	MLT2B4:ERVL:LTR	1871	69	137.50	141	97.52
VC11-VC-54807786	7234921.0	MER74A:ERVL:LTR	731	77	137.48	141	97.50
VC11-VC-54807786	7234921.0	RLTR18-int:ERVK:LTR	506	42	137.13	149	92.04
VC11-VC-54807786	7234921.0	RLTR26C_MM:ERVK:LTR	454	67	134.66	138	97.58
VC11-VC-54807786	7234921.0	MER117:hAT-Charlie:DNA	745	112	134.05	136	98.57
VC11-VC-54807786	7234921.0	MLT1G3:ERVL-MaLR:LTR	1075	66	133.93	138	97.05
VC11-VC-54807786	7234921.0	RLTR30E_MM:ERV1:LTR	320	52	133.88	142	94.28
VC11-VC-54807786	7234921.0	LTR82A:ERVL:LTR	341	52	133.80	138	96.95
VC11-VC-54807786	7234921.0	RLTR13D3:ERVK:LTR	339	19	132.05	131	100.80
VC11-VC-54807786	7234921.0	MamTip2:hAT-Tip100:DNA	892	116	131.60	134	98.21
VC11-VC-54807786	7234921.0	L1ME3B:L1:LINE	735	69	131.48	138	95.28
VC11-VC-54807786	7234921.0	RLTR20A3_MM:ERVK:LTR	880	34	131.29	137	95.83
VC11-VC-54807786	7234921.0	RLTR10E:ERVK:LTR	227	38	130.63	133	98.22
VC11-VC-54807786	7234921.0	RLTR44C:ERVK:LTR	198	24	129.53	137	94.55
VC11-VC-54807786	7234921.0	MLT2B2:ERVL:LTR	1351	51	126.80	135	93.92
VC11-VC-54807786	7234921.0	RLTR10D:ERVK:LTR	491	22	126.50	145	87.24
VC11-VC-54807786	7234921.0	BGLII_Mur:ERVK:LTR	611	34	126.35	133	95.00
VC11-VC-54807786	7234921.0	RLTR53_Mm:ERVK:LTR	481	69	126.11	129	97.76
VC11-VC-54807786	7234921.0	ERVL-E-int:ERVL:LTR	1044	65	126.03	131	96.21
VC11-VC-54807786	7234921.0	MLTR18_MM:ERVK:LTR	427	28	125.84	130	96.80
VC11-VC-54807786	7234921.0	HAL1M8:L1:LINE	710	53	124.85	130	96.04
VC11-VC-54807786	7234921.0	MLTR18D_MM:ERVK:LTR	620	26	124.85	134	93.17
VC11-VC-54807786	7234921.0	X7B_LINE:CR1:LINE	162	29	124.53	127	98.05
VC11-VC-54807786	7234921.0	Charlie15a:hAT-Charlie:DNA	217	65	122.00	123	99.19
VC11-VC-54807786	7234921.0	MLT2B5:ERVL:LTR	442	86	120.87	133	90.88
VC11-VC-54807786	7234921.0	MLT2B1:ERVL:LTR	1637	43	120.78	128	94.36
VC11-VC-54807786	7234921.0	Lx2A:L1:LINE	1364	23	120.42	269	44.77
VC11-VC-54807786	7234921.0	L1ME4c:L1:LINE	968	87	120.06	122	98.41
VC11-VC-54807786	7234921.0	RLTR6_Mm:ERV1:LTR	237	3	119.69	122	98.10
VC11-VC-54807786	7234921.0	MER31A:ERV1:LTR	707	52	119.58	128	93.42
VC11-VC-54807786	7234921.0	RLTR19C:ERVK:LTR	248	23	119.50	125	95.60
VC11-VC-54807786	7234921.0	RLTR27:ERVK:LTR	1621	47	119.33	158	75.52
VC11-VC-54807786	7234921.0	RMER16:ERVK:LTR	471	22	118.97	126	94.42
VC11-VC-54807786	7234921.0	MLT2F:ERVL:LTR	574	34	118.41	121	97.86
VC11-VC-54807786	7234921.0	IAPEY2_LTR:ERVK:LTR	1062	35	118.23	138	85.67
VC11-VC-54807786	7234921.0	L1M2b:L1:LINE	16	93	118.00	118	100.00
VC11-VC-54807786	7234921.0	Charlie18a:hAT-Charlie:DNA	242	68	117.50	119	98.74
VC11-VC-54807786	7234921.0	RLTR13A:ERVK:LTR	211	51	117.15	132	88.75
VC11-VC-54807786	7234921.0	MER92B:ERV1:LTR	238	80	116.70	120	97.25
VC11-VC-54807786	7234921.0	ERVB7_2-LTR_MM:ERVK:LTR	425	55	116.46	128	90.98
VC11-VC-54807786	7234921.0	MLT1G:ERVL-MaLR:LTR	896	62	116.24	121	96.07
VC11-VC-54807786	7234921.0	MLTR31FA_MM:ERVK:LTR	525	23	116.17	124	93.69
VC11-VC-54807786	7234921.0	MLTR18C_MM:ERVK:LTR	468	26	115.97	122	95.06
VC11-VC-54807786	7234921.0	Charlie4z:hAT-Charlie:DNA	431	86	115.95	120	96.63
VC11-VC-54807786	7234921.0	MER103C:hAT-Charlie:DNA	1072	82	115.70	123	94.06
VC11-VC-54807786	7234921.0	MLT1E3:ERVL-MaLR:LTR	1020	46	115.28	125	92.23
VC11-VC-54807786	7234921.0	RLTR9A3:ERVK:LTR	774	33	114.92	131	87.72
VC11-VC-54807786	7234921.0	Charlie12:hAT-Charlie:DNA	902	53	113.35	128	88.56
VC11-VC-54807786	7234921.0	RLTR13B3:ERVK:LTR	265	19	112.26	118	95.13
VC11-VC-54807786	7234921.0	LTR16A:ERVL:LTR	1472	67	112.17	117	95.87
VC11-VC-54807786	7234921.0	RLTR20B3:ERVK:LTR	974	30	111.90	115	97.31
VC11-VC-54807786	7234921.0	BGLII_Mus:ERVK:LTR	615	32	111.31	118	94.33
VC11-VC-54807786	7234921.0	MTEb-int:ERVL-MaLR:LTR	635	11	110.86	118	93.95
VC11-VC-54807786	7234921.0	RLTR20B2:ERVK:LTR	880	31	110.70	115	96.26
VC11-VC-54807786	7234921.0	ERVB7_3-LTR_MM:ERVK:LTR	319	24	108.81	137	79.42
VC11-VC-54807786	7234921.0	MER112:hAT-Charlie:DNA	358	68	108.23	114	94.94
VC11-VC-54807786	7234921.0	tRNA-Glu-GAA:tRNA:tRNA	9	1	108.00	108	100.00
VC11-VC-54807786	7234921.0	RMER16C:ERVK:LTR	190	37	106.98	111	96.37
VC11-VC-54807786	7234921.0	MuRRS-int:ERV1:LTR	996	5	106.57	111	96.01
VC11-VC-54807786	7234921.0	MLT1I:ERVL-MaLR:LTR	1777	73	106.54	109	97.75
VC11-VC-54807786	7234921.0	MLT2B3:ERVL:LTR	1483	46	105.69	112	94.37
VC11-VC-54807786	7234921.0	5S:rRNA:rRNA	1038	86	105.68	114	92.71
VC11-VC-54807786	7234921.0	RLTR1C:ERV1:LTR	697	23	104.43	111	94.08
VC11-VC-54807786	7234921.0	RLTR1D2_MM:ERV1:LTR	192	16	104.43	107	97.60
VC11-VC-54807786	7234921.0	RLTR24B_MM:ERV1:LTR	1018	48	103.85	114	91.09
VC11-VC-54807786	7234921.0	BGLII_B2:ERVK:LTR	359	40	103.84	108	96.15
VC11-VC-54807786	7234921.0	LTRIS3:ERV1:LTR	165	25	102.89	155	66.38
VC11-VC-54807786	7234921.0	MamRep605:LTR?:LTR?	629	61	101.96	104	98.04
VC11-VC-54807786	7234921.0	MER113:hAT-Charlie:DNA	643	62	101.55	104	97.65
VC11-VC-54807786	7234921.0	MER77:ERVL:LTR	570	39	101.28	105	96.46
VC11-VC-54807786	7234921.0	MER102b:hAT-Charlie:DNA	507	65	100.68	113	89.10
VC11-VC-54807786	7234921.0	RLTR10D2:ERVK:LTR	225	21	100.59	125	80.47
VC11-VC-54807786	7234921.0	MLT1H2:ERVL-MaLR:LTR	1034	55	98.58	103	95.71
VC11-VC-54807786	7234921.0	LTR40b:ERVL:LTR	577	34	98.53	98	100.54
VC11-VC-54807786	7234921.0	RLTR20B5_MM:ERVK:LTR	868	26	97.57	107	91.19
VC11-VC-54807786	7234921.0	MLTR12:ERV1:LTR	477	28	97.49	108	90.27
VC11-VC-54807786	7234921.0	Tigger9b:TcMar-Tigger:DNA	360	38	96.62	107	90.30
VC11-VC-54807786	7234921.0	ERVB4_2-I_MM-int:ERVK:LTR	313	8	96.33	275	35.03
VC11-VC-54807786	7234921.0	MER77B:ERVL:LTR	505	36	95.29	102	93.42
VC11-VC-54807786	7234921.0	CR1_Mam:CR1:LINE	257	60	94.42	100	94.42
VC11-VC-54807786	7234921.0	L1ME3D:L1:LINE	323	50	94.33	96	98.26
VC11-VC-54807786	7234921.0	ERVB7_2B-LTR_MM:ERVK:LTR	710	20	94.27	110	85.70
VC11-VC-54807786	7234921.0	RMER16B2:ERVK:LTR	329	17	94.12	107	87.96
VC11-VC-54807786	7234921.0	RLTR5_Mm:ERV1:LTR	601	12	93.43	85	109.92
VC11-VC-54807786	7234921.0	MuLV-int:ERV1:LTR	392	47	93.42	130	71.86
VC11-VC-54807786	7234921.0	MamRep137:TcMar-Tigger:DNA	339	58	92.01	94	97.88
VC11-VC-54807786	7234921.0	RLTR11D:ERVK:LTR	529	34	90.89	93	97.73
VC11-VC-54807786	7234921.0	L1MEb:L1:LINE	352	28	88.38	107	82.60
VC11-VC-54807786	7234921.0	LTR101_Mam:ERVL:LTR	157	61	87.14	92	94.72
VC11-VC-54807786	7234921.0	RMER16_Mm:ERVK:LTR	435	20	87.02	95	91.60
VC11-VC-54807786	7234921.0	RLTR19B:ERVK:LTR	224	16	86.81	91	95.40
VC11-VC-54807786	7234921.0	MLT1H1:ERVL-MaLR:LTR	1001	54	86.09	93	92.57
VC11-VC-54807786	7234921.0	LTR48:ERV1:LTR	651	55	85.50	88	97.16
VC11-VC-54807786	7234921.0	MER119:hAT-Charlie:DNA	404	46	85.35	89	95.90
VC11-VC-54807786	7234921.0	RLTR13D4:ERVK:LTR	205	15	85.04	94	90.47
VC11-VC-54807786	7234921.0	RLTR30D_RN:ERV1:LTR	64	15	84.39	90	93.77
VC11-VC-54807786	7234921.0	RLTR1D:ERV1:LTR	305	23	83.81	88	95.24
VC11-VC-54807786	7234921.0	Tigger12:TcMar-Tigger:DNA	155	64	83.02	85	97.67
VC11-VC-54807786	7234921.0	RLTR34C_MM:ERVK:LTR	402	18	82.98	86	96.49
VC11-VC-54807786	7234921.0	Tigger17:TcMar-Tigger:DNA	315	39	82.78	90	91.98
VC11-VC-54807786	7234921.0	MER47B:TcMar-Tigger:DNA	509	45	82.21	86	95.59
VC11-VC-54807786	7234921.0	LTRIS4A:ERV1:LTR	228	12	82.17	75	109.56
VC11-VC-54807786	7234921.0	RMER6-int:ERVK:LTR	607	12	81.43	90	90.47
VC11-VC-54807786	7234921.0	MLT1J1:ERVL-MaLR:LTR	1135	36	81.17	86	94.39
VC11-VC-54807786	7234921.0	LTR40a:ERVL:LTR	709	33	81.00	84	96.43
VC11-VC-54807786	7234921.0	MLT2C1:ERVL:LTR	872	34	80.89	88	91.92
VC11-VC-54807786	7234921.0	Charlie7:hAT-Charlie:DNA	844	44	80.02	85	94.15
VC11-VC-54807786	7234921.0	HY1:scRNA:scRNA	38	30	80.00	82	97.56
VC11-VC-54807786	7234921.0	RMER16A3:ERVK:LTR	699	19	79.82	99	80.62
VC11-VC-54807786	7234921.0	MER44C:TcMar-Tigger:DNA	185	18	79.44	86	92.37
VC11-VC-54807786	7234921.0	Tigger13a:TcMar-Tigger:DNA	645	36	79.25	85	93.23
VC11-VC-54807786	7234921.0	RLTR51B_Mm:ERVK?:LTR	662	23	79.03	85	92.98
VC11-VC-54807786	7234921.0	LTR33:ERVL:LTR	1466	49	78.71	83	94.83
VC11-VC-54807786	7234921.0	RLTR10B2:ERVK:LTR	854	15	77.66	92	84.41
VC11-VC-54807786	7234921.0	LTRIS_Mm:ERV1:LTR	555	8	77.50	78	99.36
VC11-VC-54807786	7234921.0	MER44A:TcMar-Tigger:DNA	661	44	77.06	84	91.74
VC11-VC-54807786	7234921.0	LTR41:ERVL:LTR	506	40	76.88	78	98.57
VC11-VC-54807786	7234921.0	MER68B:ERVL:LTR	237	40	76.17	79	96.41
VC11-VC-54807786	7234921.0	MLT1H-int:ERVL-MaLR:LTR	379	59	75.00	75	100.00
VC11-VC-54807786	7234921.0	Arthur1:hAT-Tip100:DNA	920	29	74.92	78	96.06
VC11-VC-54807786	7234921.0	RLTR9C:ERVK:LTR	477	8	74.53	90	82.81
VC11-VC-54807786	7234921.0	LTR40c:ERVL:LTR	248	43	74.42	74	100.57
VC11-VC-54807786	7234921.0	MLTR25C:ERVK:LTR	504	26	74.33	76	97.80
VC11-VC-54807786	7234921.0	MER44D:TcMar-Tigger:DNA	940	33	74.27	84	88.41
VC11-VC-54807786	7234921.0	RLTR20A:ERVK:LTR	361	24	74.22	75	98.97
VC11-VC-54807786	7234921.0	RLTR13D3A:ERVK:LTR	162	23	73.57	76	96.80
VC11-VC-54807786	7234921.0	RLTR41A2:ERV1:LTR	440	20	73.21	86	85.13
VC11-VC-54807786	7234921.0	RLTR12G:ERVK:LTR	238	15	73.00	79	92.40
VC11-VC-54807786	7234921.0	RLTR26D_MM:ERVK:LTR	247	13	73.00	74	98.65
VC11-VC-54807786	7234921.0	Plat_L3:CR1:LINE	579	50	72.61	77	94.30
VC11-VC-54807786	7234921.0	ERVB4_1-I_MM-int:ERVK:LTR	296	3	72.33	74	97.75
VC11-VC-54807786	7234921.0	MER34:ERV1:LTR	737	40	72.19	79	91.38
VC11-VC-54807786	7234921.0	RNERVK23-int:ERVK:LTR	45	20	72.17	73	98.87
VC11-VC-54807786	7234921.0	RLTR34D_MM:ERVK:LTR	410	17	71.78	81	88.61
VC11-VC-54807786	7234921.0	LTR33A:ERVL:LTR	504	34	71.50	73	97.95
VC11-VC-54807786	7234921.0	RLTR12H:ERVK:LTR	188	22	71.50	74	96.62
VC11-VC-54807786	7234921.0	Kanga2_a:TcMar-Tc2:DNA	356	23	71.31	76	93.83
VC11-VC-54807786	7234921.0	MER63D:hAT-Blackjack:DNA	1034	39	71.09	75	94.78
VC11-VC-54807786	7234921.0	L1M7:L1:LINE	207	43	71.07	75	94.76
VC11-VC-54807786	7234921.0	LTR67B:ERVL:LTR	632	30	70.96	72	98.55
VC11-VC-54807786	7234921.0	RLTR30:ERV1:LTR	390	27	70.84	78	90.82
VC11-VC-54807786	7234921.0	HAL1b:L1:LINE	763	37	70.71	74	95.55
VC11-VC-54807786	7234921.0	MER81:hAT-Blackjack:DNA	512	59	70.31	73	96.31
VC11-VC-54807786	7234921.0	RLTR31_Mur:ERVK:LTR	354	12	70.31	73	96.31
VC11-VC-54807786	7234921.0	IAPLTR4:ERVK:LTR	663	6	70.24	78	90.05
VC11-VC-54807786	7234921.0	MLT1E:ERVL-MaLR:LTR	534	31	69.22	77	89.90
VC11-VC-54807786	7234921.0	MLT1D-int:ERVL-MaLR:LTR	176	8	68.92	69	99.88
VC11-VC-54807786	7234921.0	RLTR13B4:ERVK:LTR	412	24	68.05	75	90.73
VC11-VC-54807786	7234921.0	L1M1:L1:LINE	881	25	67.42	78	86.43
VC11-VC-54807786	7234921.0	RLTR20A2:ERVK:LTR	368	17	67.00	70	95.71
VC11-VC-54807786	7234921.0	L1MCc:L1:LINE	529	31	66.29	69	96.07
VC11-VC-54807786	7234921.0	ORR1F-int:ERVL-MaLR:LTR	395	10	66.00	78	84.61
VC11-VC-54807786	7234921.0	X9_LINE:L1?:LINE	52	57	66.00	66	100.00
VC11-VC-54807786	7234921.0	RLTR44E:ERVK:LTR	122	14	65.48	65	100.74
VC11-VC-54807786	7234921.0	MLT1N2:ERVL-MaLR:LTR	692	34	65.29	71	91.96
VC11-VC-54807786	7234921.0	RLTR26B_MM:ERVK:LTR	507	19	65.17	69	94.45
VC11-VC-54807786	7234921.0	LTR16C:ERVL:LTR	1352	37	65.03	68	95.63
VC11-VC-54807786	7234921.0	RLTR28B:ERVL:LTR	428	22	64.67	68	95.10
VC11-VC-54807786	7234921.0	RMER16A2:ERVK:LTR	273	11	64.18	202	31.77
VC11-VC-54807786	7234921.0	RLTR30B_MM:ERV1:LTR	283	20	63.92	65	98.34
VC11-VC-54807786	7234921.0	MER57D:ERV1:LTR	300	36	63.50	64	99.22
VC11-VC-54807786	7234921.0	BGLII_A:ERVK:LTR	292	17	63.33	75	84.44
VC11-VC-54807786	7234921.0	IAPEY3_LTR:ERVK:LTR	553	26	63.01	68	92.66
VC11-VC-54807786	7234921.0	Kanga1:TcMar-Tc2:DNA	321	26	62.93	69	91.21
VC11-VC-54807786	7234921.0	L1M4a2:L1:LINE	736	28	62.63	71	88.21
VC11-VC-54807786	7234921.0	RLTR13F:ERVK:LTR	98	14	62.25	62	100.40
VC11-VC-54807786	7234921.0	Charlie16a:hAT-Charlie:DNA	197	39	62.00	63	98.41
VC11-VC-54807786	7234921.0	U13:snRNA:snRNA	13	30	61.99	62	99.98
VC11-VC-54807786	7234921.0	MLTR31D_MM:ERVK:LTR	318	13	61.66	68	90.68
VC11-VC-54807786	7234921.0	IAPEY4_LTR:ERVK:LTR	95	4	61.53	63	97.67
VC11-VC-54807786	7234921.0	MER45B:hAT-Tip100:DNA	688	26	61.35	64	95.87
VC11-VC-54807786	7234921.0	MER102c:hAT-Charlie:DNA	363	32	61.19	64	95.62
VC11-VC-54807786	7234921.0	MLTR31A_MM:ERVK:LTR	352	10	60.90	65	93.69
VC11-VC-54807786	7234921.0	MER34A:ERV1:LTR	694	40	60.62	63	96.22
VC11-VC-54807786	7234921.0	MER102a:hAT-Charlie:DNA	386	27	60.44	62	97.48
VC11-VC-54807786	7234921.0	ERVB7_4-LTR_MM:ERVK:LTR	166	10	60.07	64	93.85
VC11-VC-54807786	7234921.0	Tigger16a:TcMar-Tigger:DNA	290	40	60.00	60	100.00
VC11-VC-54807786	7234921.0	L1M4a1:L1:LINE	607	30	59.57	63	94.56
VC11-VC-54807786	7234921.0	MLT2C2:ERVL:LTR	651	25	59.50	60	99.17
VC11-VC-54807786	7234921.0	MLTR31C_MM:ERVK:LTR	227	17	59.31	61	97.23
VC11-VC-54807786	7234921.0	RLTR30D_MM:ERV1:LTR	268	11	59.14	62	95.39
VC11-VC-54807786	7234921.0	BLACKJACK:hAT-Blackjack:DNA	716	24	58.83	60	98.06
VC11-VC-54807786	7234921.0	LTR41B:ERVL:LTR	290	40	58.50	59	99.15
VC11-VC-54807786	7234921.0	MER91B:hAT-Tip100:DNA	229	42	58.50	59	99.15
VC11-VC-54807786	7234921.0	Zaphod2:hAT-Tip100:DNA	169	15	58.00	58	100.00
VC11-VC-54807786	7234921.0	RLTR9D2:ERVK:LTR	194	14	57.81	66	87.59
VC11-VC-54807786	7234921.0	RLTR9F:ERVK:LTR	411	12	57.74	67	86.18
VC11-VC-54807786	7234921.0	Charlie2a:hAT-Charlie:DNA	505	27	57.47	63	91.23
VC11-VC-54807786	7234921.0	RLTR13A1:ERVK:LTR	205	8	57.35	57	100.61
VC11-VC-54807786	7234921.0	HERVL40-int:ERVL:LTR	204	32	57.15	62	92.17
VC11-VC-54807786	7234921.0	LTR87:ERVL?:LTR	214	36	57.00	58	98.28
VC11-VC-54807786	7234921.0	Looper:PiggyBac:DNA	209	28	56.42	64	88.16
VC11-VC-54807786	7234921.0	RLTR19A:ERVK:LTR	153	19	55.83	57	97.95
VC11-VC-54807786	7234921.0	L1MDb:L1:LINE	583	19	55.70	60	92.84
VC11-VC-54807786	7234921.0	MER58D:hAT-Charlie:DNA	292	47	55.68	57	97.68
VC11-VC-54807786	7234921.0	Arthur1B:hAT-Tip100:DNA	597	37	55.50	57	97.37
VC11-VC-54807786	7234921.0	MLT1E1:ERVL-MaLR:LTR	576	21	55.50	57	97.37
VC11-VC-54807786	7234921.0	RMER17A-int:ERVK:LTR	409	9	55.46	57	97.30
VC11-VC-54807786	7234921.0	Charlie10:hAT-Charlie:DNA	371	21	55.33	57	97.08
VC11-VC-54807786	7234921.0	LTR37-int:ERV1:LTR	239	23	54.50	55	99.09
VC11-VC-54807786	7234921.0	SRV_MM-int:ERVK:LTR	129	28	54.47	53	102.77
VC11-VC-54807786	7234921.0	MMTV-int:ERVK:LTR	35	1	54.07	55	98.32
VC11-VC-54807786	7234921.0	RLTR17C_Mm:ERVK:LTR	218	10	53.80	59	91.19
VC11-VC-54807786	7234921.0	L1ME3E:L1:LINE	327	34	52.88	55	96.14
VC11-VC-54807786	7234921.0	MER104:TcMar-Tc2:DNA	295	30	52.81	54	97.80
VC11-VC-54807786	7234921.0	MER106A:hAT-Charlie:DNA	115	38	52.50	55	95.46
VC11-VC-54807786	7234921.0	RLTR31_Mm:ERVK:LTR	145	26	52.34	55	95.17
VC11-VC-54807786	7234921.0	RLTR20B4_MM:ERVK:LTR	416	14	51.67	55	93.94
VC11-VC-54807786	7234921.0	Tigger18a:TcMar-Tigger:DNA	240	24	51.21	53	96.62
VC11-VC-54807786	7234921.0	MER131:SINE?:SINE?	274	43	51.03	50	102.06
VC11-VC-54807786	7234921.0	RLTR35B_MM:ERVL:LTR	492	22	50.50	55	91.82
VC11-VC-54807786	7234921.0	MLT1-int:ERVL-MaLR:LTR	285	22	49.70	53	93.77
VC11-VC-54807786	7234921.0	LTR33C:ERVL:LTR	232	38	49.59	51	97.23
VC11-VC-54807786	7234921.0	MER67C:ERV1:LTR	620	22	49.42	53	93.24
VC11-VC-54807786	7234921.0	Charlie17b:hAT-Charlie:DNA	130	18	49.11	50	98.21
VC11-VC-54807786	7234921.0	L1ME3F:L1:LINE	308	24	49.00	50	98.00
VC11-VC-54807786	7234921.0	LTR37A:ERV1:LTR	549	29	49.00	51	96.08
VC11-VC-54807786	7234921.0	Kanga1c:TcMar-Tc2:DNA	184	34	48.53	50	97.06
VC11-VC-54807786	7234921.0	Tigger16b:TcMar-Tigger:DNA	197	37	48.50	49	98.98
VC11-VC-54807786	7234921.0	RLTR44A:ERVK:LTR	259	14	48.40	54	89.63
VC11-VC-54807786	7234921.0	MER96B:hAT-Tip100:DNA	410	26	48.23	51	94.57
VC11-VC-54807786	7234921.0	RLTR31B_Mm:ERVK:LTR	349	8	47.77	50	95.55
VC11-VC-54807786	7234921.0	MER63B:hAT-Blackjack:DNA	701	28	47.50	49	96.93
VC11-VC-54807786	7234921.0	RLTR20A2B_MM:ERVK:LTR	438	10	47.34	51	92.82
VC11-VC-54807786	7234921.0	RLTR20C:ERVK:LTR	263	17	46.83	51	91.82
VC11-VC-54807786	7234921.0	MLT1O:ERVL-MaLR:LTR	538	39	46.82	47	99.62
VC11-VC-54807786	7234921.0	RLTR48B:ERV1:LTR	110	18	46.49	47	98.91
VC11-VC-54807786	7234921.0	MLTR32C_MM:ERVK:LTR	127	13	46.33	46	100.72
VC11-VC-54807786	7234921.0	tRNA-Tyr-TAC:tRNA:tRNA	20	36	46.00	46	100.00
VC11-VC-54807786	7234921.0	tRNA-His-CAY_:tRNA:tRNA	16	19	45.50	46	98.91
VC11-VC-54807786	7234921.0	MER115:hAT-Tip100:DNA	521	29	45.37	49	92.59
VC11-VC-54807786	7234921.0	Charlie15b:hAT-Charlie:DNA	272	28	45.00	46	97.83
VC11-VC-54807786	7234921.0	LTR33A_:ERVL:LTR	474	22	45.00	46	97.82
VC11-VC-54807786	7234921.0	MLT1J-int:ERVL-MaLR:LTR	506	22	45.00	47	95.74
VC11-VC-54807786	7234921.0	ERVB4_2-LTR_MM:ERVK:LTR	144	6	44.99	46	97.81
VC11-VC-54807786	7234921.0	MMERVK10D3_LTR:ERVK:LTR	174	10	44.59	67	66.55
VC11-VC-54807786	7234921.0	LTR104_Mam:Gypsy:LTR	254	34	44.50	45	98.89
VC11-VC-54807786	7234921.0	L1MA10:L1:LINE	866	26	44.46	52	85.50
VC11-VC-54807786	7234921.0	MER94:hAT-Blackjack:DNA	466	30	44.26	47	94.18
VC11-VC-54807786	7234921.0	Tigger9a:TcMar-Tigger:DNA	200	27	44.24	46	96.18
VC11-VC-54807786	7234921.0	HERVL74-int:ERVL:LTR	149	12	43.52	41	106.16
VC11-VC-54807786	7234921.0	Helitron3Na_Mam:Helitron:RC	191	29	43.50	44	98.86
VC11-VC-54807786	7234921.0	MLT1F-int:ERVL-MaLR:LTR	417	22	43.50	45	96.67
VC11-VC-54807786	7234921.0	MER54A:ERVL:LTR	273	20	43.33	45	96.30
VC11-VC-54807786	7234921.0	RLTR8:ERVK:LTR	241	11	43.25	48	90.10
VC11-VC-54807786	7234921.0	ERVB5_1-I_MM-int:ERVK:LTR	292	4	43.22	46	93.95
VC11-VC-54807786	7234921.0	MER63C:hAT-Blackjack:DNA	414	14	43.08	46	93.65
VC11-VC-54807786	7234921.0	LTR45:ERV1:LTR	31	9	42.97	59	72.82
VC11-VC-54807786	7234921.0	L1ME3C:L1:LINE	326	18	42.81	45	95.14
VC11-VC-54807786	7234921.0	Charlie19a:hAT-Charlie:DNA	240	28	42.61	43	99.09
VC11-VC-54807786	7234921.0	L1M2c:L1:LINE	321	14	42.50	44	96.59
VC11-VC-54807786	7234921.0	LTR88c:Gypsy?:LTR	118	27	42.47	43	98.77
VC11-VC-54807786	7234921.0	MER67B:ERV1:LTR	220	21	42.09	44	95.66
VC11-VC-54807786	7234921.0	Tigger2b:TcMar-Tigger:DNA	176	20	42.00	43	97.67
VC11-VC-54807786	7234921.0	MER90a:ERV1:LTR	581	22	41.99	45	93.32
VC11-VC-54807786	7234921.0	RLTR10B:ERVK:LTR	477	8	41.17	61	67.49
VC11-VC-54807786	7234921.0	MER50B:ERV1:LTR	14	36	41.00	41	100.00
VC11-VC-54807786	7234921.0	L1MCb:L1:LINE	713	21	40.95	43	95.23
VC11-VC-54807786	7234921.0	LTRIS4:ERV1:LTR	147	10	40.78	44	92.67
VC11-VC-54807786	7234921.0	X7C_LINE:CR1:LINE	155	21	40.19	43	93.46
VC11-VC-54807786	7234921.0	MER63A:hAT-Blackjack:DNA	635	14	40.00	41	97.56
VC11-VC-54807786	7234921.0	RLTR9B:ERVK:LTR	206	13	40.00	45	88.89
VC11-VC-54807786	7234921.0	MLT1B-int:ERVL-MaLR:LTR	165	12	39.39	43	91.61
VC11-VC-54807786	7234921.0	RLTR9A3A:ERVK:LTR	222	8	39.39	47	83.81
VC11-VC-54807786	7234921.0	RMER16B:ERVK:LTR	84	7	38.93	40	97.32
VC11-VC-54807786	7234921.0	MER91A:hAT-Tip100:DNA	370	25	38.85	39	99.62
VC11-VC-54807786	7234921.0	RLTR13D1:ERVK:LTR	255	9	38.84	43	90.32
VC11-VC-54807786	7234921.0	ERVB5_2-LTR_MM:ERVK:LTR	520	11	37.77	43	87.84
VC11-VC-54807786	7234921.0	MER92-int:ERV1:LTR	324	21	37.67	40	94.17
VC11-VC-54807786	7234921.0	L4_C_Mam:RTE-X:LINE	590	22	37.50	38	98.68
VC11-VC-54807786	7234921.0	LTR65:ERV1:LTR	162	17	37.00	37	100.00
VC11-VC-54807786	7234921.0	X6B_LINE:CR1:LINE	274	35	37.00	38	97.38
VC11-VC-54807786	7234921.0	LTR31:ERV1:LTR	187	15	36.81	39	94.39
VC11-VC-54807786	7234921.0	L1M:L1:LINE	459	26	36.78	41	89.70
VC11-VC-54807786	7234921.0	LTR16B2:ERVL:LTR	384	12	36.69	38	96.55
VC11-VC-54807786	7234921.0	RLTR44B:ERVK:LTR	275	5	36.64	43	85.21
VC11-VC-54807786	7234921.0	IAP1-MM_LTR:ERVK:LTR	420	4	36.60	46	79.57
VC11-VC-54807786	7234921.0	RLTR12B2:ERVK:LTR	95	10	36.52	39	93.63
VC11-VC-54807786	7234921.0	Tigger14a:TcMar-Tigger:DNA	225	28	36.00	36	100.00
VC11-VC-54807786	7234921.0	RLTR31A_Mm:ERVK:LTR	209	9	35.81	45	79.57
VC11-VC-54807786	7234921.0	Charlie22a:hAT-Charlie:DNA	163	18	35.70	39	91.54
VC11-VC-54807786	7234921.0	ERV3-16A3_I-int:ERVL:LTR	908	14	35.68	38	93.88
VC11-VC-54807786	7234921.0	MER45A:hAT-Tip100:DNA	769	21	35.31	39	90.54
VC11-VC-54807786	7234921.0	RLTR9A3B:ERVK:LTR	346	9	35.09	38	92.34
VC11-VC-54807786	7234921.0	Charlie17:hAT-Charlie:DNA	134	13	35.00	49	71.42
VC11-VC-54807786	7234921.0	MER45R:hAT-Tip100:DNA	375	23	35.00	37	94.59
VC11-VC-54807786	7234921.0	tRNA-Gln-CAA_:tRNA:tRNA	4	32	35.00	35	100.00
VC11-VC-54807786	7234921.0	L4_B_Mam:RTE-X:LINE	361	18	34.70	36	96.39
VC11-VC-54807786	7234921.0	ERVL-int:ERVL:LTR	721	8	34.33	35	98.10
VC11-VC-54807786	7234921.0	L1M3c:L1:LINE	337	12	34.31	39	87.98
VC11-VC-54807786	7234921.0	MER76:ERVL:LTR	247	18	34.06	35	97.30
VC11-VC-54807786	7234921.0	RLTR31M:ERVK:LTR	264	8	34.05	40	85.13
VC11-VC-54807786	7234921.0	MamRep434:TcMar-Tigger:DNA	518	22	34.00	34	100.00
VC11-VC-54807786	7234921.0	tRNA-Gln-CAG:tRNA:tRNA	25	31	34.00	34	100.00
VC11-VC-54807786	7234921.0	ERVB3_1-LTR_MM:ERVK:LTR	158	8	33.22	36	92.29
VC11-VC-54807786	7234921.0	MER105:DNA:DNA	171	21	33.00	34	97.06
VC11-VC-54807786	7234921.0	L1M3de:L1:LINE	157	13	32.73	37	88.46
VC11-VC-54807786	7234921.0	MER31-int:ERV1:LTR	149	4	32.54	34	95.71
VC11-VC-54807786	7234921.0	L1MEj:L1:LINE	178	23	32.00	32	100.00
VC11-VC-54807786	7234921.0	RLTR26:ERVK:LTR	408	7	31.75	36	88.19
VC11-VC-54807786	7234921.0	MamRep38:hAT:DNA	212	22	31.50	32	98.44
VC11-VC-54807786	7234921.0	MER57C2:ERV1:LTR	415	15	31.31	33	94.89
VC11-VC-54807786	7234921.0	L1MEa:L1:LINE	169	12	30.99	33	93.92
VC11-VC-54807786	7234921.0	Chap1_Mam:hAT-Charlie:DNA	153	13	30.91	41	75.40
VC11-VC-54807786	7234921.0	Charlie9:hAT-Charlie:DNA	232	25	30.83	31	99.45
VC11-VC-54807786	7234921.0	MER74B:ERVL:LTR	324	10	30.57	32	95.53
VC11-VC-54807786	7234921.0	ORSL:hAT-Tip100:DNA	281	18	30.57	32	95.53
VC11-VC-54807786	7234921.0	MER124:DNA?:DNA?	252	15	30.50	31	98.39
VC11-VC-54807786	7234921.0	RLTR9A2:ERVK:LTR	227	9	30.00	34	88.24
VC11-VC-54807786	7234921.0	L1M8:L1:LINE	201	17	29.50	30	98.33
VC11-VC-54807786	7234921.0	MER5C:hAT-Charlie:DNA	242	19	29.22	30	97.39
VC11-VC-54807786	7234921.0	LTR16A1:ERVL:LTR	654	13	29.08	32	90.87
VC11-VC-54807786	7234921.0	LTR16E1:ERVL:LTR	514	13	28.68	32	89.63
VC11-VC-54807786	7234921.0	LTR79:ERVL:LTR	380	19	28.54	45	63.43
VC11-VC-54807786	7234921.0	MER99:hAT?:DNA	198	10	28.50	29	98.28
VC11-VC-54807786	7234921.0	LTR37B:ERV1:LTR	386	16	28.34	30	94.48
VC11-VC-54807786	7234921.0	RLTR48C:ERV1:LTR	149	6	28.17	29	97.13
VC11-VC-54807786	7234921.0	MER106B:hAT-Charlie:DNA	242	23	28.13	29	97.01
VC11-VC-54807786	7234921.0	RLTR19A2:ERVK:LTR	94	6	28.10	32	87.81
VC11-VC-54807786	7234921.0	Tigger17b:TcMar-Tigger:DNA	72	11	28.05	35	80.15
VC11-VC-54807786	7234921.0	UCON23:hAT?:DNA	22	25	27.84	28	99.42
VC11-VC-54807786	7234921.0	LTR78:ERV1:LTR	583	18	27.50	28	98.21
VC11-VC-54807786	7234921.0	LTR16D2:ERVL:LTR	65	22	27.00	27	100.00
VC11-VC-54807786	7234921.0	LTR73:ERV1:LTR	137	10	26.59	27	98.47
VC11-VC-54807786	7234921.0	MER57E1:ERV1:LTR	210	10	26.57	24	110.71
VC11-VC-54807786	7234921.0	MER113A:hAT-Charlie:DNA	140	15	26.50	28	94.64
VC11-VC-54807786	7234921.0	MLTR31E_MM:ERVK:LTR	164	8	26.50	28	94.64
VC11-VC-54807786	7234921.0	tRNA-Gly-GGA:tRNA:tRNA	86	12	26.50	26	101.92
VC11-VC-54807786	7234921.0	MER52-int:ERV1:LTR	206	12	26.45	27	97.95
VC11-VC-54807786	7234921.0	RLTR42:ERVK:LTR	266	13	26.44	30	88.15
VC11-VC-54807786	7234921.0	ERV3-16A3_LTR:ERVL:LTR	279	10	26.33	27	97.53
VC11-VC-54807786	7234921.0	MER70B:ERVL:LTR	254	11	26.19	27	96.99
VC11-VC-54807786	7234921.0	RLTR1F_Mm:ERVK:LTR	83	11	26.07	27	96.55
VC11-VC-54807786	7234921.0	Ricksha_c:MULE-MuDR:DNA	405	14	26.00	29	89.66
VC11-VC-54807786	7234921.0	tRNA-Ala-GCG:tRNA:tRNA	194	26	26.00	26	100.00
VC11-VC-54807786	7234921.0	IAPLTR3:ERVK:LTR	959	6	25.93	30	86.43
VC11-VC-54807786	7234921.0	ERVB5_1-LTR_MM:ERVK:LTR	143	10	25.80	27	95.54
VC11-VC-54807786	7234921.0	LTR16B1:ERVL:LTR	299	5	25.62	25	102.48
VC11-VC-54807786	7234921.0	hAT-N1_Mam:hAT?:DNA	185	18	25.50	26	98.08
VC11-VC-54807786	7234921.0	MLT1F2-int:ERVL-MaLR:LTR	68	5	25.50	32	79.70
VC11-VC-54807786	7234921.0	RLTR47:ERVK:LTR	209	8	25.30	28	90.35
VC11-VC-54807786	7234921.0	Charlie13b:hAT-Charlie:DNA	114	18	25.00	25	100.00
VC11-VC-54807786	7234921.0	MamTip3:hAT-Tip100:DNA	180	20	25.00	25	100.00
VC11-VC-54807786	7234921.0	Zaphod3:hAT-Tip100:DNA	454	14	25.00	26	96.15
VC11-VC-54807786	7234921.0	RLTR43C:ERVK:LTR	264	9	24.84	27	92.00
VC11-VC-54807786	7234921.0	IAPA_MM-int:ERVK:LTR	126	4	24.44	139	17.58
VC11-VC-54807786	7234921.0	LTR81B:Gypsy:LTR	204	16	24.21	29	83.47
VC11-VC-54807786	7234921.0	tRNA-Lys-AAG:tRNA:tRNA	184	15	24.04	27	89.04
VC11-VC-54807786	7234921.0	LTR16A2:ERVL:LTR	416	17	24.02	25	96.09
VC11-VC-54807786	7234921.0	RLTR41B:ERV1:LTR	98	6	24.00	24	99.99
VC11-VC-54807786	7234921.0	Tigger20a:TcMar-Tigger:DNA	188	13	24.00	24	100.00
VC11-VC-54807786	7234921.0	X6A_LINE:CR1:LINE	145	23	24.00	24	100.00
VC11-VC-54807786	7234921.0	X7A_LINE:CR1:LINE	159	20	24.00	24	100.00
VC11-VC-54807786	7234921.0	MER135:DNA:DNA	287	20	23.50	24	97.92
VC11-VC-54807786	7234921.0	L1M3b:L1:LINE	169	4	23.07	25	92.27
VC11-VC-54807786	7234921.0	L1M2a:L1:LINE	208	6	23.00	24	95.83
VC11-VC-54807786	7234921.0	LTR86B1:ERVL:LTR	49	21	23.00	23	100.00
VC11-VC-54807786	7234921.0	RLTR20A1:ERVK:LTR	98	4	22.93	23	99.70
VC11-VC-54807786	7234921.0	RLTR53B_Mm:ERVK:LTR	160	6	22.90	24	95.42
VC11-VC-54807786	7234921.0	HERV16-int:ERVL:LTR	277	11	22.50	23	97.83
VC11-VC-54807786	7234921.0	LTR85c:Gypsy?:LTR	119	13	22.00	22	100.00
VC11-VC-54807786	7234921.0	MamRep1527:LTR:LTR	372	11	22.00	24	91.67
VC11-VC-54807786	7234921.0	Tigger6b:TcMar-Tigger:DNA	217	8	21.75	25	87.00
VC11-VC-54807786	7234921.0	Charlie23a:hAT-Charlie:DNA	157	12	21.50	23	93.48
VC11-VC-54807786	7234921.0	Charlie4:hAT-Charlie:DNA	161	9	21.50	22	97.73
VC11-VC-54807786	7234921.0	LTR89:ERVL?:LTR	146	10	21.23	19	111.72
VC11-VC-54807786	7234921.0	Charlie26a:hAT-Charlie:DNA	98	17	21.00	21	100.00
VC11-VC-54807786	7234921.0	Zaphod:hAT-Tip100:DNA	728	9	21.00	43	48.84
VC11-VC-54807786	7234921.0	RLTR6C_Mm:ERV1:LTR	102	5	20.96	32	65.49
VC11-VC-54807786	7234921.0	LTR84a:ERVL:LTR	136	13	20.50	21	97.62
VC11-VC-54807786	7234921.0	Mam_R4:Dong-R4:LINE	138	12	20.50	21	97.62
VC11-VC-54807786	7234921.0	UCON29:PiggyBac?:DNA	141	16	20.45	22	92.97
VC11-VC-54807786	7234921.0	tRNA-Asp-GAY:tRNA:tRNA	33	8	20.33	16	127.07
VC11-VC-54807786	7234921.0	MER68-int:ERVL:LTR	77	6	20.00	21	95.24
VC11-VC-54807786	7234921.0	Tigger12c:TcMar-Tigger:DNA	97	12	19.80	22	89.98
VC11-VC-54807786	7234921.0	MER90:ERV1:LTR	245	8	19.69	21	93.78
VC11-VC-54807786	7234921.0	L1ME5:L1:LINE	146	8	19.50	20	97.50
VC11-VC-54807786	7234921.0	LTR16E2:ERVL:LTR	423	11	19.33	20	96.67
VC11-VC-54807786	7234921.0	Charlie13a:hAT-Charlie:DNA	184	8	19.10	26	73.47
VC11-VC-54807786	7234921.0	Charlie20a:hAT-Charlie:DNA	161	14	19.03	20	95.13
VC11-VC-54807786	7234921.0	Charlie29a:hAT-Charlie:DNA	324	11	19.00	21	90.48
VC11-VC-54807786	7234921.0	MADE2:TcMar-Mariner:DNA	208	17	19.00	20	95.00
VC11-VC-54807786	7234921.0	IAPEY3C_LTR:ERVK:LTR	475	10	18.83	21	89.68
VC11-VC-54807786	7234921.0	MLT1A0-int:ERVL-MaLR:LTR	206	2	18.83	21	89.67
VC11-VC-54807786	7234921.0	L1M6:L1:LINE	329	13	18.50	19	97.37
VC11-VC-54807786	7234921.0	Ricksha:MuDR:DNA	85	7	18.50	19	97.37
VC11-VC-54807786	7234921.0	X8_LINE:CR1:LINE	158	14	18.50	19	97.37
VC11-VC-54807786	7234921.0	RLTR9B2:ERVK:LTR	178	4	18.44	20	92.18
VC11-VC-54807786	7234921.0	Kanga1b:TcMar-Tc2:DNA	121	7	18.31	19	96.38
VC11-VC-54807786	7234921.0	Charlie25:hAT-Charlie:DNA	301	7	18.12	19	95.37
VC11-VC-54807786	7234921.0	tRNA-Gly-GGY:tRNA:tRNA	52	8	17.92	16	112.01
VC11-VC-54807786	7234921.0	LTR81C:Gypsy:LTR	99	17	17.81	18	98.95
VC11-VC-54807786	7234921.0	X3_LINE:RTE-BovB:LINE	260	16	17.60	21	83.82
VC11-VC-54807786	7234921.0	LTR53:ERVL:LTR	226	10	17.53	18	97.36
VC11-VC-54807786	7234921.0	Kanga1d:TcMar-Tc2:DNA	131	7	17.31	19	91.11
VC11-VC-54807786	7234921.0	LTRIS4B:ERV1:LTR	71	5	17.30	19	91.06
VC11-VC-54807786	7234921.0	LTR33B:ERVL:LTR	268	14	17.00	17	100.00
VC11-VC-54807786	7234921.0	LTR9:ERV1:LTR	13	17	17.00	17	100.00
VC11-VC-54807786	7234921.0	MER110A:ERV1:LTR	196	11	16.83	18	93.52
VC11-VC-54807786	7234921.0	RLTR13D:ERVK:LTR	45	4	16.80	20	84.00
VC11-VC-54807786	7234921.0	LTRIS5:ERV1:LTR	85	4	16.33	17	96.08
VC11-VC-54807786	7234921.0	RLTR19D:ERVK:LTR	64	2	16.25	18	90.29
VC11-VC-54807786	7234921.0	LTR107_Mam:LTR:LTR	93	11	16.18	15	107.88
VC11-VC-54807786	7234921.0	RLTR50B:ERVK:LTR	334	2	16.10	19	84.72
VC11-VC-54807786	7234921.0	HAL1_SS:L1:LINE	79	3	16.00	16	100.00
VC11-VC-54807786	7234921.0	Kanga11a:TcMar-Tc2:DNA	187	11	16.00	18	88.89
VC11-VC-54807786	7234921.0	LTR102_Mam:ERVL:LTR	215	8	16.00	16	100.00
VC11-VC-54807786	7234921.0	LTR48B:ERV1:LTR	302	9	16.00	16	100.00
VC11-VC-54807786	7234921.0	tRNA-Leu-TTA:tRNA:tRNA	18	6	16.00	16	100.00
VC11-VC-54807786	7234921.0	tRNA-Ser-TCY:tRNA:tRNA	12	13	16.00	16	100.00
VC11-VC-54807786	7234921.0	Eulor2B:DNA?:DNA?	42	13	15.00	15	100.00
VC11-VC-54807786	7234921.0	Eulor5A:DNA?:DNA?	80	9	15.00	15	100.00
VC11-VC-54807786	7234921.0	MER50:ERV1:LTR	13	12	15.00	15	100.00
VC11-VC-54807786	7234921.0	Tigger8:TcMar-Tigger:DNA	121	11	15.00	15	100.00
VC11-VC-54807786	7234921.0	tRNA-Ser-AGY:tRNA:tRNA	15	14	15.00	15	100.00
VC11-VC-54807786	7234921.0	RLTR44D:ERVK:LTR	100	3	14.92	17	87.74
VC11-VC-54807786	7234921.0	L1P5:L1:LINE	166	7	14.79	18	82.18
VC11-VC-54807786	7234921.0	tRNA-Val-GTG:tRNA:tRNA	25	6	14.71	13	113.13
VC11-VC-54807786	7234921.0	Arthur1A:hAT-Tip100:DNA	148	8	14.67	16	91.67
VC11-VC-54807786	7234921.0	MER110:ERV1:LTR	147	6	14.50	15	96.67
VC11-VC-54807786	7234921.0	LTR16B:ERVL:LTR	260	9	14.40	17	84.71
VC11-VC-54807786	7234921.0	MER54B:ERVL:LTR	114	7	14.40	17	84.71
VC11-VC-54807786	7234921.0	Kanga1a:TcMar-Tc2:DNA	191	3	14.29	17	84.05
VC11-VC-54807786	7234921.0	MLT1A1-int:ERVL-MaLR:LTR	130	4	14.07	16	87.94
VC11-VC-54807786	7234921.0	LTR28B:ERV1:LTR	144	12	14.00	14	100.00
VC11-VC-54807786	7234921.0	LTR84b:ERVL:LTR	187	11	14.00	14	100.00
VC11-VC-54807786	7234921.0	MER121:TcMar?:DNA	588	6	14.00	14	100.00
VC11-VC-54807786	7234921.0	MER21-int:ERVL:LTR	105	8	14.00	15	93.33
VC11-VC-54807786	7234921.0	LTR82B:ERVL:LTR	290	8	13.88	15	92.50
VC11-VC-54807786	7234921.0	FAM:Alu:SINE	117	12	13.50	14	96.43
VC11-VC-54807786	7234921.0	L1PB4:L1:LINE	144	3	13.46	15	89.72
VC11-VC-54807786	7234921.0	MER70A:ERVL:LTR	184	7	13.29	16	83.04
VC11-VC-54807786	7234921.0	MamGypLTR1b:Gypsy:LTR	141	12	13.25	14	94.61
VC11-VC-54807786	7234921.0	MamRep1151:LTR?:LTR?	249	4	13.14	14	93.85
VC11-VC-54807786	7234921.0	IAPEY5_LTR:ERVK:LTR	237	6	13.00	14	92.86
VC11-VC-54807786	7234921.0	L1M3f:L1:LINE	100	6	13.00	13	100.00
VC11-VC-54807786	7234921.0	LTR108e_Mam:ERVL:LTR	36	12	13.00	13	100.00
VC11-VC-54807786	7234921.0	MER34-int:ERV1:LTR	66	6	13.00	13	100.00
VC11-VC-54807786	7234921.0	tRNA-Asn-AAC:tRNA:tRNA	27	8	13.00	13	100.00
VC11-VC-54807786	7234921.0	LTR105_Mam:ERVL:LTR	124	10	12.50	13	96.15
VC11-VC-54807786	7234921.0	Tigger11a:TcMar-Tigger:DNA	75	10	12.50	14	89.29
VC11-VC-54807786	7234921.0	Charlie21a:hAT-Charlie:DNA	174	7	12.00	14	85.71
VC11-VC-54807786	7234921.0	LTR81A:Gypsy:LTR	180	6	12.00	12	100.00
VC11-VC-54807786	7234921.0	MamRep1879:hAT-Tip100?:DNA	105	11	12.00	12	100.00
VC11-VC-54807786	7234921.0	MER47A:TcMar-Tigger:DNA	127	4	12.00	12	100.00
VC11-VC-54807786	7234921.0	MER67A:ERV1:LTR	176	5	12.00	12	100.00
VC11-VC-54807786	7234921.0	ORSL-2b:hAT-Tip100:DNA	210	6	12.00	14	85.71
VC11-VC-54807786	7234921.0	RLTR46A2:ERVK:LTR	58	3	12.00	11	109.09
VC11-VC-54807786	7234921.0	Tigger12A:TcMar-Tigger:DNA	86	10	12.00	12	100.00
VC11-VC-54807786	7234921.0	tRNA-Ala-GCY:tRNA:tRNA	12	9	12.00	12	100.00
VC11-VC-54807786	7234921.0	tRNA-Glu-GAG_:tRNA:tRNA	39	6	12.00	12	100.00
VC11-VC-54807786	7234921.0	tRNA-Ile-ATA:tRNA:tRNA	26	7	12.00	12	100.00
VC11-VC-54807786	7234921.0	ERVB2_1-I_MM-int:ERVK:LTR	83	1	11.50	12	95.83
VC11-VC-54807786	7234921.0	LTRIS6:ERV1:LTR	149	4	11.50	12	95.83
VC11-VC-54807786	7234921.0	LTR75:ERVL:LTR	94	5	11.06	11	100.53
VC11-VC-54807786	7234921.0	LTR53B:ERVL:LTR	83	7	11.00	12	91.67
VC11-VC-54807786	7234921.0	MamGypLTR1c:Gypsy:LTR	145	6	11.00	11	100.00
VC11-VC-54807786	7234921.0	Ricksha_c:MuDR:DNA	26	8	11.00	13	84.62
VC11-VC-54807786	7234921.0	Tigger1a_Art:TcMar-Tigger:DNA	37	6	11.00	11	100.01
VC11-VC-54807786	7234921.0	tRNA-Phe-TTY:tRNA:tRNA	47	8	10.99	12	91.59
VC11-VC-54807786	7234921.0	LTR40A1:ERVL:LTR	114	8	10.50	11	95.45
VC11-VC-54807786	7234921.0	LTR85a:Gypsy?:LTR	234	6	10.50	11	95.45
VC11-VC-54807786	7234921.0	MLT1G3-int:ERVL-MaLR:LTR	58	5	10.43	11	94.78
VC11-VC-54807786	7234921.0	BGLII_C:ERVK:LTR	74	2	10.00	11	90.91
VC11-VC-54807786	7234921.0	Eulor9A:DNA:DNA	60	7	10.00	10	100.00
VC11-VC-54807786	7234921.0	LTR68:ERV1:LTR	106	3	10.00	10	100.00
VC11-VC-54807786	7234921.0	LTR88b:Gypsy?:LTR	178	7	10.00	10	100.00
VC11-VC-54807786	7234921.0	MLT1C-int:ERVL-MaLR:LTR	122	3	10.00	10	100.00
VC11-VC-54807786	7234921.0	MER67D:ERV1:LTR	468	2	9.67	10	96.67
VC11-VC-54807786	7234921.0	Arthur1C:hAT-Tip100:DNA	155	2	9.50	10	95.00
VC11-VC-54807786	7234921.0	MER45C:hAT-Tip100:DNA	290	4	9.50	10	95.00
VC11-VC-54807786	7234921.0	RLTR46B:ERVK:LTR	73	5	9.50	11	86.36
VC11-VC-54807786	7234921.0	LTR108a_Mam:ERVL:LTR	39	5	9.49	11	86.25
VC11-VC-54807786	7234921.0	IAPEY5_I-int:ERVK:LTR	184	0	9.07	11	82.47
VC11-VC-54807786	7234921.0	LTR55:ERVL?:LTR	160	6	9.00	9	100.00
VC11-VC-54807786	7234921.0	LTR83:ERVL:LTR	161	6	9.00	9	100.00
VC11-VC-54807786	7234921.0	LTR90B:LTR:LTR	91	5	9.00	9	100.00
VC11-VC-54807786	7234921.0	MamRep4096:hAT?:DNA	180	6	9.00	9	100.00
VC11-VC-54807786	7234921.0	MamTip1:hAT-Tip100:DNA	82	7	9.00	9	100.00
VC11-VC-54807786	7234921.0	RLTR3_Mm:ERVK:LTR	31	4	9.00	9	100.00
VC11-VC-54807786	7234921.0	tRNA-Pro-CCY:tRNA:tRNA	29	8	9.00	9	100.00
VC11-VC-54807786	7234921.0	tRNA-Trp-TGG:tRNA:tRNA	16	7	9.00	9	100.00
VC11-VC-54807786	7234921.0	tRNA-Val-GTY:tRNA:tRNA	18	8	9.00	9	100.00
VC11-VC-54807786	7234921.0	L1MEg1:L1:LINE	92	5	8.50	9	94.44
VC11-VC-54807786	7234921.0	L1MEh:L1:LINE	202	5	8.50	9	94.44
VC11-VC-54807786	7234921.0	LTR81:Gypsy:LTR	70	5	8.50	9	94.44
VC11-VC-54807786	7234921.0	LTR86A1:ERVL:LTR	92	7	8.50	9	94.44
VC11-VC-54807786	7234921.0	tRNA-Ile-ATT:tRNA:tRNA	40	6	8.50	9	94.44
VC11-VC-54807786	7234921.0	MamGypLTR1d:Gypsy:LTR	116	3	8.44	11	76.69
VC11-VC-54807786	7234921.0	Charlie11:hAT-Charlie:DNA	52	3	8.09	9	89.86
VC11-VC-54807786	7234921.0	ERVB4_3-I_MM-int:ERVK:LTR	99	5	8.00	8	100.00
VC11-VC-54807786	7234921.0	LTR108b_Mam:ERVL:LTR	19	8	8.00	8	100.00
VC11-VC-54807786	7234921.0	LTR69:ERVL:LTR	74	2	8.00	8	100.00
VC11-VC-54807786	7234921.0	MamGypLTR1a:Gypsy:LTR	137	4	8.00	8	100.00
VC11-VC-54807786	7234921.0	MamGypLTR3a:Gypsy:LTR	161	4	8.00	8	100.00
VC11-VC-54807786	7234921.0	MER51-int:ERV1:LTR	7	5	8.00	8	100.00
VC11-VC-54807786	7234921.0	MLT1J1-int:ERVL-MaLR:LTR	67	6	8.00	8	100.00
VC11-VC-54807786	7234921.0	ERVB4_3-LTR_MM:ERVK:LTR	137	1	7.99	9	88.76
VC11-VC-54807786	7234921.0	MER5C1:hAT-Charlie:DNA	75	6	7.51	8	93.86
VC11-VC-54807786	7234921.0	Charlie17a:hAT-Charlie:DNA	63	5	7.50	8	93.75
VC11-VC-54807786	7234921.0	Charlie7a:hAT-Charlie:DNA	102	3	7.50	8	93.75
VC11-VC-54807786	7234921.0	MER127:TcMar-Tigger:DNA	119	2	7.50	8	93.75
VC11-VC-54807786	7234921.0	MER57-int:ERV1:LTR	202	4	7.50	8	93.75
VC11-VC-54807786	7234921.0	RMER16B3:ERVK:LTR	101	1	7.50	9	83.33
VC11-VC-54807786	7234921.0	tRNA-Gly-GGG:tRNA:tRNA	24	4	7.50	7	107.14
VC11-VC-54807786	7234921.0	Eulor2A:DNA?:DNA?	41	7	7.00	7	100.00
VC11-VC-54807786	7234921.0	L5:RTE-X:LINE	122	6	7.00	7	100.00
VC11-VC-54807786	7234921.0	LTR16D:ERVL:LTR	185	1	7.00	9	77.78
VC11-VC-54807786	7234921.0	LTR52:ERVL:LTR	230	4	7.00	7	100.00
VC11-VC-54807786	7234921.0	LTR77:ERV1:LTR	38	3	7.00	7	100.00
VC11-VC-54807786	7234921.0	MER73:ERVL:LTR	135	3	7.00	7	100.00
VC11-VC-54807786	7234921.0	MER92D:ERV1:LTR	70	4	7.00	7	100.00
VC11-VC-54807786	7234921.0	MER96:hAT-Tip100:DNA	104	4	7.00	8	87.50
VC11-VC-54807786	7234921.0	tRNA-Leu-CTY:tRNA:tRNA	8	4	7.00	7	100.00
VC11-VC-54807786	7234921.0	tRNA-Ser-TCG:tRNA:tRNA	5	6	7.00	7	100.00
VC11-VC-54807786	7234921.0	MER87:ERV1:LTR	46	4	6.81	6	113.53
VC11-VC-54807786	7234921.0	Helitron2Na_Mam:Helitron?:RC?	74	2	6.79	8	84.93
VC11-VC-54807786	7234921.0	RLTR1E_MM:ERV1:LTR	86	2	6.70	8	83.75
VC11-VC-54807786	7234921.0	MLT1F1-int:ERVL-MaLR:LTR	89	4	6.50	6	108.33
VC11-VC-54807786	7234921.0	DNA1_Mam:TcMar:DNA	45	3	6.43	7	91.80
VC11-VC-54807786	7234921.0	MamGypLTR2b:Gypsy:LTR	109	3	6.33	8	79.17
VC11-VC-54807786	7234921.0	Charlie10a:hAT-Charlie:DNA	61	4	6.00	6	100.00
VC11-VC-54807786	7234921.0	Charlie14a:hAT-Charlie:DNA	72	3	6.00	6	100.00
VC11-VC-54807786	7234921.0	LTR9D:ERV1:LTR	11	6	6.00	6	100.00
VC11-VC-54807786	7234921.0	MER129:LTR?:LTR?	63	6	6.00	6	100.00
VC11-VC-54807786	7234921.0	MER88:ERVL:LTR	58	3	6.00	7	85.71
VC11-VC-54807786	7234921.0	MER97b:hAT-Tip100:DNA	55	2	6.00	6	100.00
VC11-VC-54807786	7234921.0	MERX:TcMar-Tigger:DNA	64	3	6.00	6	100.00
VC11-VC-54807786	7234921.0	Ricksha_0:MULE-MuDR:DNA	82	1	6.00	6	100.00
VC11-VC-54807786	7234921.0	RLTR30C_MM:ERV1:LTR	124	1	6.00	6	100.00
VC11-VC-54807786	7234921.0	tRNA-Cys-TGY:tRNA:tRNA	89	4	6.00	7	85.71
VC11-VC-54807786	7234921.0	Charlie10b:hAT-Charlie:DNA	48	3	5.50	6	91.67
VC11-VC-54807786	7234921.0	L1MEg2:L1:LINE	112	2	5.50	6	91.67
VC11-VC-54807786	7234921.0	LTR106_Mam:LTR:LTR	164	5	5.50	6	91.67
VC11-VC-54807786	7234921.0	LTR86A2:ERVL:LTR	79	3	5.50	6	91.67
VC11-VC-54807786	7234921.0	MER4B-int:ERV1:LTR	52	3	5.32	6	88.66
VC11-VC-54807786	7234921.0	IAPLTR4_I:ERVK:LTR	183	0	5.14	13	39.55
VC11-VC-54807786	7234921.0	Helitron1Nb_Mam:Helitron:RC	92	2	5.00	5	100.00
VC11-VC-54807786	7234921.0	L1M3a:L1:LINE	120	2	5.00	5	100.00
VC11-VC-54807786	7234921.0	LTR16D1:ERVL:LTR	90	0	5.00	5	100.00
VC11-VC-54807786	7234921.0	LTR85b:Gypsy?:LTR	106	1	5.00	6	83.33
VC11-VC-54807786	7234921.0	LTR86C:ERVL:LTR	75	2	5.00	5	100.00
VC11-VC-54807786	7234921.0	MamGypLTR3:Gypsy:LTR	105	2	5.00	5	100.00
VC11-VC-54807786	7234921.0	MER126:DNA:DNA	118	3	5.00	5	100.00
VC11-VC-54807786	7234921.0	MER65D:ERV1:LTR	101	3	5.00	5	100.00
VC11-VC-54807786	7234921.0	MLT1G1-int:ERVL-MaLR:LTR	51	2	5.00	5	100.00
VC11-VC-54807786	7234921.0	MLT2E:ERVL:LTR	126	5	5.00	5	100.00
VC11-VC-54807786	7234921.0	tRNA-Lys-AAA:tRNA:tRNA	22	4	5.00	5	100.00
VC11-VC-54807786	7234921.0	tRNA-Thr-ACA:tRNA:tRNA	17	5	5.00	5	100.00
VC11-VC-54807786	7234921.0	LTR103_Mam:ERV1?:LTR	58	3	4.90	5	97.97
VC11-VC-54807786	7234921.0	tRNA-Pro-CCG:tRNA:tRNA	4	3	4.79	5	95.82
VC11-VC-54807786	7234921.0	MER72B:ERV1:LTR	74	1	4.75	6	79.17
VC11-VC-54807786	7234921.0	LTR80A:ERVL:LTR	112	4	4.50	5	90.00
VC11-VC-54807786	7234921.0	Eulor10:DNA?:DNA?	29	3	4.00	4	100.00
VC11-VC-54807786	7234921.0	Eulor1:DNA:DNA	56	4	4.00	4	100.00
VC11-VC-54807786	7234921.0	Helitron1Na_Mam:Helitron:RC	62	0	4.00	4	100.00
VC11-VC-54807786	7234921.0	LTR103b_Mam:ERV1?:LTR	57	3	4.00	4	100.00
VC11-VC-54807786	7234921.0	LTR52-int:ERVL:LTR	50	3	4.00	4	100.00
VC11-VC-54807786	7234921.0	LTR86B2:ERVL:LTR	36	4	4.00	4	100.00
VC11-VC-54807786	7234921.0	LTR88a:Gypsy?:LTR	64	3	4.00	4	100.00
VC11-VC-54807786	7234921.0	LTR90A:LTR:LTR	99	3	4.00	4	100.00
VC11-VC-54807786	7234921.0	MER113B:hAT-Charlie:DNA	72	4	4.00	4	100.00
VC11-VC-54807786	7234921.0	MER49:ERV1:LTR	7	2	4.00	4	100.00
VC11-VC-54807786	7234921.0	MER66-int:ERV1:LTR	23	3	4.00	4	100.00
VC11-VC-54807786	7234921.0	MER68C:ERVL:LTR	60	3	4.00	4	100.00
VC11-VC-54807786	7234921.0	MER70-int:ERVL:LTR	56	1	4.00	4	100.00
VC11-VC-54807786	7234921.0	MLT1A-int:ERVL-MaLR:LTR	123	1	4.00	4	100.00
VC11-VC-54807786	7234921.0	MLT1I-int:ERVL-MaLR:LTR	57	3	4.00	4	100.00
VC11-VC-54807786	7234921.0	ORSL-2a:hAT-Tip100:DNA	69	3	4.00	4	100.00
VC11-VC-54807786	7234921.0	tRNA-Leu-TTG:tRNA:tRNA	24	0	4.00	4	100.00
VC11-VC-54807786	7234921.0	tRNA-Met-i:tRNA:tRNA	19	4	4.00	4	100.00
VC11-VC-54807786	7234921.0	tRNA-Met:tRNA:tRNA	21	4	4.00	4	100.00
VC11-VC-54807786	7234921.0	tRNA-Thr-ACY:tRNA:tRNA	14	4	4.00	4	100.00
VC11-VC-54807786	7234921.0	tRNA-Val-GTA:tRNA:tRNA	13	3	4.00	4	100.00
VC11-VC-54807786	7234921.0	U13_:snRNA:snRNA	19	4	4.00	4	100.00
VC11-VC-54807786	7234921.0	UCON7:DNA?:DNA?	99	3	4.00	4	100.00
VC11-VC-54807786	7234921.0	X5A_LINE:CR1:LINE	69	3	4.00	4	100.00
VC11-VC-54807786	7234921.0	X5B_LINE:CR1:LINE	79	3	4.00	4	100.00
VC11-VC-54807786	7234921.0	C573_MM:Other:Other	1738	0	3.50	4	87.50
VC11-VC-54807786	7234921.0	MLT1G-int:ERVL-MaLR:LTR	39	0	3.37	6	56.23
VC11-VC-54807786	7234921.0	Eulor6E:DNA?:DNA?	18	2	3.00	3	100.00
VC11-VC-54807786	7234921.0	Eulor9C:DNA:DNA	71	2	3.00	3	100.00
VC11-VC-54807786	7234921.0	LTR108c_Mam:ERVL:LTR	15	1	3.00	3	100.00
VC11-VC-54807786	7234921.0	LTR34:ERV1:LTR	8	3	3.00	3	100.00
VC11-VC-54807786	7234921.0	LTR75B:ERVL:LTR	69	2	3.00	3	100.00
VC11-VC-54807786	7234921.0	LTR80B:ERVL:LTR	116	2	3.00	3	100.00
VC11-VC-54807786	7234921.0	MER110-int:ERV1:LTR	38	2	3.00	3	100.00
VC11-VC-54807786	7234921.0	MER123:DNA:DNA	41	1	3.00	3	100.00
VC11-VC-54807786	7234921.0	MER125:DNA:DNA	111	2	3.00	3	100.00
VC11-VC-54807786	7234921.0	MER50-int:ERV1:LTR	14	2	3.00	3	100.00
VC11-VC-54807786	7234921.0	MER57E2:ERV1:LTR	62	3	3.00	3	100.00
VC11-VC-54807786	7234921.0	MER65-int:ERV1:LTR	49	1	3.00	3	100.00
VC11-VC-54807786	7234921.0	MER95:ERV1:LTR	54	0	3.00	3	100.00
VC11-VC-54807786	7234921.0	nhAT5a_ML:hAT-Charlie:DNA	4	1	3.00	3	100.00
VC11-VC-54807786	7234921.0	RLTR50A:ERVK:LTR	85	0	3.00	3	100.00
VC11-VC-54807786	7234921.0	tRNA-Arg-AGG:tRNA:tRNA	18	3	3.00	3	100.00
VC11-VC-54807786	7234921.0	tRNA-Gln-CAA:tRNA:tRNA	14	3	3.00	3	100.00
VC11-VC-54807786	7234921.0	tRNA-Met_:tRNA:tRNA	46	3	3.00	3	100.00
VC11-VC-54807786	7234921.0	UCON21:DNA?:DNA?	23	3	3.00	3	100.00
VC11-VC-54807786	7234921.0	LTR9A1:ERV1:LTR	11	1	2.50	3	83.33
VC11-VC-54807786	7234921.0	MLT1E2-int:ERVL-MaLR:LTR	35	0	2.50	3	83.33
VC11-VC-54807786	7234921.0	RLTR47_MM:ERV1:LTR	45	2	2.50	3	83.33
VC11-VC-54807786	7234921.0	tRNA-Pro-CCA:tRNA:tRNA	10	1	2.50	3	83.33
VC11-VC-54807786	7234921.0	Eulor11:DNA:DNA	49	2	2.00	2	100.00
VC11-VC-54807786	7234921.0	Eulor6B:DNA?:DNA?	56	0	2.00	2	100.00
VC11-VC-54807786	7234921.0	L1M3d:L1:LINE	171	2	2.00	2	100.00
VC11-VC-54807786	7234921.0	LTR109A2:ERV1:LTR	37	1	2.00	2	100.00
VC11-VC-54807786	7234921.0	MamRep488:hAT-Tip100:DNA	29	0	2.00	2	100.00
VC11-VC-54807786	7234921.0	MER91C:hAT-Tip100:DNA	110	2	2.00	2	100.00
VC11-VC-54807786	7234921.0	MER94B:hAT-Blackjack:DNA	86	2	2.00	2	100.00
VC11-VC-54807786	7234921.0	MLT1H2-int:ERVL-MaLR:LTR	53	0	2.00	2	100.00
VC11-VC-54807786	7234921.0	Ricksha_a:MULE-MuDR:DNA	30	0	2.00	2	100.00
VC11-VC-54807786	7234921.0	RLTR1:ERV1:LTR	62	1	2.00	2	100.00
VC11-VC-54807786	7234921.0	RLTR46:ERVK:LTR	46	0	2.00	2	100.00
VC11-VC-54807786	7234921.0	RMER3D3:ERVK:LTR	8	1	2.00	3	66.67
VC11-VC-54807786	7234921.0	tRNA-Arg-CGA:tRNA:tRNA	3	2	2.00	2	100.00
VC11-VC-54807786	7234921.0	tRNA-Arg-CGY_:tRNA:tRNA	21	2	2.00	2	100.00
VC11-VC-54807786	7234921.0	tRNA-Leu-CTA_:tRNA:tRNA	4	2	2.00	2	100.00
VC11-VC-54807786	7234921.0	tRNA-Leu-CTG:tRNA:tRNA	16	1	2.00	2	100.00
VC11-VC-54807786	7234921.0	tRNA-Ser-TCA:tRNA:tRNA	1	2	2.00	2	100.00
VC11-VC-54807786	7234921.0	tRNA-Thr-ACG_:tRNA:tRNA	20	2	2.00	2	100.00
VC11-VC-54807786	7234921.0	ORR1G-int:ERVL-MaLR:LTR	70	0	1.64	3	54.76
VC11-VC-54807786	7234921.0	MER92C:ERV1:LTR	72	1	1.50	2	75.00
VC11-VC-54807786	7234921.0	MLT1J2-int:ERVL-MaLR:LTR	27	1	1.50	2	75.00
VC11-VC-54807786	7234921.0	U7:snRNA:snRNA	49	1	1.50	2	75.00
VC11-VC-54807786	7234921.0	LTR39:ERV1:LTR	11	1	1.33	2	66.67
VC11-VC-54807786	7234921.0	Charlie1b_Mars:hAT-Charlie:DNA	2	0	1.00	1	100.00
VC11-VC-54807786	7234921.0	Cheshire_Mars:hAT-Charlie:DNA	3	0	1.00	1	100.00
VC11-VC-54807786	7234921.0	Cheshire_Mars_:hAT-Charlie:DNA	6	0	1.00	1	100.00
VC11-VC-54807786	7234921.0	ERVB4_1-LTR_MM:ERVK:LTR	21	1	1.00	1	100.00
VC11-VC-54807786	7234921.0	Eulor2C:DNA?:DNA?	24	1	1.00	1	100.00
VC11-VC-54807786	7234921.0	Eulor5B:DNA?:DNA?	37	1	1.00	1	100.00
VC11-VC-54807786	7234921.0	Eulor6C:DNA?:DNA?	15	1	1.00	1	100.00
VC11-VC-54807786	7234921.0	HY4:scRNA:scRNA	3	0	1.00	1	100.00
VC11-VC-54807786	7234921.0	L1M6B:L1:LINE	43	1	1.00	1	100.00
VC11-VC-54807786	7234921.0	LTR23-int:ERV1:LTR	11	1	1.00	1	100.00
VC11-VC-54807786	7234921.0	LTR32:ERVL:LTR	9	1	1.00	1	100.00
VC11-VC-54807786	7234921.0	LTR59:ERV1:LTR	8	1	1.00	1	100.00
VC11-VC-54807786	7234921.0	MamRep1894:hAT:DNA	36	1	1.00	1	100.00
VC11-VC-54807786	7234921.0	MER101B:ERV1:LTR	21	1	1.00	1	100.00
VC11-VC-54807786	7234921.0	MER133A:DNA?:DNA?	35	1	1.00	1	100.00
VC11-VC-54807786	7234921.0	MER134:DNA?:DNA?	53	0	1.00	1	100.00
VC11-VC-54807786	7234921.0	MER136:DNA:DNA	23	0	1.00	1	100.00
VC11-VC-54807786	7234921.0	MER74C:ERVL:LTR	114	0	1.00	1	100.00
VC11-VC-54807786	7234921.0	MER89-int:ERV1:LTR	98	1	1.00	1	100.00
VC11-VC-54807786	7234921.0	MER92A:ERV1:LTR	37	1	1.00	1	100.00
VC11-VC-54807786	7234921.0	MER97a:hAT-Tip100:DNA	53	0	1.00	2	50.00
VC11-VC-54807786	7234921.0	MER97c:hAT-Tip100:DNA	64	1	1.00	1	100.00
VC11-VC-54807786	7234921.0	MLT1E1A-int:ERVL-MaLR:LTR	28	0	1.00	1	100.00
VC11-VC-54807786	7234921.0	Ricksha_a:MuDR:DNA	11	0	1.00	1	100.00
VC11-VC-54807786	7234921.0	Ricksha:MULE-MuDR:DNA	60	0	1.00	1	100.00
VC11-VC-54807786	7234921.0	RLTR12F:ERVK:LTR	60	0	1.00	1	100.00
VC11-VC-54807786	7234921.0	RMER3D4:ERVK:LTR	2	1	1.00	1	100.00
VC11-VC-54807786	7234921.0	tRNA-Arg-AGA:tRNA:tRNA	30	0	1.00	1	100.00
VC11-VC-54807786	7234921.0	tRNA-Arg-CGA_:tRNA:tRNA	2	0	1.00	1	100.00
VC11-VC-54807786	7234921.0	tRNA-Leu-CTA:tRNA:tRNA	3	0	1.00	1	100.00
VC11-VC-54807786	7234921.0	tRNA-SeC(e)-TGA:tRNA:tRNA	3	1	1.00	1	100.00
VC11-VC-54807786	7234921.0	tRNA-Ser-TCA_:tRNA:tRNA	3	1	1.00	1	100.00
VC11-VC-54807786	7234921.0	tRNA-Thr-ACY_:tRNA:tRNA	15	1	1.00	1	100.00
VC11-VC-54807786	7234921.0	UCON14:DNA?:DNA?	66	0	1.00	1	100.00
VC11-VC-54807786	7234921.0	X1_LINE:CR1:LINE	40	0	1.00	1	100.00
VC11-VC-54807786	7234921.0	X2_LINE:CR1:LINE	32	1	1.00	1	100.00
VC11-VC-54807786	7234921.0	MER96B:hAT:DNA	8	0	0.67	1	66.67
VC11-VC-54807786	7234921.0	MamGypLTR2c:Gypsy:LTR	110	0	0.50	1	50.00
VC11-VC-54807786	7234921.0	MLT1E-int:ERVL-MaLR:LTR	9	0	0.50	1	50.00
VC11-VC-54807786	7234921.0	MLT1N2-int:ERVL-MaLR:LTR	3	0	0.50	1	50.00
VC11-VC-54807786	7234921.0	RLTR46A:ERVK:LTR	71	0	0.50	1	50.00
VC11-VC-54807786	7234921.0	Eulor12:DNA?:DNA?	35	0	0.00	0	NA
VC11-VC-54807786	7234921.0	Eulor3:DNA?:DNA?	28	0	0.00	0	NA
VC11-VC-54807786	7234921.0	Eulor6A:DNA?:DNA?	21	0	0.00	0	NA
VC11-VC-54807786	7234921.0	Eulor6D:DNA?:DNA?	47	0	0.00	0	NA
VC11-VC-54807786	7234921.0	Eulor7:DNA?:DNA?	4	0	0.00	0	NA
VC11-VC-54807786	7234921.0	Eulor8:TcMar?:DNA	110	0	0.00	0	NA
VC11-VC-54807786	7234921.0	Eulor9B:DNA:DNA	14	0	0.00	0	NA
VC11-VC-54807786	7234921.0	FordPrefect_a:hAT-Tip100:DNA	60	0	0.00	0	NA
VC11-VC-54807786	7234921.0	HERVL32-int:ERVL:LTR	1	0	0.00	0	NA
VC11-VC-54807786	7234921.0	HUERS-P3b-int:ERV1:LTR	3	0	0.00	0	NA
VC11-VC-54807786	7234921.0	HY5:scRNA:scRNA	1	0	0.00	0	NA
VC11-VC-54807786	7234921.0	L1M2a1:L1:LINE	11	0	0.00	0	NA
VC11-VC-54807786	7234921.0	LTR108d_Mam:ERVL:LTR	30	0	0.00	0	NA
VC11-VC-54807786	7234921.0	LTR27C:ERV1:LTR	7	0	0.00	0	NA
VC11-VC-54807786	7234921.0	LTR28:ERV1:LTR	10	0	0.00	0	NA
VC11-VC-54807786	7234921.0	LTR29:ERV1:LTR	34	0	0.00	0	NA
VC11-VC-54807786	7234921.0	LTR36:ERV1:LTR	5	0	0.00	0	NA
VC11-VC-54807786	7234921.0	LTR44:ERV1:LTR	3	0	0.00	0	NA
VC11-VC-54807786	7234921.0	LTR45C:ERV1:LTR	24	0	0.00	0	NA
VC11-VC-54807786	7234921.0	LTR58:ERV1:LTR	9	0	0.00	0	NA
VC11-VC-54807786	7234921.0	LTR64:ERV1:LTR	8	0	0.00	0	NA
VC11-VC-54807786	7234921.0	LTR75_1:ERV1:LTR	9	0	0.00	0	NA
VC11-VC-54807786	7234921.0	LTR91:ERVL:LTR	57	0	0.00	0	NA
VC11-VC-54807786	7234921.0	MamRep1161:TcMar:DNA	7	0	0.00	0	NA
VC11-VC-54807786	7234921.0	MamRep137:TcMar?:DNA	4	0	0.00	0	NA
VC11-VC-54807786	7234921.0	MARINER1_EC:TcMar-Tigger:DNA	2	0	0.00	0	NA
VC11-VC-54807786	7234921.0	MER132:TcMar-Pogo:DNA	21	0	0.00	0	NA
VC11-VC-54807786	7234921.0	MER133B:DNA?:DNA?	22	0	0.00	0	NA
VC11-VC-54807786	7234921.0	MER47C:TcMar-Tigger:DNA	14	0	0.00	0	NA
VC11-VC-54807786	7234921.0	MER4CL34:ERV1:LTR	6	0	0.00	0	NA
VC11-VC-54807786	7234921.0	MER57E3:ERV1:LTR	4	0	0.00	0	NA
VC11-VC-54807786	7234921.0	MER66A:ERV1:LTR	5	0	0.00	0	NA
VC11-VC-54807786	7234921.0	MER66B:ERV1:LTR	7	0	0.00	0	NA
VC11-VC-54807786	7234921.0	MER66C:ERV1:LTR	19	0	0.00	0	NA
VC11-VC-54807786	7234921.0	MER72:ERV1:LTR	9	0	0.00	0	NA
VC11-VC-54807786	7234921.0	MER76-int:ERVL:LTR	16	0	0.00	0	NA
VC11-VC-54807786	7234921.0	MER83A-int:ERV1:LTR	1	0	0.00	0	NA
VC11-VC-54807786	7234921.0	MER83B-int:ERV1:LTR	9	0	0.00	0	NA
VC11-VC-54807786	7234921.0	MER97d:hAT-Tip100:DNA	28	0	0.00	0	NA
VC11-VC-54807786	7234921.0	MLT1E1-int:ERVL-MaLR:LTR	8	0	0.00	0	NA
VC11-VC-54807786	7234921.0	MLT1E3-int:ERVL-MaLR:LTR	12	0	0.00	0	NA
VC11-VC-54807786	7234921.0	MLT1H1-int:ERVL-MaLR:LTR	49	0	0.00	0	NA
VC11-VC-54807786	7234921.0	MLT1K-int:ERVL-MaLR:LTR	8	0	0.00	0	NA
VC11-VC-54807786	7234921.0	MLT1L-int:ERVL-MaLR:LTR	13	0	0.00	0	NA
VC11-VC-54807786	7234921.0	MLT1O-int:ERVL-MaLR:LTR	2	0	0.00	0	NA
VC11-VC-54807786	7234921.0	Ricksha_0:MuDR:DNA	29	0	0.00	0	NA
VC11-VC-54807786	7234921.0	Ricksha_b:MuDR:DNA	2	0	0.00	0	NA
VC11-VC-54807786	7234921.0	Ricksha_b:MULE-MuDR:DNA	6	0	0.00	0	NA
VC11-VC-54807786	7234921.0	RLTR43A:ERVK:LTR	3	0	0.00	0	NA
VC11-VC-54807786	7234921.0	RLTR43B:ERVK:LTR	1	0	0.00	0	NA
VC11-VC-54807786	7234921.0	RLTR9A4:ERVK:LTR	35	0	0.00	0	NA
VC11-VC-54807786	7234921.0	RMER3D1:ERVK:LTR	1	0	0.00	0	NA
VC11-VC-54807786	7234921.0	RMER3D2:ERVK:LTR	3	0	0.00	0	NA
VC11-VC-54807786	7234921.0	RNLTR23:ERVK:LTR	5	0	0.00	0	NA
VC11-VC-54807786	7234921.0	Tigger1a_Mars:TcMar-Tigger:DNA	2	0	0.00	0	NA
VC11-VC-54807786	7234921.0	tRNA-Arg-CGG:tRNA:tRNA	3	0	0.00	0	NA
VC11-VC-54807786	7234921.0	tRNA-Glu-GAG:tRNA:tRNA	6	0	0.00	0	NA
VC11-VC-54807786	7234921.0	tRNA-His-CAY:tRNA:tRNA	1	0	0.00	0	NA
VC11-VC-54807786	7234921.0	tRNA-Leu-TTA(m):tRNA:tRNA	1	0	0.00	0	NA
VC11-VC-54807786	7234921.0	tRNA-Thr-ACG:tRNA:tRNA	3	0	0.00	0	NA
VC11-VC-54807786	7234921.0	tRNA-Tyr-TAT:tRNA:tRNA	3	0	0.00	0	NA
VC11-VC-54807786	7234921.0	UCON13:Penelope?:LINE?	42	0	0.00	0	NA
VC11-VC-54807786	7234921.0	X7D_LINE:CR1:LINE	10	0	0.00	0	NA
