Sample	aligned_libsize	Subfamily:Family:Class	copies	uniq_counts	tot_counts	tot_reads	avg_conf
VC35C-VC-54809772	6553267.0	LSU-rRNA_Hsa:rRNA:rRNA	480	536586	2104162.08	2100804	100.16
VC35C-VC-54809772	6553267.0	7SLRNA:srpRNA:srpRNA	437	1551	280523.68	279967	100.20
VC35C-VC-54809772	6553267.0	FordPrefect:hAT-Tip100:DNA	291	43492	73440.12	73434	100.01
VC35C-VC-54809772	6553267.0	7SK:RNA:RNA	691	1127	65899.38	65846	100.08
VC35C-VC-54809772	6553267.0	U3:snRNA:snRNA	97	303	64528.65	44279	145.73
VC35C-VC-54809772	6553267.0	U2:snRNA:snRNA	921	253	39882.56	33576	118.78
VC35C-VC-54809772	6553267.0	MMETn-int:ERVK:LTR	980	188	38757.68	45902	84.44
VC35C-VC-54809772	6553267.0	U1:snRNA:snRNA	329	164	37941.16	33940	111.79
VC35C-VC-54809772	6553267.0	B3:B2:SINE	148427	15165	30940.15	33366	92.73
VC35C-VC-54809772	6553267.0	L1Md_T:L1:LINE	23688	1430	28414.94	28131	101.01
VC35C-VC-54809772	6553267.0	B2_Mm2:B2:SINE	90007	9402	24794.30	26687	92.91
VC35C-VC-54809772	6553267.0	B2_Mm1a:B2:SINE	18346	3662	23539.34	23385	100.66
VC35C-VC-54809772	6553267.0	ID_B1:B4:SINE	110827	13206	22119.55	24216	91.34
VC35C-VC-54809772	6553267.0	B1_Mus1:Alu:SINE	95081	11570	20995.06	22984	91.35
VC35C-VC-54809772	6553267.0	MMVL30-int:ERV1:LTR	956	16719	17705.29	17673	100.18
VC35C-VC-54809772	6553267.0	RSINE1:B4:SINE	115806	10685	17570.35	18751	93.70
VC35C-VC-54809772	6553267.0	B1_Mus2:Alu:SINE	70891	9461	16978.84	18999	89.37
VC35C-VC-54809772	6553267.0	B2_Mm1t:B2:SINE	23218	3169	16945.64	18427	91.96
VC35C-VC-54809772	6553267.0	L1Md_A:L1:LINE	16844	734	14520.86	15225	95.38
VC35C-VC-54809772	6553267.0	B3A:B2:SINE	92925	7276	14159.58	15419	91.83
VC35C-VC-54809772	6553267.0	B4A:B4:SINE	107073	6352	13625.09	14646	93.03
VC35C-VC-54809772	6553267.0	PB1D10:Alu:SINE	65054	9122	12675.98	13743	92.24
VC35C-VC-54809772	6553267.0	ETnERV-int:ERVK:LTR	906	62	11414.70	21064	54.19
VC35C-VC-54809772	6553267.0	U17:snRNA:snRNA	24	593	10203.00	10199	100.04
VC35C-VC-54809772	6553267.0	L1Md_F2:L1:LINE	64898	1467	9461.55	12007	78.80
VC35C-VC-54809772	6553267.0	PB1D9:Alu:SINE	28939	6193	9285.08	9995	92.90
VC35C-VC-54809772	6553267.0	MMERVK10C-int:ERVK:LTR	3230	8153	9196.04	9152	100.48
VC35C-VC-54809772	6553267.0	B1_Mm:Alu:SINE	42910	4932	8720.23	9779	89.17
VC35C-VC-54809772	6553267.0	B1_Mur4:Alu:SINE	41031	5164	8569.48	9413	91.04
VC35C-VC-54809772	6553267.0	B1F:Alu:SINE	45170	5731	8489.38	9147	92.81
VC35C-VC-54809772	6553267.0	B1_Mur1:Alu:SINE	38058	5183	8315.17	9162	90.76
VC35C-VC-54809772	6553267.0	B1_Mur2:Alu:SINE	31869	4978	7893.06	8548	92.34
VC35C-VC-54809772	6553267.0	B4:B4:SINE	64020	3501	7015.15	7783	90.13
VC35C-VC-54809772	6553267.0	L1_Mus1:L1:LINE	27252	1469	6772.19	7310	92.64
VC35C-VC-54809772	6553267.0	B1_Mur3:Alu:SINE	24632	4097	6722.57	7219	93.12
VC35C-VC-54809772	6553267.0	MTD:ERVL-MaLR:LTR	51544	2373	6002.17	6326	94.88
VC35C-VC-54809772	6553267.0	PB1D7:Alu:SINE	24346	4112	5667.01	6163	91.95
VC35C-VC-54809772	6553267.0	RLTR1B-int:ERV1:LTR	798	377	5482.74	5376	101.99
VC35C-VC-54809772	6553267.0	MIRb:MIR:SINE	42160	3695	5371.77	5569	96.46
VC35C-VC-54809772	6553267.0	Lx8:L1:LINE	49141	1618	5261.79	5438	96.76
VC35C-VC-54809772	6553267.0	SSU-rRNA_Hsa:rRNA:rRNA	45	528	4957.01	4874	101.70
VC35C-VC-54809772	6553267.0	L1_Mus3:L1:LINE	48489	718	4895.68	5467	89.55
VC35C-VC-54809772	6553267.0	B1F1:Alu:SINE	19678	3245	4660.65	5018	92.88
VC35C-VC-54809772	6553267.0	ID4:ID:SINE	23970	3459	4421.57	4754	93.01
VC35C-VC-54809772	6553267.0	ID4_:ID:SINE	26384	3108	4136.31	4399	94.03
VC35C-VC-54809772	6553267.0	U4:snRNA:snRNA	108	96	4103.55	4104	99.99
VC35C-VC-54809772	6553267.0	MIR:MIR:SINE	38978	2668	3874.65	4004	96.77
VC35C-VC-54809772	6553267.0	MTA_Mm-int:ERVL-MaLR:LTR	3027	99	3812.80	3880	98.27
VC35C-VC-54809772	6553267.0	MTC:ERVL-MaLR:LTR	27489	1578	3799.04	4049	93.83
VC35C-VC-54809772	6553267.0	MTA_Mm:ERVL-MaLR:LTR	15623	690	3696.24	4039	91.51
VC35C-VC-54809772	6553267.0	B1F2:Alu:SINE	16513	2376	3613.17	3962	91.20
VC35C-VC-54809772	6553267.0	RMER15:ERVL:LTR	18077	1076	3557.95	3324	107.04
VC35C-VC-54809772	6553267.0	IAPEz-int:ERVK:LTR	7319	189	3447.04	2903	118.74
VC35C-VC-54809772	6553267.0	Lx:L1:LINE	24834	537	3443.71	3640	94.61
VC35C-VC-54809772	6553267.0	Lx7:L1:LINE	40190	880	3399.75	3678	92.43
VC35C-VC-54809772	6553267.0	Lx3B:L1:LINE	5993	188	3311.05	3359	98.57
VC35C-VC-54809772	6553267.0	L2a:L2:LINE	24277	2066	3292.08	3373	97.60
VC35C-VC-54809772	6553267.0	PB1D11:Alu:SINE	18484	2371	3196.94	3562	89.75
VC35C-VC-54809772	6553267.0	MIRc:MIR:SINE	23213	2346	3094.76	3184	97.20
VC35C-VC-54809772	6553267.0	Lx9:L1:LINE	49160	729	2899.79	3042	95.33
VC35C-VC-54809772	6553267.0	L1_Mus2:L1:LINE	21079	413	2743.38	3282	83.59
VC35C-VC-54809772	6553267.0	PB1:Alu:SINE	11784	1827	2678.28	2910	92.04
VC35C-VC-54809772	6553267.0	MERVL-int:ERVL:LTR	2600	427	2543.36	2284	111.36
VC35C-VC-54809772	6553267.0	ORR1D1:ERVL-MaLR:LTR	21507	1045	2537.01	2682	94.59
VC35C-VC-54809772	6553267.0	RLTR19-int:ERVK:LTR	2407	457	2508.49	2143	117.06
VC35C-VC-54809772	6553267.0	L1M4:L1:LINE	13935	1113	2450.95	2707	90.54
VC35C-VC-54809772	6553267.0	URR1B:hAT-Charlie:DNA	16889	1318	2336.91	2497	93.59
VC35C-VC-54809772	6553267.0	ORR1E:ERVL-MaLR:LTR	22742	973	2321.71	2413	96.22
VC35C-VC-54809772	6553267.0	L2:L2:LINE	17614	1488	2307.56	2389	96.59
VC35C-VC-54809772	6553267.0	L1Md_F3:L1:LINE	16146	271	2296.57	3283	69.95
VC35C-VC-54809772	6553267.0	MIR3:MIR:SINE	16085	1744	2266.91	2336	97.04
VC35C-VC-54809772	6553267.0	ORR1A2:ERVL-MaLR:LTR	14843	676	2193.94	2320	94.57
VC35C-VC-54809772	6553267.0	ORR1B1:ERVL-MaLR:LTR	17313	629	2156.54	2289	94.21
VC35C-VC-54809772	6553267.0	L1_Mur3:L1:LINE	27399	365	2134.59	2249	94.91
VC35C-VC-54809772	6553267.0	MT2B:ERVL:LTR	13977	1275	2124.09	2836	74.90
VC35C-VC-54809772	6553267.0	MMERVK9C_I-int:ERVK:LTR	1807	226	2050.54	2173	94.36
VC35C-VC-54809772	6553267.0	L3:CR1:LINE	9732	1645	2025.34	2036	99.48
VC35C-VC-54809772	6553267.0	URR1A:hAT-Charlie:DNA	17621	1173	2017.23	2181	92.49
VC35C-VC-54809772	6553267.0	L2c:L2:LINE	12298	1456	2005.91	2024	99.11
VC35C-VC-54809772	6553267.0	RMER6A:ERVK:LTR	3983	385	1973.36	2019	97.74
VC35C-VC-54809772	6553267.0	RLTR13G:ERVK:LTR	877	15	1959.11	2322	84.37
VC35C-VC-54809772	6553267.0	MTEa:ERVL-MaLR:LTR	20061	912	1921.20	2046	93.90
VC35C-VC-54809772	6553267.0	ERVB7_1-LTR_MM:ERVK:LTR	770	42	1799.32	3338	53.90
VC35C-VC-54809772	6553267.0	Lx5:L1:LINE	16339	301	1788.09	1867	95.77
VC35C-VC-54809772	6553267.0	MTE2a:ERVL-MaLR:LTR	15148	639	1760.66	1844	95.48
VC35C-VC-54809772	6553267.0	ORR1F:ERVL-MaLR:LTR	23086	842	1751.91	1847	94.85
VC35C-VC-54809772	6553267.0	RMER16-int:ERVK:LTR	2599	92	1681.24	1710	98.32
VC35C-VC-54809772	6553267.0	L1_Mm:L1:LINE	5429	344	1675.82	3165	52.95
VC35C-VC-54809772	6553267.0	Lx2:L1:LINE	18521	276	1574.12	1668	94.37
VC35C-VC-54809772	6553267.0	ORR1D2:ERVL-MaLR:LTR	15061	603	1528.72	1639	93.27
VC35C-VC-54809772	6553267.0	Lx6:L1:LINE	18164	240	1476.62	1534	96.26
VC35C-VC-54809772	6553267.0	L1_Mur2:L1:LINE	20769	291	1457.66	1577	92.43
VC35C-VC-54809772	6553267.0	MTB:ERVL-MaLR:LTR	6419	344	1430.59	1658	86.28
VC35C-VC-54809772	6553267.0	Lx8b:L1:LINE	24166	381	1399.42	1462	95.72
VC35C-VC-54809772	6553267.0	L2b:L2:LINE	13720	964	1394.01	1433	97.28
VC35C-VC-54809772	6553267.0	L1MB7:L1:LINE	6956	549	1391.48	1457	95.50
VC35C-VC-54809772	6553267.0	MERVL_2A-int:ERVL:LTR	3899	163	1376.41	1706	80.68
VC35C-VC-54809772	6553267.0	L1M5:L1:LINE	16596	669	1312.75	1428	91.93
VC35C-VC-54809772	6553267.0	L1M2:L1:LINE	18488	403	1308.28	1441	90.79
VC35C-VC-54809772	6553267.0	RMER19B:ERVK:LTR	5640	214	1303.27	1361	95.76
VC35C-VC-54809772	6553267.0	ORR1C2:ERVL-MaLR:LTR	12473	458	1276.90	1347	94.80
VC35C-VC-54809772	6553267.0	ORR1A4:ERVL-MaLR:LTR	7791	390	1272.88	1363	93.39
VC35C-VC-54809772	6553267.0	LTRIS2:ERV1:LTR	1423	152	1272.00	1305	97.47
VC35C-VC-54809772	6553267.0	MTE2b:ERVL-MaLR:LTR	14367	521	1265.45	1363	92.84
VC35C-VC-54809772	6553267.0	ORR1A0-int:ERVL-MaLR:LTR	456	22	1261.21	1230	102.54
VC35C-VC-54809772	6553267.0	ORR1A2-int:ERVL-MaLR:LTR	2132	314	1222.03	1280	95.47
VC35C-VC-54809772	6553267.0	L1Md_Gf:L1:LINE	1080	53	1213.03	3935	30.83
VC35C-VC-54809772	6553267.0	Lx5c:L1:LINE	16422	270	1207.16	1301	92.79
VC35C-VC-54809772	6553267.0	MT2A:ERVL:LTR	10140	370	1184.22	1259	94.06
VC35C-VC-54809772	6553267.0	U5:snRNA:snRNA	85	318	1182.98	932	126.93
VC35C-VC-54809772	6553267.0	BC1_Mm:scRNA:scRNA	6758	651	1182.21	1276	92.65
VC35C-VC-54809772	6553267.0	ETnERV3-int:ERVK:LTR	560	33	1176.09	1066	110.33
VC35C-VC-54809772	6553267.0	MER2:TcMar-Tigger:DNA	10246	535	1090.33	1154	94.48
VC35C-VC-54809772	6553267.0	MT2_Mm:ERVL:LTR	2667	388	1080.25	1040	103.87
VC35C-VC-54809772	6553267.0	MT2B1:ERVL:LTR	7248	317	1062.45	1105	96.15
VC35C-VC-54809772	6553267.0	tRNA-Ser-TCA(m):tRNA:tRNA	4	602	1046.64	1013	103.32
VC35C-VC-54809772	6553267.0	ORR1B2:ERVL-MaLR:LTR	8528	427	1046.19	1105	94.68
VC35C-VC-54809772	6553267.0	RMER1B:Other:Other	7511	267	1044.89	1105	94.56
VC35C-VC-54809772	6553267.0	MER20:hAT-Charlie:DNA	5994	678	1038.60	1077	96.43
VC35C-VC-54809772	6553267.0	MER5A:hAT-Charlie:DNA	8982	780	1035.02	1085	95.39
VC35C-VC-54809772	6553267.0	RLTRETN_Mm:ERVK:LTR	1355	102	1032.42	1755	58.83
VC35C-VC-54809772	6553267.0	RLTR9E:ERVK:LTR	1318	157	1028.11	1058	97.17
VC35C-VC-54809772	6553267.0	Lx2B2:L1:LINE	11012	139	1019.40	1104	92.34
VC35C-VC-54809772	6553267.0	RMER1A:Other:Other	3854	111	998.20	997	100.12
VC35C-VC-54809772	6553267.0	MTEb:ERVL-MaLR:LTR	10811	473	991.16	1041	95.21
VC35C-VC-54809772	6553267.0	L1VL2:L1:LINE	4697	201	984.75	1017	96.83
VC35C-VC-54809772	6553267.0	ID2:ID:SINE	5671	759	938.56	1023	91.75
VC35C-VC-54809772	6553267.0	MER34B-int:ERV1:LTR	81	323	932.00	931	100.11
VC35C-VC-54809772	6553267.0	L1_Mus4:L1:LINE	11880	153	917.71	995	92.23
VC35C-VC-54809772	6553267.0	ORR1C1:ERVL-MaLR:LTR	7423	310	883.99	931	94.95
VC35C-VC-54809772	6553267.0	MLT1A1:ERVL-MaLR:LTR	9015	533	871.83	967	90.16
VC35C-VC-54809772	6553267.0	RCHARR1:hAT-Charlie:DNA	6811	240	869.99	945	92.06
VC35C-VC-54809772	6553267.0	MMERVK9E_I-int:ERVK:LTR	1568	41	850.35	898	94.69
VC35C-VC-54809772	6553267.0	RLTR17B_Mm:ERVK:LTR	27369	547	849.88	932	91.19
VC35C-VC-54809772	6553267.0	ORR1A0:ERVL-MaLR:LTR	2133	146	846.75	950	89.13
VC35C-VC-54809772	6553267.0	L1Md_F:L1:LINE	4016	59	838.31	1464	57.26
VC35C-VC-54809772	6553267.0	MT2B2:ERVL:LTR	3655	437	827.61	941	87.95
VC35C-VC-54809772	6553267.0	L1MB8:L1:LINE	6000	277	807.63	856	94.35
VC35C-VC-54809772	6553267.0	RLTR17:ERVK:LTR	1758	173	803.38	851	94.40
VC35C-VC-54809772	6553267.0	RMER4B:ERVK:LTR	5158	272	794.05	838	94.76
VC35C-VC-54809772	6553267.0	MYSERV6-int:ERVK:LTR	3183	106	792.54	812	97.60
VC35C-VC-54809772	6553267.0	Lx3A:L1:LINE	9223	211	791.59	823	96.18
VC35C-VC-54809772	6553267.0	L1MEi:L1:LINE	478	194	780.57	822	94.96
VC35C-VC-54809772	6553267.0	L1MC4:L1:LINE	5589	379	770.09	799	96.38
VC35C-VC-54809772	6553267.0	RMER5:ERV1:LTR	7418	311	769.15	804	95.67
VC35C-VC-54809772	6553267.0	MLT1B:ERVL-MaLR:LTR	9316	351	768.44	817	94.06
VC35C-VC-54809772	6553267.0	MLT1D:ERVL-MaLR:LTR	8368	361	756.86	803	94.25
VC35C-VC-54809772	6553267.0	ORR1B1-int:ERVL-MaLR:LTR	2965	157	752.04	860	87.45
VC35C-VC-54809772	6553267.0	L1VL4:L1:LINE	6091	115	749.84	796	94.20
VC35C-VC-54809772	6553267.0	ID:ID:SINE	8022	525	734.88	843	87.17
VC35C-VC-54809772	6553267.0	L1ME1:L1:LINE	5261	271	717.25	760	94.37
VC35C-VC-54809772	6553267.0	MLTR14:ERV1:LTR	6798	304	710.58	736	96.55
VC35C-VC-54809772	6553267.0	Lx4A:L1:LINE	10564	178	701.15	758	92.50
VC35C-VC-54809772	6553267.0	MTB_Mm:ERVL-MaLR:LTR	4963	253	700.35	731	95.81
VC35C-VC-54809772	6553267.0	MTE-int:ERVL-MaLR:LTR	4958	237	685.90	744	92.19
VC35C-VC-54809772	6553267.0	Lx3_Mus:L1:LINE	12651	107	684.28	735	93.10
VC35C-VC-54809772	6553267.0	L1_Rod:L1:LINE	11315	167	683.85	740	92.41
VC35C-VC-54809772	6553267.0	ORR1A4-int:ERVL-MaLR:LTR	1326	29	676.78	756	89.52
VC35C-VC-54809772	6553267.0	ORR1A3:ERVL-MaLR:LTR	4381	202	676.72	756	89.51
VC35C-VC-54809772	6553267.0	4.5SRNA:scRNA:scRNA	1517	150	655.85	689	95.19
VC35C-VC-54809772	6553267.0	RLTR25B:ERVK:LTR	3674	321	650.39	793	82.02
VC35C-VC-54809772	6553267.0	L1MA4:L1:LINE	7467	214	647.04	691	93.64
VC35C-VC-54809772	6553267.0	MLT1A0:ERVL-MaLR:LTR	10413	294	643.36	687	93.65
VC35C-VC-54809772	6553267.0	Lx4B:L1:LINE	5680	83	635.89	678	93.79
VC35C-VC-54809772	6553267.0	L1MB3:L1:LINE	5343	270	631.29	677	93.25
VC35C-VC-54809772	6553267.0	RMER10A:ERVL:LTR	4464	262	622.60	648	96.08
VC35C-VC-54809772	6553267.0	RMER4A:ERVK:LTR	3287	274	621.11	661	93.96
VC35C-VC-54809772	6553267.0	ERVB4_1C-LTR_Mm:ERVK:LTR	961	10	620.75	1333	46.57
VC35C-VC-54809772	6553267.0	L1MEg:L1:LINE	3797	419	617.12	636	97.03
VC35C-VC-54809772	6553267.0	L1MD:L1:LINE	6361	277	599.05	631	94.94
VC35C-VC-54809772	6553267.0	Lx5b:L1:LINE	7975	145	597.88	627	95.36
VC35C-VC-54809772	6553267.0	RLTR11A:ERVK:LTR	2655	237	569.42	603	94.43
VC35C-VC-54809772	6553267.0	L1MB2:L1:LINE	2927	209	563.20	599	94.02
VC35C-VC-54809772	6553267.0	L1MEd:L1:LINE	3245	418	561.23	589	95.28
VC35C-VC-54809772	6553267.0	L1MC5:L1:LINE	3476	289	560.11	610	91.82
VC35C-VC-54809772	6553267.0	RLTR45-int:ERVK:LTR	1317	57	559.35	525	106.54
VC35C-VC-54809772	6553267.0	MLT1C:ERVL-MaLR:LTR	7791	271	559.15	587	95.26
VC35C-VC-54809772	6553267.0	RLTR6-int:ERV1:LTR	1220	54	558.37	466	119.82
VC35C-VC-54809772	6553267.0	ORR1A1:ERVL-MaLR:LTR	4414	186	555.08	641	86.60
VC35C-VC-54809772	6553267.0	L1MC1:L1:LINE	5571	177	554.25	581	95.40
VC35C-VC-54809772	6553267.0	MTC-int:ERVL-MaLR:LTR	3520	71	553.63	600	92.27
VC35C-VC-54809772	6553267.0	MMERGLN-int:ERV1:LTR	856	35	551.81	542	101.81
VC35C-VC-54809772	6553267.0	MER5B:hAT-Charlie:DNA	5140	384	545.48	545	100.09
VC35C-VC-54809772	6553267.0	Tigger7:TcMar-Tigger:DNA	5206	238	535.03	567	94.36
VC35C-VC-54809772	6553267.0	RMER6C:ERVK:LTR	4887	164	534.38	608	87.89
VC35C-VC-54809772	6553267.0	MTD-int:ERVL-MaLR:LTR	2521	68	526.79	579	90.98
VC35C-VC-54809772	6553267.0	MER58A:hAT-Charlie:DNA	3714	337	524.83	547	95.95
VC35C-VC-54809772	6553267.0	L1MB5:L1:LINE	3766	206	510.30	540	94.50
VC35C-VC-54809772	6553267.0	L1M3:L1:LINE	7043	185	499.99	555	90.09
VC35C-VC-54809772	6553267.0	BGLII:ERVK:LTR	2269	198	497.98	507	98.22
VC35C-VC-54809772	6553267.0	MER21B:ERVL:LTR	1618	209	497.72	516	96.46
VC35C-VC-54809772	6553267.0	MusHAL1:L1:LINE	3890	157	494.41	514	96.19
VC35C-VC-54809772	6553267.0	MurERV4-int:ERVK:LTR	1525	53	491.03	505	97.23
VC35C-VC-54809772	6553267.0	L1MC3:L1:LINE	5288	179	485.46	514	94.45
VC35C-VC-54809772	6553267.0	ORR1A1-int:ERVL-MaLR:LTR	859	46	481.25	554	86.87
VC35C-VC-54809772	6553267.0	RLTR4_MM-int:ERV1:LTR	432	70	476.93	429	111.17
VC35C-VC-54809772	6553267.0	L1MC:L1:LINE	5426	208	470.03	512	91.80
VC35C-VC-54809772	6553267.0	Charlie1a:hAT-Charlie:DNA	2660	158	469.70	506	92.83
VC35C-VC-54809772	6553267.0	L1MA6:L1:LINE	6985	176	468.64	494	94.87
VC35C-VC-54809772	6553267.0	Lx2B:L1:LINE	6191	91	466.24	479	97.34
VC35C-VC-54809772	6553267.0	L1MEc:L1:LINE	5378	205	454.79	494	92.06
VC35C-VC-54809772	6553267.0	ETnERV2-int:ERVK:LTR	1805	47	451.14	489	92.26
VC35C-VC-54809772	6553267.0	RLTR11B:ERVK:LTR	1049	281	444.58	457	97.28
VC35C-VC-54809772	6553267.0	RLTR10-int:ERVK:LTR	2617	20	434.20	417	104.13
VC35C-VC-54809772	6553267.0	MER58B:hAT-Charlie:DNA	2843	250	427.94	445	96.17
VC35C-VC-54809772	6553267.0	MER3:hAT-Charlie:DNA	2967	292	427.18	446	95.78
VC35C-VC-54809772	6553267.0	MER21C:ERVL:LTR	2261	182	416.27	439	94.82
VC35C-VC-54809772	6553267.0	Lx10:L1:LINE	10010	115	412.26	429	96.10
VC35C-VC-54809772	6553267.0	MLTR25A:ERVK:LTR	2168	104	412.11	478	86.21
VC35C-VC-54809772	6553267.0	IAPLTR1_Mm:ERVK:LTR	1492	6	412.06	436	94.51
VC35C-VC-54809772	6553267.0	MLTR18B_MM:ERVK:LTR	468	74	410.00	413	99.27
VC35C-VC-54809772	6553267.0	RMER30:hAT-Charlie:DNA	3588	250	407.98	434	94.00
VC35C-VC-54809772	6553267.0	HAL1:L1:LINE	3550	203	407.30	427	95.39
VC35C-VC-54809772	6553267.0	MLT1K:ERVL-MaLR:LTR	2759	194	406.53	413	98.43
VC35C-VC-54809772	6553267.0	L1MC4a:L1:LINE	3077	174	406.12	429	94.67
VC35C-VC-54809772	6553267.0	L1MA8:L1:LINE	3882	186	403.18	413	97.62
VC35C-VC-54809772	6553267.0	ORR1G:ERVL-MaLR:LTR	4680	193	400.14	424	94.37
VC35C-VC-54809772	6553267.0	L1_Mur1:L1:LINE	7793	57	399.94	545	73.38
VC35C-VC-54809772	6553267.0	tRNA-Ala-GCY_:tRNA:tRNA	2580	328	395.99	430	92.09
VC35C-VC-54809772	6553267.0	Charlie5:hAT-Charlie:DNA	1547	325	389.02	416	93.52
VC35C-VC-54809772	6553267.0	L1VL1:L1:LINE	1797	55	381.90	449	85.06
VC35C-VC-54809772	6553267.0	Lx3C:L1:LINE	6475	68	379.48	392	96.81
VC35C-VC-54809772	6553267.0	RLTR31D_MM:ERVK:LTR	8270	173	377.00	573	65.79
VC35C-VC-54809772	6553267.0	MT2C_Mm:ERVL:LTR	1982	97	375.13	397	94.49
VC35C-VC-54809772	6553267.0	L1MD2:L1:LINE	3227	152	373.86	395	94.65
VC35C-VC-54809772	6553267.0	RLTR42-int:ERVK:LTR	2473	151	367.91	380	96.82
VC35C-VC-54809772	6553267.0	RLTR25A:ERVK:LTR	1781	143	360.22	405	88.94
VC35C-VC-54809772	6553267.0	LFSINE_Vert:tRNA:SINE	1208	322	359.50	360	99.86
VC35C-VC-54809772	6553267.0	RLTR40:ERVK:LTR	2651	92	358.85	368	97.51
VC35C-VC-54809772	6553267.0	L1MB4:L1:LINE	2690	186	358.57	373	96.13
VC35C-VC-54809772	6553267.0	RMER1C:Other:Other	6347	136	357.28	379	94.27
VC35C-VC-54809772	6553267.0	RMER6D:ERVK:LTR	2411	108	356.58	371	96.11
VC35C-VC-54809772	6553267.0	ORR1D1-int:ERVL-MaLR:LTR	1715	59	356.17	411	86.66
VC35C-VC-54809772	6553267.0	MER33:hAT-Charlie:DNA	2719	199	354.36	377	94.00
VC35C-VC-54809772	6553267.0	LTRIS_Mus:ERV1:LTR	919	62	354.13	353	100.32
VC35C-VC-54809772	6553267.0	RLTR16B_MM:ERVK:LTR	635	115	349.57	356	98.20
VC35C-VC-54809772	6553267.0	RLTR20A4:ERVK:LTR	11527	226	341.82	376	90.91
VC35C-VC-54809772	6553267.0	U6:snRNA:snRNA	1353	131	340.51	335	101.65
VC35C-VC-54809772	6553267.0	MTB-int:ERVL-MaLR:LTR	592	14	339.94	417	81.52
VC35C-VC-54809772	6553267.0	L1ME4a:L1:LINE	1560	195	337.33	364	92.67
VC35C-VC-54809772	6553267.0	L1MCa:L1:LINE	3565	156	334.48	348	96.11
VC35C-VC-54809772	6553267.0	ORR1A3-int:ERVL-MaLR:LTR	2435	48	334.35	380	87.99
VC35C-VC-54809772	6553267.0	MYSERV16_I-int:ERVK:LTR	2516	48	330.74	349	94.77
VC35C-VC-54809772	6553267.0	L3b:CR1:LINE	2304	258	326.13	332	98.23
VC35C-VC-54809772	6553267.0	RMER15-int:ERVL:LTR	3100	81	325.52	341	95.46
VC35C-VC-54809772	6553267.0	RMER10B:ERVL:LTR	3002	155	325.11	355	91.58
VC35C-VC-54809772	6553267.0	RMER17C:ERVK:LTR	6479	148	323.41	356	90.84
VC35C-VC-54809772	6553267.0	MER5A1:hAT-Charlie:DNA	3905	230	321.30	325	98.86
VC35C-VC-54809772	6553267.0	L1MA5:L1:LINE	4952	139	320.57	350	91.59
VC35C-VC-54809772	6553267.0	RMER19A:ERVK:LTR	2095	91	320.20	331	96.74
VC35C-VC-54809772	6553267.0	LTR50:ERVL:LTR	549	84	318.17	261	121.90
VC35C-VC-54809772	6553267.0	MER44B:TcMar-Tigger:DNA	1493	175	317.47	325	97.68
VC35C-VC-54809772	6553267.0	RLTR21:ERVK:LTR	3816	86	317.34	331	95.87
VC35C-VC-54809772	6553267.0	MamSINE1:tRNA:SINE	410	253	315.50	316	99.84
VC35C-VC-54809772	6553267.0	AmnSINE1:Deu:SINE	1311	278	314.70	321	98.04
VC35C-VC-54809772	6553267.0	RLTR11A2:ERVK:LTR	2676	92	313.76	339	92.55
VC35C-VC-54809772	6553267.0	RMER17B:ERVK:LTR	2898	66	311.53	329	94.69
VC35C-VC-54809772	6553267.0	MamGyp-int:Gypsy:LTR	28	62	311.31	309	100.75
VC35C-VC-54809772	6553267.0	Charlie1:hAT-Charlie:DNA	977	119	306.75	325	94.38
VC35C-VC-54809772	6553267.0	RLTR12C:ERVK:LTR	319	183	299.20	305	98.10
VC35C-VC-54809772	6553267.0	RLTR15:ERVK:LTR	2437	84	298.70	311	96.05
VC35C-VC-54809772	6553267.0	RMER19B2:ERVK:LTR	2296	50	295.59	323	91.52
VC35C-VC-54809772	6553267.0	RMER12:ERVK:LTR	3319	93	294.56	316	93.21
VC35C-VC-54809772	6553267.0	RLTR13B2:ERVK:LTR	314	25	294.04	269	109.31
VC35C-VC-54809772	6553267.0	RLTR28:ERVL:LTR	1949	129	293.95	304	96.69
VC35C-VC-54809772	6553267.0	MLTR11A:ERVK:LTR	2124	110	292.74	314	93.23
VC35C-VC-54809772	6553267.0	RLTR41:ERV1:LTR	1121	90	288.93	313	92.31
VC35C-VC-54809772	6553267.0	MLT1J:ERVL-MaLR:LTR	2943	161	287.14	295	97.34
VC35C-VC-54809772	6553267.0	Tigger1:TcMar-Tigger:DNA	1025	88	286.66	309	92.77
VC35C-VC-54809772	6553267.0	MLT1F:ERVL-MaLR:LTR	1561	198	284.66	292	97.49
VC35C-VC-54809772	6553267.0	L1M4b:L1:LINE	2190	120	282.31	288	98.02
VC35C-VC-54809772	6553267.0	MLT1A:ERVL-MaLR:LTR	4950	158	282.00	294	95.92
VC35C-VC-54809772	6553267.0	RLTR1B:ERV1:LTR	893	47	280.18	301	93.08
VC35C-VC-54809772	6553267.0	IAP1-MM_I-int:ERVK:LTR	479	96	279.54	279	100.19
VC35C-VC-54809772	6553267.0	L1MC2:L1:LINE	2252	106	270.24	286	94.49
VC35C-VC-54809772	6553267.0	RMER13B:ERVK:LTR	2134	52	267.90	282	95.00
VC35C-VC-54809772	6553267.0	RLTR22_Mur:ERVK:LTR	2503	63	266.15	277	96.08
VC35C-VC-54809772	6553267.0	RLTR20C1_MM:ERVK:LTR	5561	208	265.18	282	94.04
VC35C-VC-54809772	6553267.0	MER68:ERVL:LTR	637	124	260.71	279	93.44
VC35C-VC-54809772	6553267.0	RLTR14-int:ERV1:LTR	1816	99	257.84	262	98.41
VC35C-VC-54809772	6553267.0	ORR1E-int:ERVL-MaLR:LTR	1446	37	256.56	281	91.30
VC35C-VC-54809772	6553267.0	RLTR18:ERVK:LTR	610	41	255.51	286	89.34
VC35C-VC-54809772	6553267.0	MER58C:hAT-Charlie:DNA	436	209	254.07	257	98.86
VC35C-VC-54809772	6553267.0	RMER21A:ERV1:LTR	622	135	253.17	258	98.13
VC35C-VC-54809772	6553267.0	RLTR13E:ERVK:LTR	603	30	250.85	322	77.90
VC35C-VC-54809772	6553267.0	RMER13A2:ERVK:LTR	1473	81	248.61	256	97.11
VC35C-VC-54809772	6553267.0	L1MA7:L1:LINE	3250	76	246.84	265	93.15
VC35C-VC-54809772	6553267.0	MLT1E2:ERVL-MaLR:LTR	1821	108	245.89	261	94.21
VC35C-VC-54809772	6553267.0	L1MC5a:L1:LINE	2588	112	245.51	265	92.64
VC35C-VC-54809772	6553267.0	Tigger19a:TcMar-Tigger:DNA	771	213	242.34	253	95.79
VC35C-VC-54809772	6553267.0	MLTR11B:ERVK:LTR	2985	83	238.87	251	95.17
VC35C-VC-54809772	6553267.0	HAL1ME:L1:LINE	900	125	236.74	266	89.00
VC35C-VC-54809772	6553267.0	IAP-d-int:ERVK:LTR	1323	11	236.64	237	99.85
VC35C-VC-54809772	6553267.0	RLTR13B1:ERVK:LTR	1029	40	235.53	248	94.97
VC35C-VC-54809772	6553267.0	L1MA9:L1:LINE	4587	94	235.32	252	93.38
VC35C-VC-54809772	6553267.0	RLTR14_RN:ERV1:LTR	1148	76	234.14	245	95.57
VC35C-VC-54809772	6553267.0	RLTR33:ERVK:LTR	1336	51	233.47	246	94.91
VC35C-VC-54809772	6553267.0	RMER3D-int:ERVK:LTR	2711	22	233.08	242	96.31
VC35C-VC-54809772	6553267.0	L1MDa:L1:LINE	3451	81	232.32	248	93.68
VC35C-VC-54809772	6553267.0	RMER17D:ERVK:LTR	1166	76	232.18	231	100.51
VC35C-VC-54809772	6553267.0	ORR1D2-int:ERVL-MaLR:LTR	1361	37	230.79	250	92.32
VC35C-VC-54809772	6553267.0	MURVY-LTR:ERV1:LTR	1910	76	225.07	228	98.72
VC35C-VC-54809772	6553267.0	RLTR49:ERVK:LTR	933	119	224.52	242	92.78
VC35C-VC-54809772	6553267.0	RMER6B:ERVK:LTR	1360	68	222.83	241	92.46
VC35C-VC-54809772	6553267.0	RLTR20B1:ERVK:LTR	668	40	221.99	228	97.37
VC35C-VC-54809772	6553267.0	HY3:scRNA:scRNA	15	140	221.50	222	99.77
VC35C-VC-54809772	6553267.0	L1MD3:L1:LINE	2480	124	217.53	238	91.40
VC35C-VC-54809772	6553267.0	RLTR9D:ERVK:LTR	803	55	216.68	270	80.25
VC35C-VC-54809772	6553267.0	RLTR12E:ERVK:LTR	615	88	216.42	211	102.57
VC35C-VC-54809772	6553267.0	RMER17A2:ERVK:LTR	2598	27	215.05	221	97.31
VC35C-VC-54809772	6553267.0	L1ME2:L1:LINE	2633	73	212.63	229	92.85
VC35C-VC-54809772	6553267.0	L1MD1:L1:LINE	2268	81	212.28	234	90.72
VC35C-VC-54809772	6553267.0	MurERV4_19-int:ERVK:LTR	969	32	211.01	235	89.79
VC35C-VC-54809772	6553267.0	L1ME4b:L1:LINE	1818	104	208.59	221	94.38
VC35C-VC-54809772	6553267.0	RLTR44-int:ERVK:LTR	653	17	207.87	202	102.91
VC35C-VC-54809772	6553267.0	L1MEf:L1:LINE	3127	86	207.61	221	93.94
VC35C-VC-54809772	6553267.0	RLTR14:ERV1:LTR	2341	68	207.24	218	95.06
VC35C-VC-54809772	6553267.0	Charlie8:hAT-Charlie:DNA	728	98	206.64	214	96.56
VC35C-VC-54809772	6553267.0	ORR1D-int:ERVL-MaLR:LTR	878	39	205.08	226	90.74
VC35C-VC-54809772	6553267.0	ORR1C2-int:ERVL-MaLR:LTR	914	26	204.75	227	90.20
VC35C-VC-54809772	6553267.0	RMER19C:ERVK:LTR	2729	40	204.49	214	95.56
VC35C-VC-54809772	6553267.0	RMER12C:ERVK:LTR	4954	91	204.22	219	93.25
VC35C-VC-54809772	6553267.0	RLTR23:ERV1:LTR	1524	52	203.54	222	91.68
VC35C-VC-54809772	6553267.0	MLT1G1:ERVL-MaLR:LTR	1080	20	201.68	202	99.84
VC35C-VC-54809772	6553267.0	Tigger10:TcMar-Tigger:DNA	242	56	201.30	204	98.68
VC35C-VC-54809772	6553267.0	MLT1H:ERVL-MaLR:LTR	2322	88	201.23	216	93.16
VC35C-VC-54809772	6553267.0	Tigger5:TcMar-Tigger:DNA	1975	81	198.79	232	85.68
VC35C-VC-54809772	6553267.0	IAPEY4_I-int:ERVK:LTR	521	8	198.78	187	106.30
VC35C-VC-54809772	6553267.0	MuRRS4-int:ERV1:LTR	2735	37	198.21	305	64.99
VC35C-VC-54809772	6553267.0	L1ME3A:L1:LINE	2086	98	197.79	210	94.19
VC35C-VC-54809772	6553267.0	RLTR10C:ERVK:LTR	1779	51	194.25	210	92.50
VC35C-VC-54809772	6553267.0	RMER17C-int:ERVK:LTR	1940	30	194.02	202	96.05
VC35C-VC-54809772	6553267.0	MRLTR33:ERVK:LTR	624	85	193.50	197	98.22
VC35C-VC-54809772	6553267.0	MYSERV-int:ERVK:LTR	1435	37	193.10	201	96.07
VC35C-VC-54809772	6553267.0	L1M4c:L1:LINE	2049	44	191.13	212	90.16
VC35C-VC-54809772	6553267.0	RMER20A:ERVK:LTR	1559	41	188.42	216	87.23
VC35C-VC-54809772	6553267.0	RLTR18B:ERVK:LTR	989	48	187.98	203	92.60
VC35C-VC-54809772	6553267.0	MLT1F2:ERVL-MaLR:LTR	2297	86	187.35	203	92.29
VC35C-VC-54809772	6553267.0	MERV1_I-int:ERV1:LTR	1365	44	187.21	194	96.50
VC35C-VC-54809772	6553267.0	RodERV21-int:ERV1:LTR	1856	43	186.69	193	96.73
VC35C-VC-54809772	6553267.0	Tigger5b:TcMar-Tigger:DNA	2473	92	182.18	200	91.09
VC35C-VC-54809772	6553267.0	MTEa-int:ERVL-MaLR:LTR	1368	18	178.93	193	92.71
VC35C-VC-54809772	6553267.0	MMERVK10D3_I-int:ERVK:LTR	458	15	178.39	192	92.91
VC35C-VC-54809772	6553267.0	RLTR10:ERVK:LTR	2930	25	177.55	186	95.46
VC35C-VC-54809772	6553267.0	RMER20B:ERVK:LTR	1949	78	177.18	181	97.89
VC35C-VC-54809772	6553267.0	Charlie6:hAT-Charlie:DNA	148	58	176.00	176	100.00
VC35C-VC-54809772	6553267.0	RLTR12BD_Mm:ERVK:LTR	883	73	172.94	181	95.55
VC35C-VC-54809772	6553267.0	RLTR22_Mus:ERVK:LTR	1191	36	170.92	182	93.91
VC35C-VC-54809772	6553267.0	IAPLTR2_Mm:ERVK:LTR	1388	25	170.69	186	91.77
VC35C-VC-54809772	6553267.0	RLTR26_Mus:ERVK:LTR	1091	50	169.48	167	101.48
VC35C-VC-54809772	6553267.0	MER20B:hAT-Charlie:DNA	831	95	167.48	180	93.05
VC35C-VC-54809772	6553267.0	U8:snRNA:snRNA	5	30	163.00	163	100.00
VC35C-VC-54809772	6553267.0	RLTR13D6:ERVK:LTR	805	34	162.74	173	94.07
VC35C-VC-54809772	6553267.0	L1MB1:L1:LINE	2524	45	161.67	175	92.38
VC35C-VC-54809772	6553267.0	Charlie1b:hAT-Charlie:DNA	952	96	161.05	171	94.18
VC35C-VC-54809772	6553267.0	L1ME3:L1:LINE	1527	80	160.76	166	96.85
VC35C-VC-54809772	6553267.0	RLTR13A2:ERVK:LTR	151	6	159.59	160	99.74
VC35C-VC-54809772	6553267.0	RLTR10F:ERVK:LTR	482	31	159.39	161	99.00
VC35C-VC-54809772	6553267.0	Tigger15a:TcMar-Tigger:DNA	704	93	159.10	163	97.61
VC35C-VC-54809772	6553267.0	IAPEY3-int:ERVK:LTR	2345	7	158.52	162	97.85
VC35C-VC-54809772	6553267.0	RLTR9A:ERVK:LTR	648	40	157.25	169	93.05
VC35C-VC-54809772	6553267.0	MLT1J2:ERVL-MaLR:LTR	1110	125	157.24	158	99.52
VC35C-VC-54809772	6553267.0	tRNA-Glu-GAA:tRNA:tRNA	9	2	155.00	155	100.00
VC35C-VC-54809772	6553267.0	MLT1M:ERVL-MaLR:LTR	212	128	154.83	156	99.25
VC35C-VC-54809772	6553267.0	MARNA:TcMar-Mariner:DNA	562	101	154.50	156	99.04
VC35C-VC-54809772	6553267.0	L1ME3Cz:L1:LINE	1051	77	154.25	159	97.01
VC35C-VC-54809772	6553267.0	RLTR31B2:ERVK:LTR	1192	47	153.19	166	92.28
VC35C-VC-54809772	6553267.0	Cheshire:hAT-Charlie:DNA	1091	84	152.92	162	94.39
VC35C-VC-54809772	6553267.0	RMER17A:ERVK:LTR	1819	46	152.74	163	93.70
VC35C-VC-54809772	6553267.0	RMER13A1:ERVK:LTR	1082	28	152.28	153	99.53
VC35C-VC-54809772	6553267.0	RLTR12B:ERVK:LTR	909	59	151.71	158	96.02
VC35C-VC-54809772	6553267.0	RLTR12D:ERVK:LTR	647	64	147.93	154	96.06
VC35C-VC-54809772	6553267.0	MLT1F1:ERVL-MaLR:LTR	1608	71	147.64	156	94.64
VC35C-VC-54809772	6553267.0	RLTR17D_Mm:ERVK:LTR	1225	23	142.59	154	92.59
VC35C-VC-54809772	6553267.0	L1MA4A:L1:LINE	2709	36	141.94	160	88.71
VC35C-VC-54809772	6553267.0	MLT1L:ERVL-MaLR:LTR	1535	94	140.50	143	98.25
VC35C-VC-54809772	6553267.0	RLTR13D3A1:ERVK:LTR	613	24	139.55	155	90.03
VC35C-VC-54809772	6553267.0	MER2B:TcMar-Tigger:DNA	1093	82	137.49	135	101.85
VC35C-VC-54809772	6553267.0	AmnSINE2:Deu:SINE	391	122	136.33	139	98.08
VC35C-VC-54809772	6553267.0	RLTR20C2_MM:ERVK:LTR	3620	53	134.62	148	90.96
VC35C-VC-54809772	6553267.0	Tigger6a:TcMar-Tigger:DNA	369	52	134.50	138	97.46
VC35C-VC-54809772	6553267.0	MER34A1:ERV1:LTR	541	31	134.40	137	98.10
VC35C-VC-54809772	6553267.0	RLTR41C:ERV1:LTR	157	95	134.08	138	97.16
VC35C-VC-54809772	6553267.0	MERV1_LTR:ERV1:LTR	615	83	132.05	142	92.99
VC35C-VC-54809772	6553267.0	ERVB2_1A-I_MM-int:ERVK:LTR	289	20	131.39	154	85.32
VC35C-VC-54809772	6553267.0	ERVB4_1B-I_MM-int:ERVK:LTR	1368	8	130.95	152	86.15
VC35C-VC-54809772	6553267.0	L1ME2z:L1:LINE	1533	67	128.22	140	91.59
VC35C-VC-54809772	6553267.0	U13:snRNA:snRNA	13	73	127.48	129	98.82
VC35C-VC-54809772	6553267.0	RLTR13C2:ERVK:LTR	844	20	127.38	137	92.98
VC35C-VC-54809772	6553267.0	LTR72_RN:ERV1:LTR	1000	66	127.04	135	94.11
VC35C-VC-54809772	6553267.0	MLT1G3:ERVL-MaLR:LTR	1075	64	126.92	127	99.94
VC35C-VC-54809772	6553267.0	RLTR13D5:ERVK:LTR	745	34	126.65	137	92.45
VC35C-VC-54809772	6553267.0	L1M3e:L1:LINE	652	61	126.56	129	98.11
VC35C-VC-54809772	6553267.0	Tigger12:TcMar-Tigger:DNA	155	101	126.47	127	99.58
VC35C-VC-54809772	6553267.0	Tigger17a:TcMar-Tigger:DNA	908	44	125.65	135	93.07
VC35C-VC-54809772	6553267.0	L1MA5A:L1:LINE	1231	28	125.00	129	96.90
VC35C-VC-54809772	6553267.0	MMAR1:TcMar-Mariner:DNA	309	31	124.83	133	93.86
VC35C-VC-54809772	6553267.0	U14:snRNA:snRNA	4	76	124.00	124	100.00
VC35C-VC-54809772	6553267.0	MER46C:TcMar-Tigger:DNA	788	67	123.19	131	94.04
VC35C-VC-54809772	6553267.0	RMER17B2:ERVK:LTR	898	15	122.90	134	91.72
VC35C-VC-54809772	6553267.0	RLTR24:ERV1:LTR	1240	37	121.97	129	94.55
VC35C-VC-54809772	6553267.0	Charlie4a:hAT-Charlie:DNA	1121	59	120.81	127	95.12
VC35C-VC-54809772	6553267.0	MMERGLN_LTR:ERV1:LTR	435	28	118.69	115	103.21
VC35C-VC-54809772	6553267.0	MER89:ERV1:LTR	614	13	117.33	90	130.37
VC35C-VC-54809772	6553267.0	ERVL-B4-int:ERVL:LTR	1384	44	117.07	131	89.37
VC35C-VC-54809772	6553267.0	RLTR16:ERVK:LTR	1350	40	116.57	122	95.55
VC35C-VC-54809772	6553267.0	IAPLTR2a2_Mm:ERVK:LTR	1541	17	116.20	122	95.24
VC35C-VC-54809772	6553267.0	L1ME3B:L1:LINE	735	42	115.79	120	96.49
VC35C-VC-54809772	6553267.0	LTR10_RN:ERVK:LTR	546	44	115.57	120	96.31
VC35C-VC-54809772	6553267.0	MLT-int:ERVL-MaLR:LTR	846	52	115.47	121	95.43
VC35C-VC-54809772	6553267.0	Charlie2b:hAT-Charlie:DNA	884	56	114.01	121	94.22
VC35C-VC-54809772	6553267.0	tRNA-Ala-GCA:tRNA:tRNA	749	97	113.77	123	92.49
VC35C-VC-54809772	6553267.0	LTR78B:ERV1:LTR	405	101	113.72	116	98.04
VC35C-VC-54809772	6553267.0	RLTR19:ERVK:LTR	944	21	111.86	117	95.61
VC35C-VC-54809772	6553267.0	Charlie24:hAT-Charlie:DNA	374	58	111.40	121	92.06
VC35C-VC-54809772	6553267.0	RLTR30D2_MM:ERV1:LTR	741	31	111.22	116	95.88
VC35C-VC-54809772	6553267.0	L4_A_Mam:RTE-X:LINE	630	83	111.01	111	100.01
VC35C-VC-54809772	6553267.0	RLTR45:ERVK:LTR	1557	23	110.74	140	79.10
VC35C-VC-54809772	6553267.0	RMER2:ERV1:LTR	2358	41	110.60	122	90.65
VC35C-VC-54809772	6553267.0	X7B_LINE:CR1:LINE	162	36	109.25	110	99.32
VC35C-VC-54809772	6553267.0	RLTR10A:ERVK:LTR	800	51	108.76	120	90.63
VC35C-VC-54809772	6553267.0	RMER20C_Mm:ERVK:LTR	1595	37	107.34	112	95.84
VC35C-VC-54809772	6553267.0	MER53:hAT:DNA	1693	77	106.29	107	99.34
VC35C-VC-54809772	6553267.0	MERVK26-int:ERVK:LTR	1001	11	105.10	114	92.19
VC35C-VC-54809772	6553267.0	MLT1E1A:ERVL-MaLR:LTR	1154	40	104.25	108	96.53
VC35C-VC-54809772	6553267.0	L1ME3G:L1:LINE	1161	53	103.69	110	94.26
VC35C-VC-54809772	6553267.0	MamTip2:hAT-Tip100:DNA	892	95	103.62	106	97.75
VC35C-VC-54809772	6553267.0	MLT2F:ERVL:LTR	574	52	102.94	103	99.95
VC35C-VC-54809772	6553267.0	MER103C:hAT-Charlie:DNA	1072	82	102.48	109	94.01
VC35C-VC-54809772	6553267.0	MLTR73:ERV1:LTR	956	70	102.00	105	97.14
VC35C-VC-54809772	6553267.0	RLTR13A3:ERVK:LTR	243	10	101.56	98	103.63
VC35C-VC-54809772	6553267.0	RLTR20D:ERVK:LTR	777	20	101.51	119	85.30
VC35C-VC-54809772	6553267.0	MER31B:ERV1:LTR	558	39	101.39	106	95.65
VC35C-VC-54809772	6553267.0	MLTR18A_MM:ERVK:LTR	299	23	101.23	109	92.87
VC35C-VC-54809772	6553267.0	ERVB4_1B-LTR_MM:ERVK:LTR	648	66	101.00	104	97.12
VC35C-VC-54809772	6553267.0	RLTR1A2_MM:ERV1:LTR	406	15	100.88	102	98.90
VC35C-VC-54809772	6553267.0	RLTR44C:ERVK:LTR	198	25	100.85	115	87.70
VC35C-VC-54809772	6553267.0	L1M2b:L1:LINE	16	77	100.00	100	100.00
VC35C-VC-54809772	6553267.0	RLTR48A:ERV1:LTR	635	10	99.24	107	92.74
VC35C-VC-54809772	6553267.0	RLTR11C_MM:ERVK:LTR	858	24	98.73	104	94.93
VC35C-VC-54809772	6553267.0	RMER6BA:ERVK:LTR	957	43	96.55	122	79.14
VC35C-VC-54809772	6553267.0	BGLII_B:ERVK:LTR	960	24	96.13	101	95.18
VC35C-VC-54809772	6553267.0	MLT2B1:ERVL:LTR	1637	48	95.90	99	96.87
VC35C-VC-54809772	6553267.0	L1ME4c:L1:LINE	968	70	95.25	99	96.21
VC35C-VC-54809772	6553267.0	MLTR31F_MM:ERVK:LTR	403	48	94.37	100	94.37
VC35C-VC-54809772	6553267.0	RMER13A:ERVK:LTR	1010	18	94.07	98	95.99
VC35C-VC-54809772	6553267.0	LTR82A:ERVL:LTR	341	50	93.87	102	92.03
VC35C-VC-54809772	6553267.0	IAPEy-int:ERVK:LTR	755	2	93.28	86	108.46
VC35C-VC-54809772	6553267.0	RLTR18-int:ERVK:LTR	506	21	91.58	100	91.58
VC35C-VC-54809772	6553267.0	MLT2B5:ERVL:LTR	442	67	91.27	95	96.07
VC35C-VC-54809772	6553267.0	ORR1C1-int:ERVL-MaLR:LTR	783	10	91.23	95	96.03
VC35C-VC-54809772	6553267.0	MER112:hAT-Charlie:DNA	358	61	89.31	90	99.23
VC35C-VC-54809772	6553267.0	MURVY-int:ERV1:LTR	544	2	88.83	84	105.75
VC35C-VC-54809772	6553267.0	RMER12B:ERVK:LTR	1011	19	88.19	94	93.81
VC35C-VC-54809772	6553267.0	ORR1B2-int:ERVL-MaLR:LTR	857	10	87.47	94	93.06
VC35C-VC-54809772	6553267.0	RLTR26C_MM:ERVK:LTR	454	59	87.25	89	98.03
VC35C-VC-54809772	6553267.0	IAPLTR2b:ERVK:LTR	1017	22	87.18	113	77.15
VC35C-VC-54809772	6553267.0	RMER17C2:ERVK:LTR	3413	45	87.11	97	89.81
VC35C-VC-54809772	6553267.0	RLTR13C3:ERVK:LTR	538	36	86.78	92	94.32
VC35C-VC-54809772	6553267.0	RMER16C:ERVK:LTR	190	34	85.93	87	98.77
VC35C-VC-54809772	6553267.0	MTE2b-int:ERVL-MaLR:LTR	729	13	85.83	91	94.32
VC35C-VC-54809772	6553267.0	RLTR12A:ERVK:LTR	829	23	85.58	93	92.02
VC35C-VC-54809772	6553267.0	LTR40b:ERVL:LTR	577	35	85.49	89	96.06
VC35C-VC-54809772	6553267.0	MTE2a-int:ERVL-MaLR:LTR	795	17	84.82	117	72.50
VC35C-VC-54809772	6553267.0	BGLII_Mur:ERVK:LTR	611	25	83.85	94	89.20
VC35C-VC-54809772	6553267.0	RLTR13A:ERVK:LTR	211	50	82.98	100	82.98
VC35C-VC-54809772	6553267.0	MLT2B2:ERVL:LTR	1351	45	82.96	84	98.76
VC35C-VC-54809772	6553267.0	IAPLTR3-int:ERVK:LTR	1773	6	82.65	88	93.92
VC35C-VC-54809772	6553267.0	RLTR20B3A_MM:ERVK:LTR	843	42	82.33	83	99.20
VC35C-VC-54809772	6553267.0	MT-int:ERVL-MaLR:LTR	438	14	81.71	269	30.38
VC35C-VC-54809772	6553267.0	5S:rRNA:rRNA	1038	64	81.35	88	92.44
VC35C-VC-54809772	6553267.0	Tigger17c:TcMar-Tigger:DNA	649	37	81.27	87	93.41
VC35C-VC-54809772	6553267.0	RLTR30E_MM:ERV1:LTR	320	27	81.11	85	95.42
VC35C-VC-54809772	6553267.0	Charlie18a:hAT-Charlie:DNA	242	52	80.00	81	98.77
VC35C-VC-54809772	6553267.0	MamRep605:LTR?:LTR?	629	45	79.96	83	96.34
VC35C-VC-54809772	6553267.0	RLTR51A_Mm:ERVK?:LTR	3523	49	79.93	97	82.40
VC35C-VC-54809772	6553267.0	MER45B:hAT-Tip100:DNA	688	30	79.90	77	103.76
VC35C-VC-54809772	6553267.0	Lx2A1:L1:LINE	2739	24	79.43	92	86.34
VC35C-VC-54809772	6553267.0	MLT1I:ERVL-MaLR:LTR	1777	51	78.75	83	94.88
VC35C-VC-54809772	6553267.0	IAPEY_LTR:ERVK:LTR	1410	36	78.70	92	85.55
VC35C-VC-54809772	6553267.0	RMER21B:ERV1:LTR	1252	32	78.56	85	92.43
VC35C-VC-54809772	6553267.0	RLTR53_Mm:ERVK:LTR	481	44	78.13	80	97.67
VC35C-VC-54809772	6553267.0	RLTR34B_MM:ERVK:LTR	527	22	77.73	87	89.34
VC35C-VC-54809772	6553267.0	MTB_Mm-int:ERVL-MaLR:LTR	379	2	76.50	85	90.00
VC35C-VC-54809772	6553267.0	IAPLTR1a_Mm:ERVK:LTR	1786	5	76.15	128	59.49
VC35C-VC-54809772	6553267.0	MLTR18D_MM:ERVK:LTR	620	19	76.06	78	97.51
VC35C-VC-54809772	6553267.0	RMER17D2:ERVK:LTR	1783	22	76.02	79	96.22
VC35C-VC-54809772	6553267.0	MLT2D:ERVL:LTR	1567	37	75.89	79	96.06
VC35C-VC-54809772	6553267.0	RLTR9A3:ERVK:LTR	774	14	75.55	73	103.50
VC35C-VC-54809772	6553267.0	LTR16A:ERVL:LTR	1472	39	75.50	76	99.34
VC35C-VC-54809772	6553267.0	IAPEY2_LTR:ERVK:LTR	1062	13	75.27	77	97.75
VC35C-VC-54809772	6553267.0	IAPLTR4:ERVK:LTR	663	6	74.97	80	93.72
VC35C-VC-54809772	6553267.0	HY1:scRNA:scRNA	38	30	74.94	74	101.27
VC35C-VC-54809772	6553267.0	MLT2B4:ERVL:LTR	1871	31	74.83	78	95.94
VC35C-VC-54809772	6553267.0	MER119:hAT-Charlie:DNA	404	43	74.50	77	96.75
VC35C-VC-54809772	6553267.0	Charlie15a:hAT-Charlie:DNA	217	40	73.81	74	99.75
VC35C-VC-54809772	6553267.0	RLTR4_Mm:ERV1:LTR	239	8	73.78	79	93.39
VC35C-VC-54809772	6553267.0	RLTR13C1:ERVK:LTR	309	11	72.86	72	101.20
VC35C-VC-54809772	6553267.0	RLTR20B5_MM:ERVK:LTR	868	22	72.05	75	96.07
VC35C-VC-54809772	6553267.0	MER102b:hAT-Charlie:DNA	507	45	71.80	77	93.24
VC35C-VC-54809772	6553267.0	RLTR20A3_MM:ERVK:LTR	880	23	71.67	83	86.35
VC35C-VC-54809772	6553267.0	MER31A:ERV1:LTR	707	34	70.81	79	89.64
VC35C-VC-54809772	6553267.0	ERVL-E-int:ERVL:LTR	1044	29	70.71	74	95.55
VC35C-VC-54809772	6553267.0	RLTR24B_MM:ERV1:LTR	1018	37	70.52	76	92.79
VC35C-VC-54809772	6553267.0	RLTR13D2:ERVK:LTR	270	16	70.23	71	98.91
VC35C-VC-54809772	6553267.0	Lx2A:L1:LINE	1364	14	68.86	155	44.43
VC35C-VC-54809772	6553267.0	RLTR31C_MM:ERVK:LTR	726	24	68.83	87	79.12
VC35C-VC-54809772	6553267.0	HAL1M8:L1:LINE	710	32	68.75	76	90.46
VC35C-VC-54809772	6553267.0	MLT1E3:ERVL-MaLR:LTR	1020	32	68.54	74	92.62
VC35C-VC-54809772	6553267.0	RMER16A3:ERVK:LTR	699	15	68.32	84	81.33
VC35C-VC-54809772	6553267.0	MLT1H-int:ERVL-MaLR:LTR	379	56	68.00	69	98.55
VC35C-VC-54809772	6553267.0	MuRRS-int:ERV1:LTR	996	2	67.69	71	95.34
VC35C-VC-54809772	6553267.0	CR1_Mam:CR1:LINE	257	40	67.55	69	97.90
VC35C-VC-54809772	6553267.0	MER117:hAT-Charlie:DNA	745	56	67.00	69	97.10
VC35C-VC-54809772	6553267.0	MTEb-int:ERVL-MaLR:LTR	635	6	66.96	76	88.10
VC35C-VC-54809772	6553267.0	RLTR6_Mm:ERV1:LTR	237	2	66.81	66	101.23
VC35C-VC-54809772	6553267.0	Charlie4z:hAT-Charlie:DNA	431	50	66.68	70	95.25
VC35C-VC-54809772	6553267.0	ERVB3_1-I_MM-int:ERVK:LTR	134	7	66.56	70	95.09
VC35C-VC-54809772	6553267.0	ERVB7_3-LTR_MM:ERVK:LTR	319	18	65.23	69	94.54
VC35C-VC-54809772	6553267.0	ERVB4_2-I_MM-int:ERVK:LTR	313	3	64.73	246	26.31
VC35C-VC-54809772	6553267.0	RLTR6B_Mm:ERV1:LTR	646	11	64.53	76	84.91
VC35C-VC-54809772	6553267.0	MLTR18_MM:ERVK:LTR	427	17	64.15	68	94.34
VC35C-VC-54809772	6553267.0	MER74A:ERVL:LTR	731	38	64.00	67	95.52
VC35C-VC-54809772	6553267.0	RLTR1C:ERV1:LTR	697	8	63.79	63	101.25
VC35C-VC-54809772	6553267.0	RLTR20B2:ERVK:LTR	880	26	63.55	68	93.45
VC35C-VC-54809772	6553267.0	RLTR13D3:ERVK:LTR	339	6	63.38	63	100.60
VC35C-VC-54809772	6553267.0	MLTR18C_MM:ERVK:LTR	468	9	63.17	68	92.89
VC35C-VC-54809772	6553267.0	ERVB7_2-LTR_MM:ERVK:LTR	425	34	63.08	68	92.77
VC35C-VC-54809772	6553267.0	MLTR13:ERVK:LTR	205	14	62.40	69	90.44
VC35C-VC-54809772	6553267.0	Charlie12:hAT-Charlie:DNA	902	24	62.25	68	91.55
VC35C-VC-54809772	6553267.0	LTR33:ERVL:LTR	1466	36	62.00	65	95.38
VC35C-VC-54809772	6553267.0	RLTR10E:ERVK:LTR	227	19	61.04	67	91.10
VC35C-VC-54809772	6553267.0	LTR41:ERVL:LTR	506	38	61.00	63	96.83
VC35C-VC-54809772	6553267.0	X9_LINE:L1?:LINE	52	59	61.00	61	100.00
VC35C-VC-54809772	6553267.0	RLTR10D:ERVK:LTR	491	17	60.20	72	83.62
VC35C-VC-54809772	6553267.0	MamRep137:TcMar-Tigger:DNA	339	45	59.85	60	99.74
VC35C-VC-54809772	6553267.0	RLTR19C:ERVK:LTR	248	14	59.69	64	93.26
VC35C-VC-54809772	6553267.0	Charlie7:hAT-Charlie:DNA	844	31	59.47	61	97.49
VC35C-VC-54809772	6553267.0	MLT1J1:ERVL-MaLR:LTR	1135	33	59.36	62	95.74
VC35C-VC-54809772	6553267.0	MuLV-int:ERV1:LTR	392	40	59.27	87	68.13
VC35C-VC-54809772	6553267.0	tRNA-His-CAY_:tRNA:tRNA	16	19	59.00	58	101.72
VC35C-VC-54809772	6553267.0	MER77B:ERVL:LTR	505	27	58.74	60	97.89
VC35C-VC-54809772	6553267.0	MLT1G:ERVL-MaLR:LTR	896	29	58.72	65	90.33
VC35C-VC-54809772	6553267.0	MLTR31FA_MM:ERVK:LTR	525	9	58.56	63	92.95
VC35C-VC-54809772	6553267.0	LTR48:ERV1:LTR	651	35	58.50	60	97.50
VC35C-VC-54809772	6553267.0	RLTR16C_MM:ERVK:LTR	360	9	58.10	59	98.48
VC35C-VC-54809772	6553267.0	RLTR20B3:ERVK:LTR	974	28	58.00	61	95.08
VC35C-VC-54809772	6553267.0	tRNA-Tyr-TAC:tRNA:tRNA	20	48	58.00	58	100.00
VC35C-VC-54809772	6553267.0	Tigger13a:TcMar-Tigger:DNA	645	28	57.63	61	94.48
VC35C-VC-54809772	6553267.0	MER77:ERVL:LTR	570	28	57.51	61	94.28
VC35C-VC-54809772	6553267.0	RLTR30D_RN:ERV1:LTR	64	15	57.40	65	88.31
VC35C-VC-54809772	6553267.0	RMER16B2:ERVK:LTR	329	10	56.93	62	91.83
VC35C-VC-54809772	6553267.0	MER113:hAT-Charlie:DNA	643	41	56.87	61	93.23
VC35C-VC-54809772	6553267.0	MER44C:TcMar-Tigger:DNA	185	16	56.70	76	74.61
VC35C-VC-54809772	6553267.0	Tigger9b:TcMar-Tigger:DNA	360	17	56.56	59	95.86
VC35C-VC-54809772	6553267.0	LTR45:ERV1:LTR	31	15	56.49	73	77.39
VC35C-VC-54809772	6553267.0	IAPLTR2a:ERVK:LTR	627	13	55.75	74	75.34
VC35C-VC-54809772	6553267.0	MER44D:TcMar-Tigger:DNA	940	31	55.73	61	91.36
VC35C-VC-54809772	6553267.0	MLT2B3:ERVL:LTR	1483	25	55.17	61	90.44
VC35C-VC-54809772	6553267.0	Charlie10:hAT-Charlie:DNA	371	20	55.00	56	98.21
VC35C-VC-54809772	6553267.0	MER57D:ERV1:LTR	300	35	55.00	55	100.00
VC35C-VC-54809772	6553267.0	RMER16:ERVK:LTR	471	12	54.35	59	92.12
VC35C-VC-54809772	6553267.0	Plat_L3:CR1:LINE	579	31	53.46	49	109.11
VC35C-VC-54809772	6553267.0	IAPEY4_LTR:ERVK:LTR	95	7	53.44	56	95.42
VC35C-VC-54809772	6553267.0	RMER6-int:ERVK:LTR	607	3	52.82	55	96.04
VC35C-VC-54809772	6553267.0	MER68B:ERVL:LTR	237	26	52.81	54	97.80
VC35C-VC-54809772	6553267.0	LTR40a:ERVL:LTR	709	28	52.66	57	92.39
VC35C-VC-54809772	6553267.0	Kanga1:TcMar-Tc2:DNA	321	22	52.53	54	97.28
VC35C-VC-54809772	6553267.0	ORR1F-int:ERVL-MaLR:LTR	395	8	51.96	56	92.78
VC35C-VC-54809772	6553267.0	BGLII_B2:ERVK:LTR	359	27	51.50	52	99.04
VC35C-VC-54809772	6553267.0	RLTR13B3:ERVK:LTR	265	4	50.66	53	95.58
VC35C-VC-54809772	6553267.0	RLTR27:ERVK:LTR	1621	19	50.41	57	88.44
VC35C-VC-54809772	6553267.0	RLTR20A:ERVK:LTR	361	20	50.15	61	82.21
VC35C-VC-54809772	6553267.0	MLT1H2:ERVL-MaLR:LTR	1034	34	50.00	51	98.04
VC35C-VC-54809772	6553267.0	BGLII_Mus:ERVK:LTR	615	16	49.92	54	92.44
VC35C-VC-54809772	6553267.0	LTR33A:ERVL:LTR	504	28	49.50	50	99.00
VC35C-VC-54809772	6553267.0	RLTR28B:ERVL:LTR	428	14	49.37	52	94.94
VC35C-VC-54809772	6553267.0	LTRIS4A:ERV1:LTR	228	8	48.88	45	108.61
VC35C-VC-54809772	6553267.0	MLT1E1:ERVL-MaLR:LTR	576	20	48.65	49	99.28
VC35C-VC-54809772	6553267.0	RLTR11D:ERVK:LTR	529	23	48.50	50	97.01
VC35C-VC-54809772	6553267.0	RLTR12G:ERVK:LTR	238	8	48.50	49	98.98
VC35C-VC-54809772	6553267.0	L1M4a2:L1:LINE	736	17	48.45	53	91.41
VC35C-VC-54809772	6553267.0	LTR101_Mam:ERVL:LTR	157	36	48.35	49	98.66
VC35C-VC-54809772	6553267.0	MLTR25C:ERVK:LTR	504	23	48.33	51	94.77
VC35C-VC-54809772	6553267.0	MER34:ERV1:LTR	737	23	48.31	51	94.73
VC35C-VC-54809772	6553267.0	ERVB7_4-LTR_MM:ERVK:LTR	166	5	48.10	49	98.16
VC35C-VC-54809772	6553267.0	MLTR12:ERV1:LTR	477	18	47.78	55	86.88
VC35C-VC-54809772	6553267.0	L1MEb:L1:LINE	352	25	47.72	67	71.22
VC35C-VC-54809772	6553267.0	ERVB7_2B-LTR_MM:ERVK:LTR	710	12	47.69	60	79.48
VC35C-VC-54809772	6553267.0	L1ME3D:L1:LINE	323	12	47.50	49	96.94
VC35C-VC-54809772	6553267.0	Ricksha_c:MULE-MuDR:DNA	405	28	47.50	55	86.36
VC35C-VC-54809772	6553267.0	MLT1H1:ERVL-MaLR:LTR	1001	22	47.24	52	90.84
VC35C-VC-54809772	6553267.0	RLTR10D2:ERVK:LTR	225	6	47.18	51	92.51
VC35C-VC-54809772	6553267.0	MLT2C1:ERVL:LTR	872	23	47.00	49	95.92
VC35C-VC-54809772	6553267.0	RLTR26D_MM:ERVK:LTR	247	8	46.76	49	95.43
VC35C-VC-54809772	6553267.0	RLTR12H:ERVK:LTR	188	15	46.75	48	97.40
VC35C-VC-54809772	6553267.0	LTRIS3:ERV1:LTR	165	12	45.93	67	68.55
VC35C-VC-54809772	6553267.0	MER81:hAT-Blackjack:DNA	512	36	45.52	47	96.84
VC35C-VC-54809772	6553267.0	Tigger17:TcMar-Tigger:DNA	315	30	45.39	50	90.79
VC35C-VC-54809772	6553267.0	MLT1E:ERVL-MaLR:LTR	534	17	45.34	55	82.44
VC35C-VC-54809772	6553267.0	tRNA-Gln-CAG:tRNA:tRNA	25	37	44.87	39	115.05
VC35C-VC-54809772	6553267.0	LTR88c:Gypsy?:LTR	118	25	44.82	48	93.39
VC35C-VC-54809772	6553267.0	LTR16C:ERVL:LTR	1352	26	44.80	48	93.34
VC35C-VC-54809772	6553267.0	L1M7:L1:LINE	207	21	44.23	49	90.27
VC35C-VC-54809772	6553267.0	Zaphod2:hAT-Tip100:DNA	169	15	44.00	44	100.00
VC35C-VC-54809772	6553267.0	MER63D:hAT-Blackjack:DNA	1034	25	43.86	46	95.34
VC35C-VC-54809772	6553267.0	Charlie17b:hAT-Charlie:DNA	130	27	43.66	46	94.91
VC35C-VC-54809772	6553267.0	RLTR51B_Mm:ERVK?:LTR	662	20	43.50	45	96.67
VC35C-VC-54809772	6553267.0	HAL1b:L1:LINE	763	23	43.00	45	95.56
VC35C-VC-54809772	6553267.0	MER102c:hAT-Charlie:DNA	363	25	42.91	45	95.35
VC35C-VC-54809772	6553267.0	MER102a:hAT-Charlie:DNA	386	23	42.86	45	95.24
VC35C-VC-54809772	6553267.0	RLTR31_Mm:ERVK:LTR	145	16	42.70	45	94.89
VC35C-VC-54809772	6553267.0	L1M1:L1:LINE	881	19	42.53	48	88.61
VC35C-VC-54809772	6553267.0	RNERVK23-int:ERVK:LTR	45	17	42.39	57	74.37
VC35C-VC-54809772	6553267.0	HERVL74-int:ERVL:LTR	149	10	42.31	40	105.76
VC35C-VC-54809772	6553267.0	MMTV-int:ERVK:LTR	35	3	42.03	41	102.52
VC35C-VC-54809772	6553267.0	MER91A:hAT-Tip100:DNA	370	28	41.87	39	107.37
VC35C-VC-54809772	6553267.0	Charlie2a:hAT-Charlie:DNA	505	15	41.75	45	92.78
VC35C-VC-54809772	6553267.0	MER47B:TcMar-Tigger:DNA	509	19	41.50	42	98.81
VC35C-VC-54809772	6553267.0	HERVL40-int:ERVL:LTR	204	21	41.32	45	91.82
VC35C-VC-54809772	6553267.0	MamRep434:TcMar-Tigger:DNA	518	29	41.00	41	100.00
VC35C-VC-54809772	6553267.0	MER92B:ERV1:LTR	238	24	41.00	42	97.62
VC35C-VC-54809772	6553267.0	RLTR9D2:ERVK:LTR	194	15	40.83	42	97.22
VC35C-VC-54809772	6553267.0	LTR40c:ERVL:LTR	248	26	40.65	42	96.80
VC35C-VC-54809772	6553267.0	LTR67B:ERVL:LTR	632	24	40.53	42	96.50
VC35C-VC-54809772	6553267.0	Looper:PiggyBac:DNA	209	13	40.50	44	92.05
VC35C-VC-54809772	6553267.0	RLTR8:ERVK:LTR	241	12	40.50	41	98.78
VC35C-VC-54809772	6553267.0	MER104:TcMar-Tc2:DNA	295	29	40.43	41	98.61
VC35C-VC-54809772	6553267.0	Charlie15b:hAT-Charlie:DNA	272	19	39.98	42	95.18
VC35C-VC-54809772	6553267.0	RLTR10B2:ERVK:LTR	854	9	39.90	47	84.89
VC35C-VC-54809772	6553267.0	Kanga2_a:TcMar-Tc2:DNA	356	22	39.50	41	96.34
VC35C-VC-54809772	6553267.0	Arthur1:hAT-Tip100:DNA	920	20	39.04	41	95.22
VC35C-VC-54809772	6553267.0	L4_C_Mam:RTE-X:LINE	590	29	39.00	39	100.00
VC35C-VC-54809772	6553267.0	MLT1N2:ERVL-MaLR:LTR	692	24	38.83	40	97.08
VC35C-VC-54809772	6553267.0	L1MDb:L1:LINE	583	18	38.50	40	96.25
VC35C-VC-54809772	6553267.0	MER67B:ERV1:LTR	220	16	38.47	40	96.17
VC35C-VC-54809772	6553267.0	MER58D:hAT-Charlie:DNA	292	28	38.00	39	97.44
VC35C-VC-54809772	6553267.0	tRNA-Gly-GGA:tRNA:tRNA	86	22	37.93	36	105.36
VC35C-VC-54809772	6553267.0	Tigger18a:TcMar-Tigger:DNA	240	18	37.72	40	94.30
VC35C-VC-54809772	6553267.0	RMER16A2:ERVK:LTR	273	7	37.54	178	21.09
VC35C-VC-54809772	6553267.0	RLTR19A:ERVK:LTR	153	17	37.43	40	93.58
VC35C-VC-54809772	6553267.0	L1MCc:L1:LINE	529	18	37.17	40	92.92
VC35C-VC-54809772	6553267.0	IAPEY3_LTR:ERVK:LTR	553	18	37.00	39	94.88
VC35C-VC-54809772	6553267.0	MLT2C2:ERVL:LTR	651	21	37.00	40	92.50
VC35C-VC-54809772	6553267.0	BGLII_A:ERVK:LTR	292	8	36.34	45	80.75
VC35C-VC-54809772	6553267.0	MER34A:ERV1:LTR	694	19	36.29	38	95.51
VC35C-VC-54809772	6553267.0	RLTR30:ERV1:LTR	390	12	36.16	39	92.72
VC35C-VC-54809772	6553267.0	RLTR1D2_MM:ERV1:LTR	192	4	36.07	37	97.48
VC35C-VC-54809772	6553267.0	ERVB5_1-I_MM-int:ERVK:LTR	292	5	36.00	36	100.00
VC35C-VC-54809772	6553267.0	MER63A:hAT-Blackjack:DNA	635	25	36.00	36	100.00
VC35C-VC-54809772	6553267.0	MER91B:hAT-Tip100:DNA	229	29	36.00	36	100.00
VC35C-VC-54809772	6553267.0	RLTR20A2:ERVK:LTR	368	13	36.00	36	100.00
VC35C-VC-54809772	6553267.0	RLTR13B4:ERVK:LTR	412	14	35.87	41	87.49
VC35C-VC-54809772	6553267.0	RLTR19B:ERVK:LTR	224	5	35.77	37	96.68
VC35C-VC-54809772	6553267.0	RLTR30B_MM:ERV1:LTR	283	9	35.67	38	93.86
VC35C-VC-54809772	6553267.0	ERVB4_1-I_MM-int:ERVK:LTR	296	5	35.50	36	98.61
VC35C-VC-54809772	6553267.0	LTR87:ERVL?:LTR	214	22	35.50	37	95.95
VC35C-VC-54809772	6553267.0	MLT1O:ERVL-MaLR:LTR	538	22	35.30	38	92.89
VC35C-VC-54809772	6553267.0	RLTR41A2:ERV1:LTR	440	6	35.30	51	69.21
VC35C-VC-54809772	6553267.0	MLT1F-int:ERVL-MaLR:LTR	417	18	35.00	36	97.22
VC35C-VC-54809772	6553267.0	RMER16_Mm:ERVK:LTR	435	7	34.82	39	89.28
VC35C-VC-54809772	6553267.0	LTRIS_Mm:ERV1:LTR	555	7	34.18	35	97.65
VC35C-VC-54809772	6553267.0	Helitron3Na_Mam:Helitron:RC	191	27	34.00	34	100.00
VC35C-VC-54809772	6553267.0	L1M4a1:L1:LINE	607	17	34.00	36	94.44
VC35C-VC-54809772	6553267.0	Tigger16b:TcMar-Tigger:DNA	197	20	34.00	34	100.00
VC35C-VC-54809772	6553267.0	L1M3de:L1:LINE	157	12	33.78	30	112.59
VC35C-VC-54809772	6553267.0	MER44A:TcMar-Tigger:DNA	661	17	33.50	35	95.71
VC35C-VC-54809772	6553267.0	ERVB5_2-LTR_MM:ERVK:LTR	520	12	33.27	34	97.85
VC35C-VC-54809772	6553267.0	L1MCb:L1:LINE	713	12	33.00	34	97.06
VC35C-VC-54809772	6553267.0	LTR41B:ERVL:LTR	290	19	33.00	34	97.06
VC35C-VC-54809772	6553267.0	RLTR44E:ERVK:LTR	122	6	32.91	32	102.85
VC35C-VC-54809772	6553267.0	RLTR13D3A:ERVK:LTR	162	6	32.86	35	93.90
VC35C-VC-54809772	6553267.0	L1MA10:L1:LINE	866	19	32.85	37	88.78
VC35C-VC-54809772	6553267.0	RLTR13A1:ERVK:LTR	205	3	32.81	35	93.75
VC35C-VC-54809772	6553267.0	RLTR1D:ERV1:LTR	305	13	32.67	35	93.33
VC35C-VC-54809772	6553267.0	MLT1D-int:ERVL-MaLR:LTR	176	6	32.66	36	90.73
VC35C-VC-54809772	6553267.0	MER45A:hAT-Tip100:DNA	769	22	32.50	33	98.48
VC35C-VC-54809772	6553267.0	tRNA-Asp-GAY:tRNA:tRNA	33	4	32.16	27	119.10
VC35C-VC-54809772	6553267.0	MER90a:ERV1:LTR	581	18	32.00	33	96.97
VC35C-VC-54809772	6553267.0	RLTR31_Mur:ERVK:LTR	354	7	32.00	34	94.12
VC35C-VC-54809772	6553267.0	Tigger14a:TcMar-Tigger:DNA	225	21	32.00	32	100.00
VC35C-VC-54809772	6553267.0	Tigger16a:TcMar-Tigger:DNA	290	23	32.00	33	96.97
VC35C-VC-54809772	6553267.0	Tigger9a:TcMar-Tigger:DNA	200	21	31.71	36	88.08
VC35C-VC-54809772	6553267.0	LTR37-int:ERV1:LTR	239	5	31.50	31	101.61
VC35C-VC-54809772	6553267.0	RLTR30D_MM:ERV1:LTR	268	7	31.50	34	92.64
VC35C-VC-54809772	6553267.0	Arthur1B:hAT-Tip100:DNA	597	18	30.79	31	99.32
VC35C-VC-54809772	6553267.0	ERVL-int:ERVL:LTR	721	13	30.50	31	98.39
VC35C-VC-54809772	6553267.0	MER105:DNA:DNA	171	27	30.50	32	95.31
VC35C-VC-54809772	6553267.0	Charlie16a:hAT-Charlie:DNA	197	17	30.23	31	97.53
VC35C-VC-54809772	6553267.0	MLTR31C_MM:ERVK:LTR	227	12	29.50	31	95.16
VC35C-VC-54809772	6553267.0	X6B_LINE:CR1:LINE	274	27	29.33	30	97.78
VC35C-VC-54809772	6553267.0	LTR79:ERVL:LTR	380	15	29.18	32	91.18
VC35C-VC-54809772	6553267.0	RLTR13F:ERVK:LTR	98	6	29.00	29	100.00
VC35C-VC-54809772	6553267.0	RLTR34D_MM:ERVK:LTR	410	12	28.99	31	93.51
VC35C-VC-54809772	6553267.0	MLT1-int:ERVL-MaLR:LTR	285	15	28.92	30	96.41
VC35C-VC-54809772	6553267.0	MLTR31D_MM:ERVK:LTR	318	5	28.23	32	88.20
VC35C-VC-54809772	6553267.0	RLTR26B_MM:ERVK:LTR	507	9	28.07	31	90.55
VC35C-VC-54809772	6553267.0	RLTR34C_MM:ERVK:LTR	402	6	28.00	29	96.55
VC35C-VC-54809772	6553267.0	tRNA-Leu-TTA:tRNA:tRNA	18	8	28.00	28	100.00
VC35C-VC-54809772	6553267.0	SRV_MM-int:ERVK:LTR	129	12	27.90	30	93.00
VC35C-VC-54809772	6553267.0	RLTR20B4_MM:ERVK:LTR	416	8	27.53	29	94.94
VC35C-VC-54809772	6553267.0	L1ME3F:L1:LINE	308	12	27.50	30	91.67
VC35C-VC-54809772	6553267.0	MER131:SINE?:SINE?	274	14	27.50	27	101.85
VC35C-VC-54809772	6553267.0	X6A_LINE:CR1:LINE	145	23	27.00	27	100.00
VC35C-VC-54809772	6553267.0	MER99:hAT?:DNA	198	13	26.50	26	101.92
VC35C-VC-54809772	6553267.0	MER96B:hAT-Tip100:DNA	410	11	26.47	26	101.80
VC35C-VC-54809772	6553267.0	L1ME3C:L1:LINE	326	14	26.31	27	97.46
VC35C-VC-54809772	6553267.0	MER63B:hAT-Blackjack:DNA	701	17	26.25	27	97.22
VC35C-VC-54809772	6553267.0	MER31-int:ERV1:LTR	149	10	26.14	27	96.81
VC35C-VC-54809772	6553267.0	MLTR32C_MM:ERVK:LTR	127	7	26.11	28	93.25
VC35C-VC-54809772	6553267.0	RLTR20A2B_MM:ERVK:LTR	438	11	26.00	27	96.30
VC35C-VC-54809772	6553267.0	Kanga1c:TcMar-Tc2:DNA	184	16	25.83	28	92.25
VC35C-VC-54809772	6553267.0	RLTR9A2:ERVK:LTR	227	14	25.67	28	91.66
VC35C-VC-54809772	6553267.0	MLT1B-int:ERVL-MaLR:LTR	165	9	25.66	27	95.02
VC35C-VC-54809772	6553267.0	L1ME3E:L1:LINE	327	12	25.56	28	91.27
VC35C-VC-54809772	6553267.0	RLTR9C:ERVK:LTR	477	5	25.50	28	91.06
VC35C-VC-54809772	6553267.0	LTR16E1:ERVL:LTR	514	20	25.37	26	97.59
VC35C-VC-54809772	6553267.0	LTR33C:ERVL:LTR	232	21	25.33	26	97.44
VC35C-VC-54809772	6553267.0	Charlie26a:hAT-Charlie:DNA	98	15	25.00	25	100.00
VC35C-VC-54809772	6553267.0	MER115:hAT-Tip100:DNA	521	17	25.00	26	96.15
VC35C-VC-54809772	6553267.0	MER50B:ERV1:LTR	14	20	25.00	25	100.00
VC35C-VC-54809772	6553267.0	Ricksha_c:MuDR:DNA	26	18	25.00	32	78.12
VC35C-VC-54809772	6553267.0	RLTR35B_MM:ERVL:LTR	492	12	25.00	26	96.15
VC35C-VC-54809772	6553267.0	RMER17A-int:ERVK:LTR	409	8	24.83	27	91.98
VC35C-VC-54809772	6553267.0	tRNA-Gly-GGY:tRNA:tRNA	52	10	24.83	25	99.33
VC35C-VC-54809772	6553267.0	MER54A:ERVL:LTR	273	12	24.71	26	95.03
VC35C-VC-54809772	6553267.0	tRNA-Lys-AAG:tRNA:tRNA	184	16	24.58	26	94.53
VC35C-VC-54809772	6553267.0	tRNA-Glu-GAG_:tRNA:tRNA	39	11	24.39	22	110.86
VC35C-VC-54809772	6553267.0	Eulor2B:DNA?:DNA?	42	23	24.00	24	100.00
VC35C-VC-54809772	6553267.0	LTR33A_:ERVL:LTR	474	16	24.00	25	96.00
VC35C-VC-54809772	6553267.0	RLTR13D4:ERVK:LTR	205	4	23.81	29	82.10
VC35C-VC-54809772	6553267.0	RLTR9A3A:ERVK:LTR	222	6	23.73	30	79.09
VC35C-VC-54809772	6553267.0	RLTR17C_Mm:ERVK:LTR	218	4	23.67	26	91.03
VC35C-VC-54809772	6553267.0	BLACKJACK:hAT-Blackjack:DNA	716	8	23.50	26	90.38
VC35C-VC-54809772	6553267.0	MER106A:hAT-Charlie:DNA	115	20	23.50	24	97.92
VC35C-VC-54809772	6553267.0	L1M:L1:LINE	459	12	23.28	25	93.12
VC35C-VC-54809772	6553267.0	LTR104_Mam:Gypsy:LTR	254	21	23.00	23	100.00
VC35C-VC-54809772	6553267.0	MLTR31A_MM:ERVK:LTR	352	5	22.50	23	97.83
VC35C-VC-54809772	6553267.0	RLTR48B:ERV1:LTR	110	10	22.50	23	97.83
VC35C-VC-54809772	6553267.0	Tigger2b:TcMar-Tigger:DNA	176	13	22.50	23	97.83
VC35C-VC-54809772	6553267.0	Charlie17:hAT-Charlie:DNA	134	12	22.49	27	83.30
VC35C-VC-54809772	6553267.0	RLTR26:ERVK:LTR	408	7	22.47	27	83.21
VC35C-VC-54809772	6553267.0	L1M3c:L1:LINE	337	7	22.41	24	93.37
VC35C-VC-54809772	6553267.0	MLT1F2-int:ERVL-MaLR:LTR	68	7	22.25	24	92.71
VC35C-VC-54809772	6553267.0	L4_B_Mam:RTE-X:LINE	361	15	22.22	25	88.88
VC35C-VC-54809772	6553267.0	RLTR9F:ERVK:LTR	411	3	21.87	24	91.11
VC35C-VC-54809772	6553267.0	RLTR10B:ERVK:LTR	477	3	21.63	34	63.61
VC35C-VC-54809772	6553267.0	MER94:hAT-Blackjack:DNA	466	18	21.50	22	97.73
VC35C-VC-54809772	6553267.0	Charlie19a:hAT-Charlie:DNA	240	14	21.09	22	95.85
VC35C-VC-54809772	6553267.0	RLTR31B_Mm:ERVK:LTR	349	8	21.08	23	91.67
VC35C-VC-54809772	6553267.0	tRNA-Ser-TCY:tRNA:tRNA	12	20	21.00	21	100.00
VC35C-VC-54809772	6553267.0	LTR78:ERV1:LTR	583	12	20.84	22	94.72
VC35C-VC-54809772	6553267.0	Chap1_Mam:hAT-Charlie:DNA	153	12	20.80	29	71.72
VC35C-VC-54809772	6553267.0	ERV3-16A3_I-int:ERVL:LTR	908	6	20.50	22	93.18
VC35C-VC-54809772	6553267.0	MER63C:hAT-Blackjack:DNA	414	13	20.50	21	97.62
VC35C-VC-54809772	6553267.0	MER67C:ERV1:LTR	620	11	20.50	21	97.62
VC35C-VC-54809772	6553267.0	MER106B:hAT-Charlie:DNA	242	13	20.33	22	92.42
VC35C-VC-54809772	6553267.0	RLTR5_Mm:ERV1:LTR	601	5	20.32	22	92.36
VC35C-VC-54809772	6553267.0	RLTR9B:ERVK:LTR	206	7	20.25	21	96.42
VC35C-VC-54809772	6553267.0	MER34-int:ERV1:LTR	66	7	20.07	20	100.35
VC35C-VC-54809772	6553267.0	MER113A:hAT-Charlie:DNA	140	13	20.00	20	100.00
VC35C-VC-54809772	6553267.0	MER57C2:ERV1:LTR	415	14	19.86	21	94.55
VC35C-VC-54809772	6553267.0	MER68-int:ERVL:LTR	77	6	19.50	21	92.85
VC35C-VC-54809772	6553267.0	RLTR9A3B:ERVK:LTR	346	8	19.50	22	88.64
VC35C-VC-54809772	6553267.0	MER76:ERVL:LTR	247	7	19.47	23	84.66
VC35C-VC-54809772	6553267.0	tRNA-Ser-AGY:tRNA:tRNA	15	14	19.33	19	101.75
VC35C-VC-54809772	6553267.0	Charlie13a:hAT-Charlie:DNA	184	13	19.00	20	95.00
VC35C-VC-54809772	6553267.0	MER45R:hAT-Tip100:DNA	375	17	19.00	20	95.00
VC35C-VC-54809772	6553267.0	MER50:ERV1:LTR	13	18	19.00	19	100.00
VC35C-VC-54809772	6553267.0	RLTR20C:ERVK:LTR	263	9	19.00	20	95.01
VC35C-VC-54809772	6553267.0	Tigger8:TcMar-Tigger:DNA	121	15	19.00	19	100.00
VC35C-VC-54809772	6553267.0	RMER16B:ERVK:LTR	84	8	18.88	19	99.38
VC35C-VC-54809772	6553267.0	LTRIS4:ERV1:LTR	147	1	18.86	26	72.53
VC35C-VC-54809772	6553267.0	IAPLTR3:ERVK:LTR	959	3	18.69	22	84.97
VC35C-VC-54809772	6553267.0	L1M2c:L1:LINE	321	5	18.50	21	88.10
VC35C-VC-54809772	6553267.0	RLTR13D1:ERVK:LTR	255	4	18.50	20	92.50
VC35C-VC-54809772	6553267.0	Tigger6b:TcMar-Tigger:DNA	217	12	18.50	19	97.37
VC35C-VC-54809772	6553267.0	Zaphod:hAT-Tip100:DNA	728	8	18.43	32	57.60
VC35C-VC-54809772	6553267.0	Kanga11a:TcMar-Tc2:DNA	187	11	18.00	18	100.00
VC35C-VC-54809772	6553267.0	LTR16B1:ERVL:LTR	299	9	18.00	18	100.00
VC35C-VC-54809772	6553267.0	LTR37A:ERV1:LTR	549	10	18.00	19	94.74
VC35C-VC-54809772	6553267.0	LTR89:ERVL?:LTR	146	12	18.00	18	100.00
VC35C-VC-54809772	6553267.0	MLT1J-int:ERVL-MaLR:LTR	506	10	18.00	19	94.74
VC35C-VC-54809772	6553267.0	tRNA-Ser-TCG:tRNA:tRNA	5	10	18.00	18	100.00
VC35C-VC-54809772	6553267.0	X7C_LINE:CR1:LINE	155	17	18.00	19	94.74
VC35C-VC-54809772	6553267.0	LTR31:ERV1:LTR	187	4	17.50	19	92.11
VC35C-VC-54809772	6553267.0	RLTR48C:ERV1:LTR	149	7	17.50	18	97.22
VC35C-VC-54809772	6553267.0	UCON29:PiggyBac?:DNA	141	9	17.50	18	97.22
VC35C-VC-54809772	6553267.0	IAPEY3C_LTR:ERVK:LTR	475	4	17.14	17	100.84
VC35C-VC-54809772	6553267.0	Zaphod3:hAT-Tip100:DNA	454	9	17.14	18	95.24
VC35C-VC-54809772	6553267.0	L1MEa:L1:LINE	169	9	17.00	18	94.44
VC35C-VC-54809772	6553267.0	MER124:DNA?:DNA?	252	11	17.00	17	100.00
VC35C-VC-54809772	6553267.0	tRNA-Asn-AAC:tRNA:tRNA	27	9	17.00	17	100.00
VC35C-VC-54809772	6553267.0	tRNA-Gln-CAA_:tRNA:tRNA	4	17	17.00	17	100.00
VC35C-VC-54809772	6553267.0	X3_LINE:RTE-BovB:LINE	260	14	17.00	18	94.44
VC35C-VC-54809772	6553267.0	UCON23:hAT?:DNA	22	16	16.71	17	98.30
VC35C-VC-54809772	6553267.0	Charlie29a:hAT-Charlie:DNA	324	9	16.50	18	91.67
VC35C-VC-54809772	6553267.0	LTR16A2:ERVL:LTR	416	11	16.50	17	97.06
VC35C-VC-54809772	6553267.0	MLT1A0-int:ERVL-MaLR:LTR	206	5	16.50	17	97.06
VC35C-VC-54809772	6553267.0	ORSL:hAT-Tip100:DNA	281	14	16.50	17	97.06
VC35C-VC-54809772	6553267.0	IAP1-MM_LTR:ERVK:LTR	420	5	16.40	21	78.12
VC35C-VC-54809772	6553267.0	LTR81B:Gypsy:LTR	204	14	16.35	17	96.19
VC35C-VC-54809772	6553267.0	RLTR31M:ERVK:LTR	264	1	16.06	22	73.00
VC35C-VC-54809772	6553267.0	hAT-N1_Mam:hAT?:DNA	185	11	16.00	16	100.00
VC35C-VC-54809772	6553267.0	MER74B:ERVL:LTR	324	9	16.00	16	100.00
VC35C-VC-54809772	6553267.0	LTR33B:ERVL:LTR	268	13	15.93	16	99.56
VC35C-VC-54809772	6553267.0	tRNA-Val-GTY:tRNA:tRNA	18	13	15.59	17	91.72
VC35C-VC-54809772	6553267.0	ERVB5_1-LTR_MM:ERVK:LTR	143	6	15.50	16	96.88
VC35C-VC-54809772	6553267.0	LTR65:ERV1:LTR	162	6	15.50	17	91.18
VC35C-VC-54809772	6553267.0	LTR84a:ERVL:LTR	136	5	15.50	16	96.88
VC35C-VC-54809772	6553267.0	MER54B:ERVL:LTR	114	4	15.50	16	96.88
VC35C-VC-54809772	6553267.0	Tigger20a:TcMar-Tigger:DNA	188	9	15.50	16	96.88
VC35C-VC-54809772	6553267.0	tRNA-Lys-AAA:tRNA:tRNA	22	10	15.33	14	109.52
VC35C-VC-54809772	6553267.0	L1M3d:L1:LINE	171	10	15.27	14	109.06
VC35C-VC-54809772	6553267.0	RLTR44A:ERVK:LTR	259	4	15.10	17	88.80
VC35C-VC-54809772	6553267.0	Charlie23a:hAT-Charlie:DNA	157	8	15.00	16	93.75
VC35C-VC-54809772	6553267.0	Kanga1b:TcMar-Tc2:DNA	121	10	15.00	16	93.75
VC35C-VC-54809772	6553267.0	L1M8:L1:LINE	201	11	15.00	15	100.00
VC35C-VC-54809772	6553267.0	LTR37B:ERV1:LTR	386	4	15.00	16	93.75
VC35C-VC-54809772	6553267.0	LTR48B:ERV1:LTR	302	7	15.00	15	100.00
VC35C-VC-54809772	6553267.0	RLTR12B2:ERVK:LTR	95	5	15.00	16	93.75
VC35C-VC-54809772	6553267.0	tRNA-Ile-ATA:tRNA:tRNA	26	6	15.00	15	100.00
VC35C-VC-54809772	6553267.0	X8_LINE:CR1:LINE	158	11	15.00	15	100.00
VC35C-VC-54809772	6553267.0	MMERVK10D3_LTR:ERVK:LTR	174	3	14.90	23	64.77
VC35C-VC-54809772	6553267.0	ERVB3_1-LTR_MM:ERVK:LTR	158	5	14.73	18	81.81
VC35C-VC-54809772	6553267.0	LTR84b:ERVL:LTR	187	9	14.50	15	96.67
VC35C-VC-54809772	6553267.0	MamRep1151:LTR?:LTR?	249	9	14.50	15	96.67
VC35C-VC-54809772	6553267.0	MER92-int:ERV1:LTR	324	8	14.50	15	96.67
VC35C-VC-54809772	6553267.0	RLTR31A_Mm:ERVK:LTR	209	2	14.50	15	96.67
VC35C-VC-54809772	6553267.0	tRNA-Ala-GCG:tRNA:tRNA	194	10	14.33	15	95.56
VC35C-VC-54809772	6553267.0	LTR81C:Gypsy:LTR	99	14	14.00	14	100.00
VC35C-VC-54809772	6553267.0	MER121:TcMar?:DNA	588	8	14.00	14	100.00
VC35C-VC-54809772	6553267.0	tRNA-Ala-GCY:tRNA:tRNA	12	13	14.00	14	100.00
VC35C-VC-54809772	6553267.0	FAM:Alu:SINE	117	7	13.50	16	84.38
VC35C-VC-54809772	6553267.0	MLTR31E_MM:ERVK:LTR	164	5	13.50	14	96.43
VC35C-VC-54809772	6553267.0	RLTR9B2:ERVK:LTR	178	3	13.50	14	96.43
VC35C-VC-54809772	6553267.0	MER126:DNA:DNA	118	10	13.15	11	119.57
VC35C-VC-54809772	6553267.0	Kanga1d:TcMar-Tc2:DNA	131	11	13.00	13	100.00
VC35C-VC-54809772	6553267.0	LTR16D2:ERVL:LTR	65	10	13.00	13	100.00
VC35C-VC-54809772	6553267.0	MER135:DNA:DNA	287	10	13.00	13	100.00
VC35C-VC-54809772	6553267.0	X7A_LINE:CR1:LINE	159	13	13.00	13	100.00
VC35C-VC-54809772	6553267.0	tRNA-Val-GTG:tRNA:tRNA	25	7	12.80	14	91.43
VC35C-VC-54809772	6553267.0	HERV16-int:ERVL:LTR	277	7	12.76	14	91.11
VC35C-VC-54809772	6553267.0	Charlie9:hAT-Charlie:DNA	232	9	12.50	13	96.15
VC35C-VC-54809772	6553267.0	Charlie22a:hAT-Charlie:DNA	163	9	12.00	12	100.00
VC35C-VC-54809772	6553267.0	HAL1_SS:L1:LINE	79	7	12.00	12	100.00
VC35C-VC-54809772	6553267.0	L1MEg1:L1:LINE	92	8	12.00	12	100.00
VC35C-VC-54809772	6553267.0	L1PB4:L1:LINE	144	4	12.00	12	100.00
VC35C-VC-54809772	6553267.0	LTR16E2:ERVL:LTR	423	9	12.00	12	100.00
VC35C-VC-54809772	6553267.0	LTR53:ERVL:LTR	226	7	12.00	12	100.00
VC35C-VC-54809772	6553267.0	LTRIS5:ERV1:LTR	85	6	12.00	12	100.00
VC35C-VC-54809772	6553267.0	MADE2:TcMar-Mariner:DNA	208	11	12.00	12	100.00
VC35C-VC-54809772	6553267.0	MamRep1527:LTR:LTR	372	9	12.00	13	92.31
VC35C-VC-54809772	6553267.0	MER127:TcMar-Tigger:DNA	119	8	12.00	12	100.00
VC35C-VC-54809772	6553267.0	MER57-int:ERV1:LTR	202	7	12.00	14	85.71
VC35C-VC-54809772	6553267.0	MER70A:ERVL:LTR	184	7	12.00	13	92.31
VC35C-VC-54809772	6553267.0	RLTR47:ERVK:LTR	209	5	12.00	13	92.31
VC35C-VC-54809772	6553267.0	tRNA-Leu-CTY:tRNA:tRNA	8	12	12.00	12	100.00
VC35C-VC-54809772	6553267.0	tRNA-Leu-TTG:tRNA:tRNA	24	3	12.00	12	100.00
VC35C-VC-54809772	6553267.0	IAPA_MM-int:ERVK:LTR	126	1	11.64	70	16.63
VC35C-VC-54809772	6553267.0	RLTR1F_Mm:ERVK:LTR	83	6	11.51	14	82.25
VC35C-VC-54809772	6553267.0	Charlie7a:hAT-Charlie:DNA	102	7	11.50	12	95.83
VC35C-VC-54809772	6553267.0	MER90:ERV1:LTR	245	7	11.50	12	95.83
VC35C-VC-54809772	6553267.0	Ricksha:MuDR:DNA	85	1	11.50	12	95.83
VC35C-VC-54809772	6553267.0	RLTR46B:ERVK:LTR	73	2	11.50	12	95.83
VC35C-VC-54809772	6553267.0	MER5C:hAT-Charlie:DNA	242	9	11.47	12	95.59
VC35C-VC-54809772	6553267.0	MamGypLTR1b:Gypsy:LTR	141	9	11.44	12	95.32
VC35C-VC-54809772	6553267.0	Charlie13b:hAT-Charlie:DNA	114	3	11.00	11	100.00
VC35C-VC-54809772	6553267.0	LTR86B1:ERVL:LTR	49	11	11.00	11	100.00
VC35C-VC-54809772	6553267.0	MER70B:ERVL:LTR	254	7	11.00	11	100.00
VC35C-VC-54809772	6553267.0	RLTR43C:ERVK:LTR	264	6	11.00	11	100.00
VC35C-VC-54809772	6553267.0	tRNA-Arg-CGY_:tRNA:tRNA	21	8	11.00	11	100.00
VC35C-VC-54809772	6553267.0	L1M2a:L1:LINE	208	3	10.99	12	91.60
VC35C-VC-54809772	6553267.0	Charlie4:hAT-Charlie:DNA	161	7	10.96	12	91.30
VC35C-VC-54809772	6553267.0	IAPLTR4_I:ERVK:LTR	183	0	10.83	13	83.32
VC35C-VC-54809772	6553267.0	L1MEh:L1:LINE	202	7	10.80	12	90.00
VC35C-VC-54809772	6553267.0	ERV3-16A3_LTR:ERVL:LTR	279	5	10.50	11	95.45
VC35C-VC-54809772	6553267.0	LTR16A1:ERVL:LTR	654	4	10.50	11	95.45
VC35C-VC-54809772	6553267.0	L1ME5:L1:LINE	146	6	10.41	11	94.61
VC35C-VC-54809772	6553267.0	L1M3b:L1:LINE	169	2	10.33	11	93.94
VC35C-VC-54809772	6553267.0	LTR16D:ERVL:LTR	185	3	10.33	11	93.94
VC35C-VC-54809772	6553267.0	Eulor2A:DNA?:DNA?	41	9	10.00	10	100.00
VC35C-VC-54809772	6553267.0	IAPEY5_LTR:ERVK:LTR	237	4	10.00	10	100.00
VC35C-VC-54809772	6553267.0	LTR28B:ERV1:LTR	144	6	10.00	11	90.91
VC35C-VC-54809772	6553267.0	Mam_R4:Dong-R4:LINE	138	8	10.00	10	100.00
VC35C-VC-54809772	6553267.0	MER57E1:ERV1:LTR	210	2	9.96	13	76.60
VC35C-VC-54809772	6553267.0	RMER16B3:ERVK:LTR	101	3	9.76	12	81.37
VC35C-VC-54809772	6553267.0	MER52-int:ERV1:LTR	206	5	9.67	11	87.91
VC35C-VC-54809772	6553267.0	MER21-int:ERVL:LTR	105	3	9.54	11	86.72
VC35C-VC-54809772	6553267.0	MamTip3:hAT-Tip100:DNA	180	8	9.33	10	93.33
VC35C-VC-54809772	6553267.0	Charlie21a:hAT-Charlie:DNA	174	8	9.00	10	90.00
VC35C-VC-54809772	6553267.0	Charlie25:hAT-Charlie:DNA	301	5	9.00	10	90.00
VC35C-VC-54809772	6553267.0	Eulor9A:DNA:DNA	60	5	9.00	9	100.00
VC35C-VC-54809772	6553267.0	LTR73:ERV1:LTR	137	3	9.00	9	100.00
VC35C-VC-54809772	6553267.0	LTR9:ERV1:LTR	13	9	9.00	9	100.00
VC35C-VC-54809772	6553267.0	RLTR19A2:ERVK:LTR	94	5	9.00	9	100.00
VC35C-VC-54809772	6553267.0	RLTR20A1:ERVK:LTR	98	0	9.00	9	100.00
VC35C-VC-54809772	6553267.0	RLTR42:ERVK:LTR	266	2	9.00	12	75.00
VC35C-VC-54809772	6553267.0	Charlie11:hAT-Charlie:DNA	52	4	8.67	10	86.67
VC35C-VC-54809772	6553267.0	Arthur1A:hAT-Tip100:DNA	148	5	8.50	9	94.44
VC35C-VC-54809772	6553267.0	Charlie20a:hAT-Charlie:DNA	161	5	8.50	10	85.00
VC35C-VC-54809772	6553267.0	L1MEj:L1:LINE	178	7	8.50	9	94.44
VC35C-VC-54809772	6553267.0	L1P5:L1:LINE	166	6	8.50	9	94.44
VC35C-VC-54809772	6553267.0	LTR16B:ERVL:LTR	260	5	8.50	9	94.44
VC35C-VC-54809772	6553267.0	RLTR3_Mm:ERVK:LTR	31	3	8.50	9	94.44
VC35C-VC-54809772	6553267.0	RLTR50B:ERVK:LTR	334	3	8.50	9	94.44
VC35C-VC-54809772	6553267.0	tRNA-Arg-AGG:tRNA:tRNA	18	7	8.50	10	85.00
VC35C-VC-54809772	6553267.0	ORSL-2b:hAT-Tip100:DNA	210	8	8.38	11	76.20
VC35C-VC-54809772	6553267.0	tRNA-Pro-CCG:tRNA:tRNA	4	4	8.30	8	103.74
VC35C-VC-54809772	6553267.0	RLTR44B:ERVK:LTR	275	1	8.02	10	80.17
VC35C-VC-54809772	6553267.0	Eulor5A:DNA?:DNA?	80	3	8.00	8	100.00
VC35C-VC-54809772	6553267.0	LTR107_Mam:LTR:LTR	93	6	8.00	8	100.00
VC35C-VC-54809772	6553267.0	LTR81A:Gypsy:LTR	180	6	8.00	8	100.00
VC35C-VC-54809772	6553267.0	MamRep38:hAT:DNA	212	8	8.00	8	100.00
VC35C-VC-54809772	6553267.0	LTRIS4B:ERV1:LTR	71	2	7.68	9	85.36
VC35C-VC-54809772	6553267.0	RLTR6C_Mm:ERV1:LTR	102	5	7.59	12	63.22
VC35C-VC-54809772	6553267.0	ERVB2_1-I_MM-int:ERVK:LTR	83	2	7.50	7	107.14
VC35C-VC-54809772	6553267.0	Kanga1a:TcMar-Tc2:DNA	191	5	7.50	8	93.75
VC35C-VC-54809772	6553267.0	LTR16B2:ERVL:LTR	384	3	7.50	8	93.75
VC35C-VC-54809772	6553267.0	Arthur1C:hAT-Tip100:DNA	155	6	7.00	7	100.00
VC35C-VC-54809772	6553267.0	Helitron1Nb_Mam:Helitron:RC	92	7	7.00	7	100.00
VC35C-VC-54809772	6553267.0	LTR102_Mam:ERVL:LTR	215	2	7.00	7	100.00
VC35C-VC-54809772	6553267.0	LTR86C:ERVL:LTR	75	6	7.00	7	100.00
VC35C-VC-54809772	6553267.0	MER67A:ERV1:LTR	176	5	7.00	7	100.00
VC35C-VC-54809772	6553267.0	MER67D:ERV1:LTR	468	2	7.00	8	87.50
VC35C-VC-54809772	6553267.0	RLTR41B:ERV1:LTR	98	0	7.00	7	100.00
VC35C-VC-54809772	6553267.0	Tigger12A:TcMar-Tigger:DNA	86	3	7.00	8	87.50
VC35C-VC-54809772	6553267.0	tRNA-Ile-ATT:tRNA:tRNA	40	7	7.00	7	100.00
VC35C-VC-54809772	6553267.0	tRNA-Met-i:tRNA:tRNA	19	3	7.00	6	116.67
VC35C-VC-54809772	6553267.0	ERVB4_2-LTR_MM:ERVK:LTR	144	1	6.54	11	59.46
VC35C-VC-54809772	6553267.0	RLTR13D:ERVK:LTR	45	0	6.53	8	81.67
VC35C-VC-54809772	6553267.0	L1M3f:L1:LINE	100	4	6.50	8	81.25
VC35C-VC-54809772	6553267.0	LTR75:ERVL:LTR	94	3	6.50	7	92.86
VC35C-VC-54809772	6553267.0	LTR86A1:ERVL:LTR	92	3	6.50	7	92.86
VC35C-VC-54809772	6553267.0	tRNA-Pro-CCA:tRNA:tRNA	10	3	6.50	6	108.33
VC35C-VC-54809772	6553267.0	X5B_LINE:CR1:LINE	79	4	6.50	7	92.86
VC35C-VC-54809772	6553267.0	LTR108e_Mam:ERVL:LTR	36	3	6.00	6	100.00
VC35C-VC-54809772	6553267.0	LTR53B:ERVL:LTR	83	6	6.00	6	100.00
VC35C-VC-54809772	6553267.0	LTR80A:ERVL:LTR	112	4	6.00	6	100.00
VC35C-VC-54809772	6553267.0	LTR82B:ERVL:LTR	290	3	6.00	6	100.00
VC35C-VC-54809772	6553267.0	LTR83:ERVL:LTR	161	2	6.00	6	100.00
VC35C-VC-54809772	6553267.0	LTR85c:Gypsy?:LTR	119	5	6.00	6	100.00
VC35C-VC-54809772	6553267.0	MER47A:TcMar-Tigger:DNA	127	2	6.00	7	85.71
VC35C-VC-54809772	6553267.0	MER96:hAT-Tip100:DNA	104	5	6.00	6	100.00
VC35C-VC-54809772	6553267.0	MER97b:hAT-Tip100:DNA	55	3	6.00	6	100.00
VC35C-VC-54809772	6553267.0	RLTR53B_Mm:ERVK:LTR	160	0	6.00	7	85.71
VC35C-VC-54809772	6553267.0	tRNA-Gln-CAA:tRNA:tRNA	14	5	6.00	6	100.00
VC35C-VC-54809772	6553267.0	MLT1A1-int:ERVL-MaLR:LTR	130	2	5.93	9	65.90
VC35C-VC-54809772	6553267.0	Tigger17b:TcMar-Tigger:DNA	72	3	5.91	7	84.38
VC35C-VC-54809772	6553267.0	LTR108a_Mam:ERVL:LTR	39	4	5.73	7	81.82
VC35C-VC-54809772	6553267.0	Charlie10a:hAT-Charlie:DNA	61	4	5.50	6	91.67
VC35C-VC-54809772	6553267.0	Helitron1Na_Mam:Helitron:RC	62	3	5.50	6	91.67
VC35C-VC-54809772	6553267.0	L1MEg2:L1:LINE	112	2	5.50	6	91.67
VC35C-VC-54809772	6553267.0	L1M6:L1:LINE	329	5	5.00	5	100.00
VC35C-VC-54809772	6553267.0	L5:RTE-X:LINE	122	5	5.00	5	100.00
VC35C-VC-54809772	6553267.0	LTR106_Mam:LTR:LTR	164	2	5.00	5	100.00
VC35C-VC-54809772	6553267.0	LTR108b_Mam:ERVL:LTR	19	5	5.00	5	100.00
VC35C-VC-54809772	6553267.0	LTR52:ERVL:LTR	230	4	5.00	5	100.00
VC35C-VC-54809772	6553267.0	LTR90A:LTR:LTR	99	4	5.00	5	100.00
VC35C-VC-54809772	6553267.0	MamGypLTR2b:Gypsy:LTR	109	5	5.00	5	100.00
VC35C-VC-54809772	6553267.0	MamGypLTR3a:Gypsy:LTR	161	5	5.00	5	100.00
VC35C-VC-54809772	6553267.0	MamRep1879:hAT-Tip100?:DNA	105	5	5.00	5	100.00
VC35C-VC-54809772	6553267.0	MamRep4096:hAT?:DNA	180	4	5.00	5	100.00
VC35C-VC-54809772	6553267.0	MER113B:hAT-Charlie:DNA	72	2	5.00	5	100.00
VC35C-VC-54809772	6553267.0	MER65D:ERV1:LTR	101	5	5.00	5	100.00
VC35C-VC-54809772	6553267.0	MLT1C-int:ERVL-MaLR:LTR	122	1	5.00	5	100.00
VC35C-VC-54809772	6553267.0	MLT1G3-int:ERVL-MaLR:LTR	58	1	5.00	6	83.33
VC35C-VC-54809772	6553267.0	MLT1J1-int:ERVL-MaLR:LTR	67	4	5.00	5	100.00
VC35C-VC-54809772	6553267.0	Ricksha:MULE-MuDR:DNA	60	1	5.00	5	100.00
VC35C-VC-54809772	6553267.0	RLTR44D:ERVK:LTR	100	1	5.00	5	100.00
VC35C-VC-54809772	6553267.0	tRNA-Arg-CGA_:tRNA:tRNA	2	5	5.00	5	100.00
VC35C-VC-54809772	6553267.0	tRNA-Gly-GGG:tRNA:tRNA	24	4	5.00	5	100.00
VC35C-VC-54809772	6553267.0	tRNA-Phe-TTY:tRNA:tRNA	47	4	5.00	5	100.00
VC35C-VC-54809772	6553267.0	tRNA-Pro-CCY:tRNA:tRNA	29	4	5.00	5	100.00
VC35C-VC-54809772	6553267.0	tRNA-SeC(e)-TGA:tRNA:tRNA	3	5	5.00	5	100.00
VC35C-VC-54809772	6553267.0	MER4B-int:ERV1:LTR	52	1	4.87	7	69.59
VC35C-VC-54809772	6553267.0	MER70-int:ERVL:LTR	56	2	4.87	5	97.33
VC35C-VC-54809772	6553267.0	BGLII_C:ERVK:LTR	74	2	4.50	5	90.00
VC35C-VC-54809772	6553267.0	MamGypLTR1d:Gypsy:LTR	116	3	4.50	5	90.00
VC35C-VC-54809772	6553267.0	Helitron2Na_Mam:Helitron?:RC?	74	1	4.00	4	100.00
VC35C-VC-54809772	6553267.0	LTR103b_Mam:ERV1?:LTR	57	4	4.00	4	100.00
VC35C-VC-54809772	6553267.0	LTR55:ERVL?:LTR	160	3	4.00	4	100.00
VC35C-VC-54809772	6553267.0	LTR85a:Gypsy?:LTR	234	3	4.00	4	100.00
VC35C-VC-54809772	6553267.0	MamGypLTR2c:Gypsy:LTR	110	3	4.00	4	100.00
VC35C-VC-54809772	6553267.0	MER110A:ERV1:LTR	196	3	4.00	4	100.00
VC35C-VC-54809772	6553267.0	MER5C1:hAT-Charlie:DNA	75	3	4.00	4	100.00
VC35C-VC-54809772	6553267.0	MER66-int:ERV1:LTR	23	3	4.00	4	100.00
VC35C-VC-54809772	6553267.0	MER91C:hAT-Tip100:DNA	110	4	4.00	4	100.00
VC35C-VC-54809772	6553267.0	MER92C:ERV1:LTR	72	2	4.00	4	100.00
VC35C-VC-54809772	6553267.0	MER94B:hAT-Blackjack:DNA	86	3	4.00	4	100.00
VC35C-VC-54809772	6553267.0	ORR1G-int:ERVL-MaLR:LTR	70	0	4.00	4	100.00
VC35C-VC-54809772	6553267.0	Tigger11a:TcMar-Tigger:DNA	75	3	4.00	4	100.00
VC35C-VC-54809772	6553267.0	Tigger12c:TcMar-Tigger:DNA	97	2	4.00	5	80.00
VC35C-VC-54809772	6553267.0	tRNA-Arg-CGG:tRNA:tRNA	3	4	4.00	4	100.00
VC35C-VC-54809772	6553267.0	tRNA-Leu-CTG:tRNA:tRNA	16	3	4.00	4	100.00
VC35C-VC-54809772	6553267.0	RLTR47_MM:ERV1:LTR	45	2	3.94	5	78.72
VC35C-VC-54809772	6553267.0	C573_MM:Other:Other	1738	0	3.50	4	87.50
VC35C-VC-54809772	6553267.0	DNA1_Mam:TcMar:DNA	45	2	3.50	4	87.50
VC35C-VC-54809772	6553267.0	IAPEY5_I-int:ERVK:LTR	184	0	3.50	4	87.50
VC35C-VC-54809772	6553267.0	LTRIS6:ERV1:LTR	149	1	3.50	4	87.50
VC35C-VC-54809772	6553267.0	MamGypLTR1c:Gypsy:LTR	145	2	3.50	4	87.50
VC35C-VC-54809772	6553267.0	MER45C:hAT-Tip100:DNA	290	2	3.50	4	87.50
VC35C-VC-54809772	6553267.0	Ricksha_0:MULE-MuDR:DNA	82	1	3.50	4	87.50
VC35C-VC-54809772	6553267.0	RLTR1E_MM:ERV1:LTR	86	2	3.50	4	87.50
VC35C-VC-54809772	6553267.0	Charlie17a:hAT-Charlie:DNA	63	2	3.00	3	100.00
VC35C-VC-54809772	6553267.0	ERVB4_3-I_MM-int:ERVK:LTR	99	1	3.00	3	100.00
VC35C-VC-54809772	6553267.0	ERVB4_3-LTR_MM:ERVK:LTR	137	0	3.00	3	100.00
VC35C-VC-54809772	6553267.0	Eulor10:DNA?:DNA?	29	3	3.00	3	100.00
VC35C-VC-54809772	6553267.0	Eulor12:DNA?:DNA?	35	3	3.00	3	100.00
VC35C-VC-54809772	6553267.0	Eulor1:DNA:DNA	56	3	3.00	3	100.00
VC35C-VC-54809772	6553267.0	Eulor6D:DNA?:DNA?	47	3	3.00	3	100.00
VC35C-VC-54809772	6553267.0	FordPrefect_a:hAT-Tip100:DNA	60	1	3.00	3	100.00
VC35C-VC-54809772	6553267.0	LTR108c_Mam:ERVL:LTR	15	1	3.00	3	100.00
VC35C-VC-54809772	6553267.0	LTR28:ERV1:LTR	10	2	3.00	3	100.00
VC35C-VC-54809772	6553267.0	LTR68:ERV1:LTR	106	2	3.00	3	100.00
VC35C-VC-54809772	6553267.0	LTR75B:ERVL:LTR	69	2	3.00	3	100.00
VC35C-VC-54809772	6553267.0	LTR88a:Gypsy?:LTR	64	1	3.00	3	100.00
VC35C-VC-54809772	6553267.0	LTR90B:LTR:LTR	91	1	3.00	3	100.00
VC35C-VC-54809772	6553267.0	LTR9D:ERV1:LTR	11	2	3.00	3	100.00
VC35C-VC-54809772	6553267.0	MamGypLTR3:Gypsy:LTR	105	3	3.00	3	100.00
VC35C-VC-54809772	6553267.0	MamRep488:hAT-Tip100:DNA	29	2	3.00	3	100.00
VC35C-VC-54809772	6553267.0	MamTip1:hAT-Tip100:DNA	82	2	3.00	3	100.00
VC35C-VC-54809772	6553267.0	MER110:ERV1:LTR	147	1	3.00	3	100.00
VC35C-VC-54809772	6553267.0	MER65-int:ERV1:LTR	49	2	3.00	3	100.00
VC35C-VC-54809772	6553267.0	MERX:TcMar-Tigger:DNA	64	2	3.00	3	100.00
VC35C-VC-54809772	6553267.0	MLT1E2-int:ERVL-MaLR:LTR	35	2	3.00	4	75.00
VC35C-VC-54809772	6553267.0	MLT2E:ERVL:LTR	126	2	3.00	3	100.00
VC35C-VC-54809772	6553267.0	ORSL-2a:hAT-Tip100:DNA	69	1	3.00	3	100.00
VC35C-VC-54809772	6553267.0	tRNA-Met_:tRNA:tRNA	46	1	3.00	3	100.00
VC35C-VC-54809772	6553267.0	tRNA-Thr-ACY:tRNA:tRNA	14	3	3.00	3	100.00
VC35C-VC-54809772	6553267.0	tRNA-Trp-TGG:tRNA:tRNA	16	3	3.00	3	100.00
VC35C-VC-54809772	6553267.0	UCON21:DNA?:DNA?	23	2	3.00	3	100.00
VC35C-VC-54809772	6553267.0	UCON7:DNA?:DNA?	99	2	3.00	3	100.00
VC35C-VC-54809772	6553267.0	MER57E2:ERV1:LTR	62	2	2.50	3	83.33
VC35C-VC-54809772	6553267.0	MER88:ERVL:LTR	58	2	2.50	3	83.33
VC35C-VC-54809772	6553267.0	MLT1F1-int:ERVL-MaLR:LTR	89	0	2.50	3	83.33
VC35C-VC-54809772	6553267.0	RMER3D3:ERVK:LTR	8	1	2.33	2	116.53
VC35C-VC-54809772	6553267.0	Charlie10b:hAT-Charlie:DNA	48	1	2.00	2	100.00
VC35C-VC-54809772	6553267.0	Charlie14a:hAT-Charlie:DNA	72	2	2.00	2	100.00
VC35C-VC-54809772	6553267.0	L1M3a:L1:LINE	120	2	2.00	2	100.00
VC35C-VC-54809772	6553267.0	LTR108d_Mam:ERVL:LTR	30	1	2.00	2	100.00
VC35C-VC-54809772	6553267.0	LTR109A2:ERV1:LTR	37	2	2.00	2	100.00
VC35C-VC-54809772	6553267.0	LTR29:ERV1:LTR	34	2	2.00	2	100.00
VC35C-VC-54809772	6553267.0	LTR69:ERVL:LTR	74	0	2.00	2	100.00
VC35C-VC-54809772	6553267.0	LTR86B2:ERVL:LTR	36	2	2.00	2	100.00
VC35C-VC-54809772	6553267.0	LTR9A1:ERV1:LTR	11	1	2.00	2	100.00
VC35C-VC-54809772	6553267.0	MER125:DNA:DNA	111	1	2.00	2	100.00
VC35C-VC-54809772	6553267.0	MER129:LTR?:LTR?	63	1	2.00	2	100.00
VC35C-VC-54809772	6553267.0	MER49:ERV1:LTR	7	0	2.00	2	100.00
VC35C-VC-54809772	6553267.0	MER68C:ERVL:LTR	60	2	2.00	2	100.00
VC35C-VC-54809772	6553267.0	MER95:ERV1:LTR	54	0	2.00	2	100.00
VC35C-VC-54809772	6553267.0	RLTR19D:ERVK:LTR	64	0	2.00	2	100.00
VC35C-VC-54809772	6553267.0	RLTR46A2:ERVK:LTR	58	0	2.00	2	100.00
VC35C-VC-54809772	6553267.0	Tigger1a_Art:TcMar-Tigger:DNA	37	1	2.00	2	100.00
VC35C-VC-54809772	6553267.0	tRNA-Arg-AGA:tRNA:tRNA	30	1	2.00	2	100.00
VC35C-VC-54809772	6553267.0	tRNA-Leu-CTA_:tRNA:tRNA	4	2	2.00	2	100.00
VC35C-VC-54809772	6553267.0	tRNA-Thr-ACA:tRNA:tRNA	17	2	2.00	2	100.00
VC35C-VC-54809772	6553267.0	tRNA-Thr-ACG_:tRNA:tRNA	20	2	2.00	2	100.00
VC35C-VC-54809772	6553267.0	tRNA-Thr-ACY_:tRNA:tRNA	15	1	2.00	2	100.00
VC35C-VC-54809772	6553267.0	X5A_LINE:CR1:LINE	69	2	2.00	2	100.00
VC35C-VC-54809772	6553267.0	LTR105_Mam:ERVL:LTR	124	1	1.50	2	75.00
VC35C-VC-54809772	6553267.0	LTR80B:ERVL:LTR	116	1	1.50	2	75.00
VC35C-VC-54809772	6553267.0	MamGypLTR1a:Gypsy:LTR	137	1	1.50	2	75.00
VC35C-VC-54809772	6553267.0	MER134:DNA?:DNA?	53	1	1.50	2	75.00
VC35C-VC-54809772	6553267.0	MER72B:ERV1:LTR	74	1	1.50	2	75.00
VC35C-VC-54809772	6553267.0	MLT1H2-int:ERVL-MaLR:LTR	53	0	1.50	2	75.00
VC35C-VC-54809772	6553267.0	RLTR1:ERV1:LTR	62	1	1.50	2	75.00
VC35C-VC-54809772	6553267.0	RLTR30C_MM:ERV1:LTR	124	1	1.50	2	75.00
VC35C-VC-54809772	6553267.0	tRNA-Met:tRNA:tRNA	21	1	1.33	2	66.69
VC35C-VC-54809772	6553267.0	Eulor2C:DNA?:DNA?	24	1	1.00	1	100.00
VC35C-VC-54809772	6553267.0	Eulor5B:DNA?:DNA?	37	1	1.00	1	100.00
VC35C-VC-54809772	6553267.0	Eulor6E:DNA?:DNA?	18	1	1.00	1	100.00
VC35C-VC-54809772	6553267.0	Eulor7:DNA?:DNA?	4	1	1.00	1	100.00
VC35C-VC-54809772	6553267.0	Eulor8:TcMar?:DNA	110	1	1.00	1	100.00
VC35C-VC-54809772	6553267.0	Eulor9C:DNA:DNA	71	1	1.00	1	100.00
VC35C-VC-54809772	6553267.0	L1M6B:L1:LINE	43	1	1.00	1	100.00
VC35C-VC-54809772	6553267.0	LTR34:ERV1:LTR	8	1	1.00	1	100.00
VC35C-VC-54809772	6553267.0	LTR39:ERV1:LTR	11	1	1.00	1	100.00
VC35C-VC-54809772	6553267.0	LTR52-int:ERVL:LTR	50	0	1.00	1	100.00
VC35C-VC-54809772	6553267.0	LTR58:ERV1:LTR	9	1	1.00	1	100.00
VC35C-VC-54809772	6553267.0	LTR85b:Gypsy?:LTR	106	1	1.00	1	100.00
VC35C-VC-54809772	6553267.0	LTR88b:Gypsy?:LTR	178	0	1.00	1	100.00
VC35C-VC-54809772	6553267.0	MER101B:ERV1:LTR	21	1	1.00	1	100.00
VC35C-VC-54809772	6553267.0	MER123:DNA:DNA	41	1	1.00	1	100.00
VC35C-VC-54809772	6553267.0	MER136:DNA:DNA	23	1	1.00	1	100.00
VC35C-VC-54809772	6553267.0	MER47C:TcMar-Tigger:DNA	14	1	1.00	1	100.00
VC35C-VC-54809772	6553267.0	MER51-int:ERV1:LTR	7	0	1.00	1	100.00
VC35C-VC-54809772	6553267.0	MER73:ERVL:LTR	135	1	1.00	1	100.00
VC35C-VC-54809772	6553267.0	MER87:ERV1:LTR	46	1	1.00	1	100.00
VC35C-VC-54809772	6553267.0	MER89-int:ERV1:LTR	98	1	1.00	1	100.00
VC35C-VC-54809772	6553267.0	MER92D:ERV1:LTR	70	0	1.00	1	100.00
VC35C-VC-54809772	6553267.0	MER96B:hAT:DNA	8	1	1.00	1	100.00
VC35C-VC-54809772	6553267.0	MER97a:hAT-Tip100:DNA	53	0	1.00	1	100.00
VC35C-VC-54809772	6553267.0	MER97c:hAT-Tip100:DNA	64	0	1.00	1	100.00
VC35C-VC-54809772	6553267.0	MLT1H1-int:ERVL-MaLR:LTR	49	1	1.00	1	100.00
VC35C-VC-54809772	6553267.0	MLT1I-int:ERVL-MaLR:LTR	57	1	1.00	1	100.00
VC35C-VC-54809772	6553267.0	Ricksha_a:MULE-MuDR:DNA	30	1	1.00	1	100.00
VC35C-VC-54809772	6553267.0	RLTR46A:ERVK:LTR	71	0	1.00	1	100.00
VC35C-VC-54809772	6553267.0	RLTR50A:ERVK:LTR	85	1	1.00	1	100.00
VC35C-VC-54809772	6553267.0	RMER3D1:ERVK:LTR	1	1	1.00	1	100.00
VC35C-VC-54809772	6553267.0	tRNA-Arg-CGA:tRNA:tRNA	3	1	1.00	1	100.00
VC35C-VC-54809772	6553267.0	tRNA-Cys-TGY:tRNA:tRNA	89	1	1.00	1	100.00
VC35C-VC-54809772	6553267.0	tRNA-Glu-GAG:tRNA:tRNA	6	1	1.00	1	100.00
VC35C-VC-54809772	6553267.0	tRNA-Ser-TCA:tRNA:tRNA	1	0	1.00	1	100.00
VC35C-VC-54809772	6553267.0	tRNA-Ser-TCA_:tRNA:tRNA	3	0	1.00	1	100.00
VC35C-VC-54809772	6553267.0	tRNA-Thr-ACG:tRNA:tRNA	3	1	1.00	1	100.00
VC35C-VC-54809772	6553267.0	tRNA-Val-GTA:tRNA:tRNA	13	1	1.00	1	100.00
VC35C-VC-54809772	6553267.0	U13_:snRNA:snRNA	19	1	1.00	1	100.00
VC35C-VC-54809772	6553267.0	U7:snRNA:snRNA	49	1	1.00	1	100.00
VC35C-VC-54809772	6553267.0	X2_LINE:CR1:LINE	32	1	1.00	1	100.00
VC35C-VC-54809772	6553267.0	LTR32:ERVL:LTR	9	0	0.50	1	50.00
VC35C-VC-54809772	6553267.0	LTR40A1:ERVL:LTR	114	0	0.50	1	50.00
VC35C-VC-54809772	6553267.0	MER97d:hAT-Tip100:DNA	28	0	0.50	1	50.00
VC35C-VC-54809772	6553267.0	MLT1G-int:ERVL-MaLR:LTR	39	0	0.50	1	50.00
VC35C-VC-54809772	6553267.0	Charlie1b_Mars:hAT-Charlie:DNA	2	0	0.00	0	NA
VC35C-VC-54809772	6553267.0	Cheshire_Mars:hAT-Charlie:DNA	3	0	0.00	0	NA
VC35C-VC-54809772	6553267.0	Cheshire_Mars_:hAT-Charlie:DNA	6	0	0.00	0	NA
VC35C-VC-54809772	6553267.0	ERVB4_1-LTR_MM:ERVK:LTR	21	0	0.00	0	NA
VC35C-VC-54809772	6553267.0	Eulor11:DNA:DNA	49	0	0.00	0	NA
VC35C-VC-54809772	6553267.0	Eulor3:DNA?:DNA?	28	0	0.00	0	NA
VC35C-VC-54809772	6553267.0	Eulor6A:DNA?:DNA?	21	0	0.00	0	NA
VC35C-VC-54809772	6553267.0	Eulor6B:DNA?:DNA?	56	0	0.00	0	NA
VC35C-VC-54809772	6553267.0	Eulor6C:DNA?:DNA?	15	0	0.00	0	NA
VC35C-VC-54809772	6553267.0	Eulor9B:DNA:DNA	14	0	0.00	0	NA
VC35C-VC-54809772	6553267.0	HERVL32-int:ERVL:LTR	1	0	0.00	0	NA
VC35C-VC-54809772	6553267.0	HUERS-P3b-int:ERV1:LTR	3	0	0.00	0	NA
VC35C-VC-54809772	6553267.0	HY4:scRNA:scRNA	3	0	0.00	0	NA
VC35C-VC-54809772	6553267.0	HY5:scRNA:scRNA	1	0	0.00	0	NA
VC35C-VC-54809772	6553267.0	L1M2a1:L1:LINE	11	0	0.00	0	NA
VC35C-VC-54809772	6553267.0	LTR103_Mam:ERV1?:LTR	58	0	0.00	0	NA
VC35C-VC-54809772	6553267.0	LTR16D1:ERVL:LTR	90	0	0.00	0	NA
VC35C-VC-54809772	6553267.0	LTR23-int:ERV1:LTR	11	0	0.00	0	NA
VC35C-VC-54809772	6553267.0	LTR27C:ERV1:LTR	7	0	0.00	0	NA
VC35C-VC-54809772	6553267.0	LTR36:ERV1:LTR	5	0	0.00	0	NA
VC35C-VC-54809772	6553267.0	LTR44:ERV1:LTR	3	0	0.00	0	NA
VC35C-VC-54809772	6553267.0	LTR45C:ERV1:LTR	24	0	0.00	0	NA
VC35C-VC-54809772	6553267.0	LTR59:ERV1:LTR	8	0	0.00	0	NA
VC35C-VC-54809772	6553267.0	LTR64:ERV1:LTR	8	0	0.00	0	NA
VC35C-VC-54809772	6553267.0	LTR75_1:ERV1:LTR	9	0	0.00	0	NA
VC35C-VC-54809772	6553267.0	LTR77:ERV1:LTR	38	0	0.00	0	NA
VC35C-VC-54809772	6553267.0	LTR81:Gypsy:LTR	70	0	0.00	0	NA
VC35C-VC-54809772	6553267.0	LTR86A2:ERVL:LTR	79	0	0.00	0	NA
VC35C-VC-54809772	6553267.0	LTR91:ERVL:LTR	57	0	0.00	0	NA
VC35C-VC-54809772	6553267.0	MamRep1161:TcMar:DNA	7	0	0.00	0	NA
VC35C-VC-54809772	6553267.0	MamRep137:TcMar?:DNA	4	0	0.00	0	NA
VC35C-VC-54809772	6553267.0	MamRep1894:hAT:DNA	36	0	0.00	0	NA
VC35C-VC-54809772	6553267.0	MARINER1_EC:TcMar-Tigger:DNA	2	0	0.00	0	NA
VC35C-VC-54809772	6553267.0	MER110-int:ERV1:LTR	38	0	0.00	0	NA
VC35C-VC-54809772	6553267.0	MER132:TcMar-Pogo:DNA	21	0	0.00	0	NA
VC35C-VC-54809772	6553267.0	MER133A:DNA?:DNA?	35	0	0.00	0	NA
VC35C-VC-54809772	6553267.0	MER133B:DNA?:DNA?	22	0	0.00	0	NA
VC35C-VC-54809772	6553267.0	MER4CL34:ERV1:LTR	6	0	0.00	0	NA
VC35C-VC-54809772	6553267.0	MER50-int:ERV1:LTR	14	0	0.00	0	NA
VC35C-VC-54809772	6553267.0	MER57E3:ERV1:LTR	4	0	0.00	0	NA
VC35C-VC-54809772	6553267.0	MER66A:ERV1:LTR	5	0	0.00	0	NA
VC35C-VC-54809772	6553267.0	MER66B:ERV1:LTR	7	0	0.00	0	NA
VC35C-VC-54809772	6553267.0	MER66C:ERV1:LTR	19	0	0.00	0	NA
VC35C-VC-54809772	6553267.0	MER72:ERV1:LTR	9	0	0.00	0	NA
VC35C-VC-54809772	6553267.0	MER74C:ERVL:LTR	114	0	0.00	0	NA
VC35C-VC-54809772	6553267.0	MER76-int:ERVL:LTR	16	0	0.00	0	NA
VC35C-VC-54809772	6553267.0	MER83A-int:ERV1:LTR	1	0	0.00	0	NA
VC35C-VC-54809772	6553267.0	MER83B-int:ERV1:LTR	9	0	0.00	0	NA
VC35C-VC-54809772	6553267.0	MER92A:ERV1:LTR	37	0	0.00	0	NA
VC35C-VC-54809772	6553267.0	MLT1A-int:ERVL-MaLR:LTR	123	0	0.00	0	NA
VC35C-VC-54809772	6553267.0	MLT1E1A-int:ERVL-MaLR:LTR	28	0	0.00	0	NA
VC35C-VC-54809772	6553267.0	MLT1E1-int:ERVL-MaLR:LTR	8	0	0.00	0	NA
VC35C-VC-54809772	6553267.0	MLT1E3-int:ERVL-MaLR:LTR	12	0	0.00	0	NA
VC35C-VC-54809772	6553267.0	MLT1E-int:ERVL-MaLR:LTR	9	0	0.00	0	NA
VC35C-VC-54809772	6553267.0	MLT1G1-int:ERVL-MaLR:LTR	51	0	0.00	0	NA
VC35C-VC-54809772	6553267.0	MLT1J2-int:ERVL-MaLR:LTR	27	0	0.00	0	NA
VC35C-VC-54809772	6553267.0	MLT1K-int:ERVL-MaLR:LTR	8	0	0.00	0	NA
VC35C-VC-54809772	6553267.0	MLT1L-int:ERVL-MaLR:LTR	13	0	0.00	0	NA
VC35C-VC-54809772	6553267.0	MLT1N2-int:ERVL-MaLR:LTR	3	0	0.00	0	NA
VC35C-VC-54809772	6553267.0	MLT1O-int:ERVL-MaLR:LTR	2	0	0.00	0	NA
VC35C-VC-54809772	6553267.0	nhAT5a_ML:hAT-Charlie:DNA	4	0	0.00	0	NA
VC35C-VC-54809772	6553267.0	Ricksha_0:MuDR:DNA	29	0	0.00	0	NA
VC35C-VC-54809772	6553267.0	Ricksha_a:MuDR:DNA	11	0	0.00	0	NA
VC35C-VC-54809772	6553267.0	Ricksha_b:MuDR:DNA	2	0	0.00	0	NA
VC35C-VC-54809772	6553267.0	Ricksha_b:MULE-MuDR:DNA	6	0	0.00	0	NA
VC35C-VC-54809772	6553267.0	RLTR12F:ERVK:LTR	60	0	0.00	0	NA
VC35C-VC-54809772	6553267.0	RLTR43A:ERVK:LTR	3	0	0.00	0	NA
VC35C-VC-54809772	6553267.0	RLTR43B:ERVK:LTR	1	0	0.00	0	NA
VC35C-VC-54809772	6553267.0	RLTR46:ERVK:LTR	46	0	0.00	0	NA
VC35C-VC-54809772	6553267.0	RLTR9A4:ERVK:LTR	35	0	0.00	0	NA
VC35C-VC-54809772	6553267.0	RMER3D2:ERVK:LTR	3	0	0.00	0	NA
VC35C-VC-54809772	6553267.0	RMER3D4:ERVK:LTR	2	0	0.00	0	NA
VC35C-VC-54809772	6553267.0	RNLTR23:ERVK:LTR	5	0	0.00	0	NA
VC35C-VC-54809772	6553267.0	Tigger1a_Mars:TcMar-Tigger:DNA	2	0	0.00	0	NA
VC35C-VC-54809772	6553267.0	tRNA-His-CAY:tRNA:tRNA	1	0	0.00	0	NA
VC35C-VC-54809772	6553267.0	tRNA-Leu-CTA:tRNA:tRNA	3	0	0.00	0	NA
VC35C-VC-54809772	6553267.0	tRNA-Leu-TTA(m):tRNA:tRNA	1	0	0.00	0	NA
VC35C-VC-54809772	6553267.0	tRNA-Tyr-TAT:tRNA:tRNA	3	0	0.00	0	NA
VC35C-VC-54809772	6553267.0	UCON13:Penelope?:LINE?	42	0	0.00	0	NA
VC35C-VC-54809772	6553267.0	UCON14:DNA?:DNA?	66	0	0.00	0	NA
VC35C-VC-54809772	6553267.0	X1_LINE:CR1:LINE	40	0	0.00	0	NA
VC35C-VC-54809772	6553267.0	X7D_LINE:CR1:LINE	10	0	0.00	0	NA
