Sample	aligned_libsize	Subfamily:Family:Class	copies	uniq_counts	tot_counts	tot_reads	avg_conf
VC35B-Ctrl-54808775	6059064.0	LSU-rRNA_Hsa:rRNA:rRNA	480	480185	1911673.77	1908015	100.19
VC35B-Ctrl-54808775	6059064.0	7SLRNA:srpRNA:srpRNA	437	836	212942.30	212702	100.11
VC35B-Ctrl-54808775	6059064.0	FordPrefect:hAT-Tip100:DNA	291	42184	66270.00	66268	100.00
VC35B-Ctrl-54808775	6059064.0	7SK:RNA:RNA	691	587	62125.09	53027	117.16
VC35B-Ctrl-54808775	6059064.0	MMETn-int:ERVK:LTR	980	211	56353.91	46808	120.39
VC35B-Ctrl-54808775	6059064.0	B3:B2:SINE	148427	19337	38301.82	41424	92.46
VC35B-Ctrl-54808775	6059064.0	U3:snRNA:snRNA	97	142	35682.57	35681	100.00
VC35B-Ctrl-54808775	6059064.0	U2:snRNA:snRNA	921	218	34090.32	25207	135.24
VC35B-Ctrl-54808775	6059064.0	B2_Mm2:B2:SINE	90007	11764	27310.93	29693	91.98
VC35B-Ctrl-54808775	6059064.0	ID_B1:B4:SINE	110827	16030	26284.39	28920	90.89
VC35B-Ctrl-54808775	6059064.0	U1:snRNA:snRNA	329	126	25519.50	19017	134.19
VC35B-Ctrl-54808775	6059064.0	B1_Mus1:Alu:SINE	95081	14329	24938.25	27503	90.67
VC35B-Ctrl-54808775	6059064.0	RSINE1:B4:SINE	115806	13540	21570.79	23366	92.32
VC35B-Ctrl-54808775	6059064.0	B1_Mus2:Alu:SINE	70891	11781	21092.47	22505	93.72
VC35B-Ctrl-54808775	6059064.0	B2_Mm1a:B2:SINE	18346	4035	19919.54	19734	100.94
VC35B-Ctrl-54808775	6059064.0	L1Md_T:L1:LINE	23688	1011	17851.59	18562	96.17
VC35B-Ctrl-54808775	6059064.0	B3A:B2:SINE	92925	9305	17538.73	19224	91.23
VC35B-Ctrl-54808775	6059064.0	B4A:B4:SINE	107073	8125	16406.90	17617	93.13
VC35B-Ctrl-54808775	6059064.0	B2_Mm1t:B2:SINE	23218	3578	15055.97	16585	90.78
VC35B-Ctrl-54808775	6059064.0	PB1D10:Alu:SINE	65054	10958	15007.50	16426	91.36
VC35B-Ctrl-54808775	6059064.0	MMVL30-int:ERV1:LTR	956	12701	13238.72	13200	100.29
VC35B-Ctrl-54808775	6059064.0	L1Md_A:L1:LINE	16844	702	12502.86	12972	96.38
VC35B-Ctrl-54808775	6059064.0	PB1D9:Alu:SINE	28939	7881	11453.13	12458	91.93
VC35B-Ctrl-54808775	6059064.0	B1_Mur4:Alu:SINE	41031	6513	10568.66	11700	90.33
VC35B-Ctrl-54808775	6059064.0	B1_Mur1:Alu:SINE	38058	6601	10349.30	11341	91.26
VC35B-Ctrl-54808775	6059064.0	B1F:Alu:SINE	45170	7136	10212.05	11092	92.07
VC35B-Ctrl-54808775	6059064.0	B1_Mm:Alu:SINE	42910	6084	10139.06	11396	88.97
VC35B-Ctrl-54808775	6059064.0	L1Md_F2:L1:LINE	64898	1542	9533.79	11526	82.72
VC35B-Ctrl-54808775	6059064.0	B1_Mur2:Alu:SINE	31869	6003	9323.30	10226	91.17
VC35B-Ctrl-54808775	6059064.0	B4:B4:SINE	64020	4575	8753.36	9695	90.29
VC35B-Ctrl-54808775	6059064.0	B1_Mur3:Alu:SINE	24632	4873	8210.85	8464	97.01
VC35B-Ctrl-54808775	6059064.0	U17:snRNA:snRNA	24	602	8173.50	8170	100.04
VC35B-Ctrl-54808775	6059064.0	MTD:ERVL-MaLR:LTR	51544	2869	7274.03	7670	94.84
VC35B-Ctrl-54808775	6059064.0	MMERVK10C-int:ERVK:LTR	3230	6167	7163.22	7126	100.52
VC35B-Ctrl-54808775	6059064.0	PB1D7:Alu:SINE	24346	5275	7149.54	7768	92.04
VC35B-Ctrl-54808775	6059064.0	L1_Mus1:L1:LINE	27252	1439	6669.93	7209	92.52
VC35B-Ctrl-54808775	6059064.0	Lx8:L1:LINE	49141	1993	6343.77	6491	97.73
VC35B-Ctrl-54808775	6059064.0	MIRb:MIR:SINE	42160	4388	6289.94	6550	96.03
VC35B-Ctrl-54808775	6059064.0	B1F1:Alu:SINE	19678	3838	5467.06	5928	92.22
VC35B-Ctrl-54808775	6059064.0	L1_Mus3:L1:LINE	48489	780	5324.10	5826	91.39
VC35B-Ctrl-54808775	6059064.0	ID4:ID:SINE	23970	4040	5126.59	5506	93.11
VC35B-Ctrl-54808775	6059064.0	ID4_:ID:SINE	26384	3785	4964.37	5313	93.44
VC35B-Ctrl-54808775	6059064.0	RLTR1B-int:ERV1:LTR	798	285	4861.17	4920	98.80
VC35B-Ctrl-54808775	6059064.0	MIR:MIR:SINE	38978	3360	4769.44	4980	95.77
VC35B-Ctrl-54808775	6059064.0	B1F2:Alu:SINE	16513	3004	4533.44	4988	90.89
VC35B-Ctrl-54808775	6059064.0	MTC:ERVL-MaLR:LTR	27489	1843	4380.99	4643	94.36
VC35B-Ctrl-54808775	6059064.0	ETnERV-int:ERVK:LTR	906	61	4118.10	22066	18.66
VC35B-Ctrl-54808775	6059064.0	MTA_Mm:ERVL-MaLR:LTR	15623	767	3975.09	4352	91.34
VC35B-Ctrl-54808775	6059064.0	PB1D11:Alu:SINE	18484	2832	3858.74	4228	91.27
VC35B-Ctrl-54808775	6059064.0	Lx7:L1:LINE	40190	923	3802.38	4149	91.65
VC35B-Ctrl-54808775	6059064.0	MTA_Mm-int:ERVL-MaLR:LTR	3027	90	3757.14	3738	100.51
VC35B-Ctrl-54808775	6059064.0	L2a:L2:LINE	24277	2387	3753.17	3865	97.11
VC35B-Ctrl-54808775	6059064.0	RMER15:ERVL:LTR	18077	1215	3715.92	3431	108.30
VC35B-Ctrl-54808775	6059064.0	Lx:L1:LINE	24834	532	3670.25	3859	95.11
VC35B-Ctrl-54808775	6059064.0	MIRc:MIR:SINE	23213	2822	3629.91	3732	97.26
VC35B-Ctrl-54808775	6059064.0	Lx9:L1:LINE	49160	903	3547.79	3708	95.68
VC35B-Ctrl-54808775	6059064.0	IAPEz-int:ERVK:LTR	7319	164	3347.67	2799	119.60
VC35B-Ctrl-54808775	6059064.0	Lx3B:L1:LINE	5993	144	3197.09	3218	99.35
VC35B-Ctrl-54808775	6059064.0	ORR1D1:ERVL-MaLR:LTR	21507	1264	3031.38	3234	93.73
VC35B-Ctrl-54808775	6059064.0	PB1:Alu:SINE	11784	2106	2955.04	3260	90.65
VC35B-Ctrl-54808775	6059064.0	L1M4:L1:LINE	13935	1236	2889.34	3201	90.26
VC35B-Ctrl-54808775	6059064.0	URR1B:hAT-Charlie:DNA	16889	1622	2796.51	3021	92.57
VC35B-Ctrl-54808775	6059064.0	L1_Mus2:L1:LINE	21079	395	2729.86	3124	87.38
VC35B-Ctrl-54808775	6059064.0	ORR1E:ERVL-MaLR:LTR	22742	1165	2697.51	2827	95.42
VC35B-Ctrl-54808775	6059064.0	MERVL-int:ERVL:LTR	2600	451	2654.52	2434	109.06
VC35B-Ctrl-54808775	6059064.0	L1_Mur3:L1:LINE	27399	535	2627.18	2736	96.02
VC35B-Ctrl-54808775	6059064.0	RLTR19-int:ERVK:LTR	2407	486	2599.91	2319	112.11
VC35B-Ctrl-54808775	6059064.0	MIR3:MIR:SINE	16085	2022	2584.61	2651	97.50
VC35B-Ctrl-54808775	6059064.0	MT2B:ERVL:LTR	13977	1572	2556.90	3396	75.29
VC35B-Ctrl-54808775	6059064.0	L2:L2:LINE	17614	1699	2542.24	2629	96.70
VC35B-Ctrl-54808775	6059064.0	ORR1A2:ERVL-MaLR:LTR	14843	754	2504.48	2693	93.00
VC35B-Ctrl-54808775	6059064.0	RMER6A:ERVK:LTR	3983	488	2398.74	2291	104.70
VC35B-Ctrl-54808775	6059064.0	URR1A:hAT-Charlie:DNA	17621	1448	2373.23	2525	93.99
VC35B-Ctrl-54808775	6059064.0	ORR1B1:ERVL-MaLR:LTR	17313	727	2361.29	2547	92.71
VC35B-Ctrl-54808775	6059064.0	MTEa:ERVL-MaLR:LTR	20061	1093	2260.73	2418	93.50
VC35B-Ctrl-54808775	6059064.0	L2c:L2:LINE	12298	1719	2252.67	2304	97.77
VC35B-Ctrl-54808775	6059064.0	L1Md_F3:L1:LINE	16146	240	2222.05	3020	73.58
VC35B-Ctrl-54808775	6059064.0	L1_Mm:L1:LINE	5429	470	2210.49	3244	68.14
VC35B-Ctrl-54808775	6059064.0	L3:CR1:LINE	9732	1822	2195.66	2212	99.26
VC35B-Ctrl-54808775	6059064.0	ORR1F:ERVL-MaLR:LTR	23086	1067	2128.30	2230	95.44
VC35B-Ctrl-54808775	6059064.0	U4:snRNA:snRNA	108	46	2084.81	2087	99.90
VC35B-Ctrl-54808775	6059064.0	MTE2a:ERVL-MaLR:LTR	15148	764	2051.02	2157	95.09
VC35B-Ctrl-54808775	6059064.0	Lx5:L1:LINE	16339	291	1930.90	1988	97.13
VC35B-Ctrl-54808775	6059064.0	ORR1D2:ERVL-MaLR:LTR	15061	741	1853.30	1968	94.17
VC35B-Ctrl-54808775	6059064.0	RLTR13G:ERVK:LTR	877	22	1814.67	2212	82.04
VC35B-Ctrl-54808775	6059064.0	Lx6:L1:LINE	18164	321	1799.77	1866	96.45
VC35B-Ctrl-54808775	6059064.0	L1MB7:L1:LINE	6956	696	1798.89	1906	94.38
VC35B-Ctrl-54808775	6059064.0	L1M2:L1:LINE	18488	553	1742.86	1919	90.82
VC35B-Ctrl-54808775	6059064.0	L1M5:L1:LINE	16596	913	1723.91	1867	92.34
VC35B-Ctrl-54808775	6059064.0	ERVB7_1-LTR_MM:ERVK:LTR	770	39	1663.90	3083	53.97
VC35B-Ctrl-54808775	6059064.0	Lx8b:L1:LINE	24166	438	1644.91	1713	96.03
VC35B-Ctrl-54808775	6059064.0	Lx2:L1:LINE	18521	284	1583.55	1692	93.59
VC35B-Ctrl-54808775	6059064.0	L2b:L2:LINE	13720	1130	1562.34	1621	96.38
VC35B-Ctrl-54808775	6059064.0	MERVL_2A-int:ERVL:LTR	3899	168	1534.58	1861	82.46
VC35B-Ctrl-54808775	6059064.0	MTB:ERVL-MaLR:LTR	6419	404	1509.56	1738	86.86
VC35B-Ctrl-54808775	6059064.0	L1_Mur2:L1:LINE	20769	275	1493.39	1678	89.00
VC35B-Ctrl-54808775	6059064.0	MTE2b:ERVL-MaLR:LTR	14367	614	1476.92	1592	92.77
VC35B-Ctrl-54808775	6059064.0	RMER19B:ERVK:LTR	5640	222	1468.29	1543	95.16
VC35B-Ctrl-54808775	6059064.0	ORR1C2:ERVL-MaLR:LTR	12473	555	1454.79	1558	93.38
VC35B-Ctrl-54808775	6059064.0	RMER1B:Other:Other	7511	283	1449.42	1208	119.99
VC35B-Ctrl-54808775	6059064.0	RMER16-int:ERVK:LTR	2599	76	1442.80	1503	95.99
VC35B-Ctrl-54808775	6059064.0	MT2A:ERVL:LTR	10140	474	1426.72	1512	94.36
VC35B-Ctrl-54808775	6059064.0	ORR1A4:ERVL-MaLR:LTR	7791	406	1390.01	1524	91.21
VC35B-Ctrl-54808775	6059064.0	MMERVK9C_I-int:ERVK:LTR	1807	176	1358.18	1404	96.74
VC35B-Ctrl-54808775	6059064.0	Lx5c:L1:LINE	16422	249	1340.07	1456	92.04
VC35B-Ctrl-54808775	6059064.0	MER2:TcMar-Tigger:DNA	10246	698	1338.68	1409	95.01
VC35B-Ctrl-54808775	6059064.0	SSU-rRNA_Hsa:rRNA:rRNA	45	142	1333.65	1316	101.34
VC35B-Ctrl-54808775	6059064.0	BC1_Mm:scRNA:scRNA	6758	829	1290.03	1399	92.21
VC35B-Ctrl-54808775	6059064.0	ORR1A2-int:ERVL-MaLR:LTR	2132	285	1285.15	1349	95.27
VC35B-Ctrl-54808775	6059064.0	L1VL2:L1:LINE	4697	221	1231.30	1256	98.03
VC35B-Ctrl-54808775	6059064.0	MER20:hAT-Charlie:DNA	5994	825	1204.89	1272	94.72
VC35B-Ctrl-54808775	6059064.0	ORR1B2:ERVL-MaLR:LTR	8528	480	1198.53	1256	95.42
VC35B-Ctrl-54808775	6059064.0	MTEb:ERVL-MaLR:LTR	10811	572	1180.05	1227	96.17
VC35B-Ctrl-54808775	6059064.0	MER5A:hAT-Charlie:DNA	8982	866	1160.90	1221	95.08
VC35B-Ctrl-54808775	6059064.0	MT2_Mm:ERVL:LTR	2667	405	1143.89	1112	102.87
VC35B-Ctrl-54808775	6059064.0	MT2B1:ERVL:LTR	7248	367	1136.61	1194	95.19
VC35B-Ctrl-54808775	6059064.0	L1_Mus4:L1:LINE	11880	170	1131.43	1219	92.82
VC35B-Ctrl-54808775	6059064.0	ID2:ID:SINE	5671	854	1068.79	1153	92.70
VC35B-Ctrl-54808775	6059064.0	Lx2B2:L1:LINE	11012	118	1063.47	1128	94.28
VC35B-Ctrl-54808775	6059064.0	LTRIS2:ERV1:LTR	1423	113	1060.17	1071	98.99
VC35B-Ctrl-54808775	6059064.0	L1MB8:L1:LINE	6000	402	1048.95	1121	93.57
VC35B-Ctrl-54808775	6059064.0	RLTR17B_Mm:ERVK:LTR	27369	668	1031.71	1145	90.11
VC35B-Ctrl-54808775	6059064.0	L1MC4:L1:LINE	5589	468	1026.31	1089	94.24
VC35B-Ctrl-54808775	6059064.0	ORR1C1:ERVL-MaLR:LTR	7423	342	1023.34	1110	92.19
VC35B-Ctrl-54808775	6059064.0	MLT1A1:ERVL-MaLR:LTR	9015	624	1016.81	1126	90.30
VC35B-Ctrl-54808775	6059064.0	RLTRETN_Mm:ERVK:LTR	1355	81	1011.83	1513	66.88
VC35B-Ctrl-54808775	6059064.0	RCHARR1:hAT-Charlie:DNA	6811	280	996.64	1102	90.44
VC35B-Ctrl-54808775	6059064.0	MLT1B:ERVL-MaLR:LTR	9316	439	985.26	1014	97.17
VC35B-Ctrl-54808775	6059064.0	L1_Rod:L1:LINE	11315	225	973.16	1030	94.48
VC35B-Ctrl-54808775	6059064.0	RMER4B:ERVK:LTR	5158	362	962.37	1008	95.47
VC35B-Ctrl-54808775	6059064.0	MER34B-int:ERV1:LTR	81	310	949.00	948	100.11
VC35B-Ctrl-54808775	6059064.0	L1VL4:L1:LINE	6091	113	922.43	962	95.89
VC35B-Ctrl-54808775	6059064.0	MT2B2:ERVL:LTR	3655	495	913.47	1028	88.86
VC35B-Ctrl-54808775	6059064.0	RMER1A:Other:Other	3854	114	906.15	983	92.18
VC35B-Ctrl-54808775	6059064.0	ORR1B1-int:ERVL-MaLR:LTR	2965	151	897.89	1004	89.43
VC35B-Ctrl-54808775	6059064.0	RMER5:ERV1:LTR	7418	358	884.54	936	94.50
VC35B-Ctrl-54808775	6059064.0	ID:ID:SINE	8022	618	872.25	1008	86.53
VC35B-Ctrl-54808775	6059064.0	L1MB3:L1:LINE	5343	380	866.30	948	91.38
VC35B-Ctrl-54808775	6059064.0	MLT1D:ERVL-MaLR:LTR	8368	389	864.61	909	95.12
VC35B-Ctrl-54808775	6059064.0	Lx3_Mus:L1:LINE	12651	133	850.81	909	93.60
VC35B-Ctrl-54808775	6059064.0	L1MEi:L1:LINE	478	219	846.82	891	95.04
VC35B-Ctrl-54808775	6059064.0	L1ME1:L1:LINE	5261	323	841.65	906	92.90
VC35B-Ctrl-54808775	6059064.0	MLT1A0:ERVL-MaLR:LTR	10413	382	828.99	893	92.83
VC35B-Ctrl-54808775	6059064.0	MYSERV6-int:ERVK:LTR	3183	93	817.05	843	96.92
VC35B-Ctrl-54808775	6059064.0	ORR1A0-int:ERVL-MaLR:LTR	456	11	807.46	836	96.59
VC35B-Ctrl-54808775	6059064.0	MTB_Mm:ERVL-MaLR:LTR	4963	299	804.50	856	93.98
VC35B-Ctrl-54808775	6059064.0	L1MA4:L1:LINE	7467	259	800.94	861	93.02
VC35B-Ctrl-54808775	6059064.0	ORR1A0:ERVL-MaLR:LTR	2133	153	794.82	886	89.71
VC35B-Ctrl-54808775	6059064.0	Lx3A:L1:LINE	9223	224	792.75	840	94.38
VC35B-Ctrl-54808775	6059064.0	tRNA-Ser-TCA(m):tRNA:tRNA	4	422	787.00	663	118.70
VC35B-Ctrl-54808775	6059064.0	RLTR9E:ERVK:LTR	1318	150	785.07	845	92.91
VC35B-Ctrl-54808775	6059064.0	MER58A:hAT-Charlie:DNA	3714	495	785.01	812	96.68
VC35B-Ctrl-54808775	6059064.0	ORR1A4-int:ERVL-MaLR:LTR	1326	31	771.20	837	92.14
VC35B-Ctrl-54808775	6059064.0	RMER10A:ERVL:LTR	4464	319	766.39	804	95.32
VC35B-Ctrl-54808775	6059064.0	Lx4A:L1:LINE	10564	163	758.81	792	95.81
VC35B-Ctrl-54808775	6059064.0	MTE-int:ERVL-MaLR:LTR	4958	256	746.04	807	92.45
VC35B-Ctrl-54808775	6059064.0	Lx4B:L1:LINE	5680	100	744.18	757	98.31
VC35B-Ctrl-54808775	6059064.0	MLTR14:ERV1:LTR	6798	302	742.00	786	94.40
VC35B-Ctrl-54808775	6059064.0	L1Md_Gf:L1:LINE	1080	29	738.86	2365	31.24
VC35B-Ctrl-54808775	6059064.0	L1MC1:L1:LINE	5571	270	735.34	773	95.13
VC35B-Ctrl-54808775	6059064.0	ORR1A3:ERVL-MaLR:LTR	4381	207	719.21	771	93.28
VC35B-Ctrl-54808775	6059064.0	RLTR25B:ERVK:LTR	3674	340	715.51	909	78.71
VC35B-Ctrl-54808775	6059064.0	RLTR17:ERVK:LTR	1758	149	713.90	737	96.87
VC35B-Ctrl-54808775	6059064.0	L1MD:L1:LINE	6361	333	709.79	776	91.47
VC35B-Ctrl-54808775	6059064.0	Tigger7:TcMar-Tigger:DNA	5206	290	703.96	742	94.87
VC35B-Ctrl-54808775	6059064.0	L1Md_F:L1:LINE	4016	52	701.52	1119	62.69
VC35B-Ctrl-54808775	6059064.0	MLT1C:ERVL-MaLR:LTR	7791	399	700.04	732	95.63
VC35B-Ctrl-54808775	6059064.0	RMER4A:ERVK:LTR	3287	296	685.31	721	95.05
VC35B-Ctrl-54808775	6059064.0	L1MEg:L1:LINE	3797	450	684.71	714	95.90
VC35B-Ctrl-54808775	6059064.0	L1MC5:L1:LINE	3476	338	683.87	750	91.18
VC35B-Ctrl-54808775	6059064.0	L1MB2:L1:LINE	2927	246	679.55	716	94.91
VC35B-Ctrl-54808775	6059064.0	Lx5b:L1:LINE	7975	178	674.67	702	96.11
VC35B-Ctrl-54808775	6059064.0	L1MB5:L1:LINE	3766	251	664.75	716	92.84
VC35B-Ctrl-54808775	6059064.0	Charlie1a:hAT-Charlie:DNA	2660	232	662.13	716	92.48
VC35B-Ctrl-54808775	6059064.0	L1M3:L1:LINE	7043	262	652.83	702	93.00
VC35B-Ctrl-54808775	6059064.0	MER5B:hAT-Charlie:DNA	5140	435	620.29	634	97.84
VC35B-Ctrl-54808775	6059064.0	L1MC3:L1:LINE	5288	251	616.15	638	96.57
VC35B-Ctrl-54808775	6059064.0	RMER6C:ERVK:LTR	4887	160	612.84	684	89.60
VC35B-Ctrl-54808775	6059064.0	RLTR11A:ERVK:LTR	2655	252	608.18	658	92.43
VC35B-Ctrl-54808775	6059064.0	MER21B:ERVL:LTR	1618	251	591.91	603	98.16
VC35B-Ctrl-54808775	6059064.0	MTD-int:ERVL-MaLR:LTR	2521	58	590.03	671	87.93
VC35B-Ctrl-54808775	6059064.0	MTC-int:ERVL-MaLR:LTR	3520	81	573.96	630	91.11
VC35B-Ctrl-54808775	6059064.0	MurERV4-int:ERVK:LTR	1525	66	573.22	591	96.99
VC35B-Ctrl-54808775	6059064.0	L1MEc:L1:LINE	5378	258	569.89	605	94.20
VC35B-Ctrl-54808775	6059064.0	L1MEd:L1:LINE	3245	393	567.89	592	95.93
VC35B-Ctrl-54808775	6059064.0	MMERVK9E_I-int:ERVK:LTR	1568	34	566.88	600	94.48
VC35B-Ctrl-54808775	6059064.0	ORR1A1:ERVL-MaLR:LTR	4414	204	559.43	659	84.89
VC35B-Ctrl-54808775	6059064.0	L1MA6:L1:LINE	6985	213	558.79	589	94.87
VC35B-Ctrl-54808775	6059064.0	MER58B:hAT-Charlie:DNA	2843	307	535.58	554	96.67
VC35B-Ctrl-54808775	6059064.0	L1MC:L1:LINE	5426	276	534.87	584	91.59
VC35B-Ctrl-54808775	6059064.0	U5:snRNA:snRNA	85	152	530.04	430	123.26
VC35B-Ctrl-54808775	6059064.0	MLTR25A:ERVK:LTR	2168	136	515.72	579	89.07
VC35B-Ctrl-54808775	6059064.0	L1MC4a:L1:LINE	3077	221	513.38	549	93.51
VC35B-Ctrl-54808775	6059064.0	Lx2B:L1:LINE	6191	93	508.46	528	96.30
VC35B-Ctrl-54808775	6059064.0	MusHAL1:L1:LINE	3890	136	504.33	528	95.52
VC35B-Ctrl-54808775	6059064.0	L1MD2:L1:LINE	3227	199	498.39	532	93.68
VC35B-Ctrl-54808775	6059064.0	L1_Mur1:L1:LINE	7793	54	492.05	631	77.98
VC35B-Ctrl-54808775	6059064.0	HAL1:L1:LINE	3550	258	483.63	507	95.39
VC35B-Ctrl-54808775	6059064.0	ORR1G:ERVL-MaLR:LTR	4680	235	483.48	505	95.74
VC35B-Ctrl-54808775	6059064.0	RMER30:hAT-Charlie:DNA	3588	334	479.39	508	94.37
VC35B-Ctrl-54808775	6059064.0	MMERGLN-int:ERV1:LTR	856	20	478.38	463	103.32
VC35B-Ctrl-54808775	6059064.0	RLTR4_MM-int:ERV1:LTR	432	79	470.44	426	110.43
VC35B-Ctrl-54808775	6059064.0	RLTR31D_MM:ERVK:LTR	8270	229	464.71	647	71.83
VC35B-Ctrl-54808775	6059064.0	MER3:hAT-Charlie:DNA	2967	329	463.25	494	93.78
VC35B-Ctrl-54808775	6059064.0	4.5SRNA:scRNA:scRNA	1517	137	455.77	507	89.90
VC35B-Ctrl-54808775	6059064.0	ORR1A1-int:ERVL-MaLR:LTR	859	50	455.06	509	89.40
VC35B-Ctrl-54808775	6059064.0	RLTR6-int:ERV1:LTR	1220	64	453.31	473	95.84
VC35B-Ctrl-54808775	6059064.0	L1VL1:L1:LINE	1797	47	449.73	513	87.67
VC35B-Ctrl-54808775	6059064.0	RLTR20A4:ERVK:LTR	11527	324	445.73	503	88.61
VC35B-Ctrl-54808775	6059064.0	MER21C:ERVL:LTR	2261	190	445.54	465	95.82
VC35B-Ctrl-54808775	6059064.0	tRNA-Ala-GCY_:tRNA:tRNA	2580	365	443.59	480	92.41
VC35B-Ctrl-54808775	6059064.0	RLTR11B:ERVK:LTR	1049	269	441.45	460	95.97
VC35B-Ctrl-54808775	6059064.0	RLTR40:ERVK:LTR	2651	106	437.13	453	96.50
VC35B-Ctrl-54808775	6059064.0	RLTR45-int:ERVK:LTR	1317	55	433.63	410	105.76
VC35B-Ctrl-54808775	6059064.0	Lx10:L1:LINE	10010	130	433.56	468	92.64
VC35B-Ctrl-54808775	6059064.0	MLT1K:ERVL-MaLR:LTR	2759	194	429.81	441	97.46
VC35B-Ctrl-54808775	6059064.0	L1MA5:L1:LINE	4952	185	425.96	466	91.41
VC35B-Ctrl-54808775	6059064.0	ERVB4_1C-LTR_Mm:ERVK:LTR	961	2	424.67	1209	35.13
VC35B-Ctrl-54808775	6059064.0	L1MA8:L1:LINE	3882	214	419.41	447	93.83
VC35B-Ctrl-54808775	6059064.0	RMER15-int:ERVL:LTR	3100	105	418.45	441	94.89
VC35B-Ctrl-54808775	6059064.0	RLTR11A2:ERVK:LTR	2676	127	416.76	439	94.93
VC35B-Ctrl-54808775	6059064.0	MLTR18B_MM:ERVK:LTR	468	72	414.95	420	98.80
VC35B-Ctrl-54808775	6059064.0	Charlie5:hAT-Charlie:DNA	1547	352	412.97	430	96.04
VC35B-Ctrl-54808775	6059064.0	ORR1D1-int:ERVL-MaLR:LTR	1715	63	411.57	488	84.34
VC35B-Ctrl-54808775	6059064.0	MER33:hAT-Charlie:DNA	2719	211	411.44	431	95.46
VC35B-Ctrl-54808775	6059064.0	Lx3C:L1:LINE	6475	64	407.49	427	95.43
VC35B-Ctrl-54808775	6059064.0	RLTR42-int:ERVK:LTR	2473	181	406.08	417	97.38
VC35B-Ctrl-54808775	6059064.0	L1MCa:L1:LINE	3565	187	396.17	413	95.93
VC35B-Ctrl-54808775	6059064.0	MYSERV16_I-int:ERVK:LTR	2516	54	395.42	414	95.51
VC35B-Ctrl-54808775	6059064.0	RLTR10-int:ERVK:LTR	2617	23	393.61	367	107.25
VC35B-Ctrl-54808775	6059064.0	L1MB4:L1:LINE	2690	201	384.81	406	94.78
VC35B-Ctrl-54808775	6059064.0	Tigger1:TcMar-Tigger:DNA	1025	125	381.82	392	97.40
VC35B-Ctrl-54808775	6059064.0	MT2C_Mm:ERVL:LTR	1982	114	378.83	402	94.24
VC35B-Ctrl-54808775	6059064.0	RLTR15:ERVK:LTR	2437	131	377.83	396	95.41
VC35B-Ctrl-54808775	6059064.0	MER5A1:hAT-Charlie:DNA	3905	271	376.55	381	98.83
VC35B-Ctrl-54808775	6059064.0	LTR50:ERVL:LTR	549	76	373.85	250	149.54
VC35B-Ctrl-54808775	6059064.0	RMER10B:ERVL:LTR	3002	181	373.41	408	91.52
VC35B-Ctrl-54808775	6059064.0	MamSINE1:tRNA:SINE	410	315	370.50	371	99.87
VC35B-Ctrl-54808775	6059064.0	MER44B:TcMar-Tigger:DNA	1493	211	364.46	387	94.18
VC35B-Ctrl-54808775	6059064.0	RLTR21:ERVK:LTR	3816	92	362.43	377	96.14
VC35B-Ctrl-54808775	6059064.0	LTRIS_Mus:ERV1:LTR	919	84	360.38	366	98.47
VC35B-Ctrl-54808775	6059064.0	ORR1A3-int:ERVL-MaLR:LTR	2435	60	357.85	428	83.61
VC35B-Ctrl-54808775	6059064.0	BGLII:ERVK:LTR	2269	132	355.69	355	100.19
VC35B-Ctrl-54808775	6059064.0	RMER1C:Other:Other	6347	141	351.78	377	93.31
VC35B-Ctrl-54808775	6059064.0	RMER19A:ERVK:LTR	2095	84	349.82	356	98.26
VC35B-Ctrl-54808775	6059064.0	L3b:CR1:LINE	2304	270	348.08	358	97.23
VC35B-Ctrl-54808775	6059064.0	RMER17C:ERVK:LTR	6479	159	347.79	383	90.81
VC35B-Ctrl-54808775	6059064.0	Charlie1:hAT-Charlie:DNA	977	127	345.01	368	93.75
VC35B-Ctrl-54808775	6059064.0	LFSINE_Vert:tRNA:SINE	1208	288	344.50	346	99.57
VC35B-Ctrl-54808775	6059064.0	MLT1A:ERVL-MaLR:LTR	4950	192	344.30	359	95.91
VC35B-Ctrl-54808775	6059064.0	RMER12:ERVK:LTR	3319	99	342.79	364	94.17
VC35B-Ctrl-54808775	6059064.0	RMER6D:ERVK:LTR	2411	93	342.48	358	95.67
VC35B-Ctrl-54808775	6059064.0	MTB-int:ERVL-MaLR:LTR	592	17	342.46	417	82.12
VC35B-Ctrl-54808775	6059064.0	L1MA9:L1:LINE	4587	111	340.71	364	93.60
VC35B-Ctrl-54808775	6059064.0	L1MC5a:L1:LINE	2588	187	338.94	367	92.36
VC35B-Ctrl-54808775	6059064.0	RLTR25A:ERVK:LTR	1781	153	336.79	402	83.78
VC35B-Ctrl-54808775	6059064.0	MLT1J:ERVL-MaLR:LTR	2943	193	336.00	343	97.96
VC35B-Ctrl-54808775	6059064.0	RLTR22_Mur:ERVK:LTR	2503	82	335.97	340	98.81
VC35B-Ctrl-54808775	6059064.0	MER68:ERVL:LTR	637	144	335.14	347	96.58
VC35B-Ctrl-54808775	6059064.0	L1ME4a:L1:LINE	1560	199	334.76	358	93.51
VC35B-Ctrl-54808775	6059064.0	RLTR49:ERVK:LTR	933	202	334.30	360	92.86
VC35B-Ctrl-54808775	6059064.0	RMER19B2:ERVK:LTR	2296	70	331.39	340	97.47
VC35B-Ctrl-54808775	6059064.0	ETnERV3-int:ERVK:LTR	560	19	330.21	321	102.87
VC35B-Ctrl-54808775	6059064.0	RLTR28:ERVL:LTR	1949	176	329.23	343	95.99
VC35B-Ctrl-54808775	6059064.0	RLTR16B_MM:ERVK:LTR	635	98	320.65	331	96.87
VC35B-Ctrl-54808775	6059064.0	IAPLTR1_Mm:ERVK:LTR	1492	4	319.73	372	85.95
VC35B-Ctrl-54808775	6059064.0	RMER17B:ERVK:LTR	2898	73	316.88	329	96.32
VC35B-Ctrl-54808775	6059064.0	RLTR20B1:ERVK:LTR	668	58	314.78	309	101.87
VC35B-Ctrl-54808775	6059064.0	MLT1F:ERVL-MaLR:LTR	1561	196	310.57	323	96.15
VC35B-Ctrl-54808775	6059064.0	RLTR12C:ERVK:LTR	319	185	308.53	312	98.89
VC35B-Ctrl-54808775	6059064.0	L1MEf:L1:LINE	3127	132	308.36	332	92.88
VC35B-Ctrl-54808775	6059064.0	ORR1E-int:ERVL-MaLR:LTR	1446	39	306.32	324	94.54
VC35B-Ctrl-54808775	6059064.0	L1MC2:L1:LINE	2252	119	304.62	316	96.40
VC35B-Ctrl-54808775	6059064.0	L1MA7:L1:LINE	3250	116	304.48	330	92.27
VC35B-Ctrl-54808775	6059064.0	ETnERV2-int:ERVK:LTR	1805	23	301.13	315	95.60
VC35B-Ctrl-54808775	6059064.0	MLTR11A:ERVK:LTR	2124	117	300.87	320	94.02
VC35B-Ctrl-54808775	6059064.0	AmnSINE1:Deu:SINE	1311	257	299.92	303	98.98
VC35B-Ctrl-54808775	6059064.0	U6:snRNA:snRNA	1353	134	298.65	287	104.06
VC35B-Ctrl-54808775	6059064.0	L1MD1:L1:LINE	2268	103	297.89	308	96.72
VC35B-Ctrl-54808775	6059064.0	L1M4b:L1:LINE	2190	139	294.61	308	95.65
VC35B-Ctrl-54808775	6059064.0	MLTR11B:ERVK:LTR	2985	101	293.36	310	94.63
VC35B-Ctrl-54808775	6059064.0	L1M4c:L1:LINE	2049	79	290.49	313	92.81
VC35B-Ctrl-54808775	6059064.0	RLTR20C1_MM:ERVK:LTR	5561	237	290.47	310	93.70
VC35B-Ctrl-54808775	6059064.0	RLTR14-int:ERV1:LTR	1816	125	290.32	294	98.75
VC35B-Ctrl-54808775	6059064.0	RMER13B:ERVK:LTR	2134	79	288.44	301	95.83
VC35B-Ctrl-54808775	6059064.0	L1ME3A:L1:LINE	2086	141	287.48	298	96.47
VC35B-Ctrl-54808775	6059064.0	MLT1E2:ERVL-MaLR:LTR	1821	129	284.16	298	95.36
VC35B-Ctrl-54808775	6059064.0	L1MD3:L1:LINE	2480	132	284.04	305	93.13
VC35B-Ctrl-54808775	6059064.0	RLTR14:ERV1:LTR	2341	106	280.92	287	97.88
VC35B-Ctrl-54808775	6059064.0	MamGyp-int:Gypsy:LTR	28	46	278.09	277	100.39
VC35B-Ctrl-54808775	6059064.0	RMER21A:ERV1:LTR	622	140	277.47	280	99.10
VC35B-Ctrl-54808775	6059064.0	RMER12C:ERVK:LTR	4954	110	276.57	306	90.38
VC35B-Ctrl-54808775	6059064.0	RMER6B:ERVK:LTR	1360	93	276.25	301	91.78
VC35B-Ctrl-54808775	6059064.0	MER58C:hAT-Charlie:DNA	436	221	263.69	267	98.76
VC35B-Ctrl-54808775	6059064.0	Tigger19a:TcMar-Tigger:DNA	771	213	260.34	259	100.52
VC35B-Ctrl-54808775	6059064.0	L1MDa:L1:LINE	3451	107	259.04	285	90.89
VC35B-Ctrl-54808775	6059064.0	IAPEY4_I-int:ERVK:LTR	521	6	257.52	246	104.68
VC35B-Ctrl-54808775	6059064.0	L1ME4b:L1:LINE	1818	137	256.85	275	93.40
VC35B-Ctrl-54808775	6059064.0	RLTR10C:ERVK:LTR	1779	58	254.06	255	99.63
VC35B-Ctrl-54808775	6059064.0	RLTR18:ERVK:LTR	610	42	253.33	260	97.44
VC35B-Ctrl-54808775	6059064.0	RMER13A2:ERVK:LTR	1473	91	252.98	262	96.56
VC35B-Ctrl-54808775	6059064.0	HAL1ME:L1:LINE	900	143	252.48	292	86.47
VC35B-Ctrl-54808775	6059064.0	Tigger5:TcMar-Tigger:DNA	1975	117	249.20	278	89.64
VC35B-Ctrl-54808775	6059064.0	L1ME2:L1:LINE	2633	96	247.54	265	93.41
VC35B-Ctrl-54808775	6059064.0	ORR1D2-int:ERVL-MaLR:LTR	1361	43	244.66	271	90.28
VC35B-Ctrl-54808775	6059064.0	MLT1G1:ERVL-MaLR:LTR	1080	48	244.00	245	99.59
VC35B-Ctrl-54808775	6059064.0	L1MB1:L1:LINE	2524	87	240.67	262	91.86
VC35B-Ctrl-54808775	6059064.0	RLTR18B:ERVK:LTR	989	65	236.20	253	93.36
VC35B-Ctrl-54808775	6059064.0	Tigger5b:TcMar-Tigger:DNA	2473	129	235.87	271	87.04
VC35B-Ctrl-54808775	6059064.0	ORR1C2-int:ERVL-MaLR:LTR	914	32	235.56	255	92.38
VC35B-Ctrl-54808775	6059064.0	RMER17C-int:ERVK:LTR	1940	55	234.41	235	99.75
VC35B-Ctrl-54808775	6059064.0	IAP1-MM_I-int:ERVK:LTR	479	73	234.24	233	100.53
VC35B-Ctrl-54808775	6059064.0	L1MA4A:L1:LINE	2709	58	234.20	257	91.13
VC35B-Ctrl-54808775	6059064.0	RMER19C:ERVK:LTR	2729	46	234.19	244	95.98
VC35B-Ctrl-54808775	6059064.0	MLT1F2:ERVL-MaLR:LTR	2297	98	233.97	249	93.96
VC35B-Ctrl-54808775	6059064.0	RLTR14_RN:ERV1:LTR	1148	75	230.59	244	94.50
VC35B-Ctrl-54808775	6059064.0	RLTR13A2:ERVK:LTR	151	15	230.47	229	100.64
VC35B-Ctrl-54808775	6059064.0	RMER3D-int:ERVK:LTR	2711	31	230.11	239	96.28
VC35B-Ctrl-54808775	6059064.0	RLTR33:ERVK:LTR	1336	50	227.50	239	95.19
VC35B-Ctrl-54808775	6059064.0	MYSERV-int:ERVK:LTR	1435	29	226.46	237	95.55
VC35B-Ctrl-54808775	6059064.0	Charlie8:hAT-Charlie:DNA	728	107	221.65	229	96.79
VC35B-Ctrl-54808775	6059064.0	MuRRS4-int:ERV1:LTR	2735	32	219.70	305	72.03
VC35B-Ctrl-54808775	6059064.0	L1ME3:L1:LINE	1527	91	219.60	235	93.45
VC35B-Ctrl-54808775	6059064.0	MLT1H:ERVL-MaLR:LTR	2322	110	219.36	241	91.02
VC35B-Ctrl-54808775	6059064.0	Charlie6:hAT-Charlie:DNA	148	78	216.50	216	100.23
VC35B-Ctrl-54808775	6059064.0	RLTR13B1:ERVK:LTR	1029	32	215.24	224	96.09
VC35B-Ctrl-54808775	6059064.0	Tigger10:TcMar-Tigger:DNA	242	70	211.91	215	98.56
VC35B-Ctrl-54808775	6059064.0	MRLTR33:ERVK:LTR	624	95	206.16	210	98.17
VC35B-Ctrl-54808775	6059064.0	RLTR31B2:ERVK:LTR	1192	61	205.83	227	90.68
VC35B-Ctrl-54808775	6059064.0	RMER20A:ERVK:LTR	1559	50	205.54	228	90.15
VC35B-Ctrl-54808775	6059064.0	RLTR41:ERV1:LTR	1121	62	204.65	242	84.57
VC35B-Ctrl-54808775	6059064.0	RMER17D:ERVK:LTR	1166	72	201.95	200	100.97
VC35B-Ctrl-54808775	6059064.0	RLTR9D:ERVK:LTR	803	40	198.08	233	85.01
VC35B-Ctrl-54808775	6059064.0	Tigger15a:TcMar-Tigger:DNA	704	132	197.48	200	98.74
VC35B-Ctrl-54808775	6059064.0	Tigger17a:TcMar-Tigger:DNA	908	58	195.73	207	94.56
VC35B-Ctrl-54808775	6059064.0	MARNA:TcMar-Mariner:DNA	562	120	192.92	194	99.44
VC35B-Ctrl-54808775	6059064.0	RLTR23:ERV1:LTR	1524	74	192.89	205	94.09
VC35B-Ctrl-54808775	6059064.0	L1ME2z:L1:LINE	1533	105	191.74	202	94.92
VC35B-Ctrl-54808775	6059064.0	Charlie1b:hAT-Charlie:DNA	952	94	189.35	205	92.37
VC35B-Ctrl-54808775	6059064.0	RLTR12B:ERVK:LTR	909	74	185.92	197	94.37
VC35B-Ctrl-54808775	6059064.0	MERV1_I-int:ERV1:LTR	1365	38	184.28	187	98.54
VC35B-Ctrl-54808775	6059064.0	RLTR22_Mus:ERVK:LTR	1191	26	183.57	193	95.11
VC35B-Ctrl-54808775	6059064.0	ORR1D-int:ERVL-MaLR:LTR	878	39	183.08	199	92.00
VC35B-Ctrl-54808775	6059064.0	RLTR12E:ERVK:LTR	615	62	181.24	191	94.89
VC35B-Ctrl-54808775	6059064.0	L1ME3Cz:L1:LINE	1051	92	180.22	189	95.35
VC35B-Ctrl-54808775	6059064.0	RLTR13D3A1:ERVK:LTR	613	61	179.79	194	92.68
VC35B-Ctrl-54808775	6059064.0	Cheshire:hAT-Charlie:DNA	1091	84	179.46	192	93.47
VC35B-Ctrl-54808775	6059064.0	RLTR13E:ERVK:LTR	603	25	178.99	222	80.63
VC35B-Ctrl-54808775	6059064.0	RMER20B:ERVK:LTR	1949	63	178.85	194	92.19
VC35B-Ctrl-54808775	6059064.0	MTEa-int:ERVL-MaLR:LTR	1368	23	178.07	192	92.75
VC35B-Ctrl-54808775	6059064.0	RMER13A1:ERVK:LTR	1082	42	177.72	188	94.53
VC35B-Ctrl-54808775	6059064.0	RMER17A2:ERVK:LTR	2598	28	177.49	179	99.16
VC35B-Ctrl-54808775	6059064.0	RLTR44-int:ERVK:LTR	653	23	174.71	178	98.15
VC35B-Ctrl-54808775	6059064.0	MER34A1:ERV1:LTR	541	54	168.67	172	98.06
VC35B-Ctrl-54808775	6059064.0	MER20B:hAT-Charlie:DNA	831	103	168.61	176	95.80
VC35B-Ctrl-54808775	6059064.0	MLT1M:ERVL-MaLR:LTR	212	131	168.00	169	99.41
VC35B-Ctrl-54808775	6059064.0	RLTR12BD_Mm:ERVK:LTR	883	67	167.15	172	97.18
VC35B-Ctrl-54808775	6059064.0	MLT1F1:ERVL-MaLR:LTR	1608	86	165.92	174	95.36
VC35B-Ctrl-54808775	6059064.0	MER2B:TcMar-Tigger:DNA	1093	120	165.01	177	93.23
VC35B-Ctrl-54808775	6059064.0	RLTR20C2_MM:ERVK:LTR	3620	76	163.85	185	88.57
VC35B-Ctrl-54808775	6059064.0	Charlie4a:hAT-Charlie:DNA	1121	97	162.15	173	93.73
VC35B-Ctrl-54808775	6059064.0	RLTR10:ERVK:LTR	2930	15	160.85	167	96.32
VC35B-Ctrl-54808775	6059064.0	Charlie2b:hAT-Charlie:DNA	884	93	160.67	166	96.79
VC35B-Ctrl-54808775	6059064.0	MurERV4_19-int:ERVK:LTR	969	19	159.35	214	74.46
VC35B-Ctrl-54808775	6059064.0	MER46C:TcMar-Tigger:DNA	788	110	157.97	167	94.59
VC35B-Ctrl-54808775	6059064.0	RLTR13C2:ERVK:LTR	844	13	157.67	168	93.85
VC35B-Ctrl-54808775	6059064.0	MMAR1:TcMar-Mariner:DNA	309	41	156.61	168	93.22
VC35B-Ctrl-54808775	6059064.0	HY3:scRNA:scRNA	15	98	152.50	153	99.67
VC35B-Ctrl-54808775	6059064.0	RLTR17D_Mm:ERVK:LTR	1225	21	151.86	163	93.16
VC35B-Ctrl-54808775	6059064.0	RLTR13B2:ERVK:LTR	314	12	151.85	132	115.04
VC35B-Ctrl-54808775	6059064.0	L1MA5A:L1:LINE	1231	35	151.39	157	96.43
VC35B-Ctrl-54808775	6059064.0	LTR72_RN:ERV1:LTR	1000	72	150.44	161	93.44
VC35B-Ctrl-54808775	6059064.0	MLT1L:ERVL-MaLR:LTR	1535	115	150.40	152	98.95
VC35B-Ctrl-54808775	6059064.0	RLTR20D:ERVK:LTR	777	26	150.25	173	86.85
VC35B-Ctrl-54808775	6059064.0	RMER17B2:ERVK:LTR	898	23	150.16	161	93.26
VC35B-Ctrl-54808775	6059064.0	RLTR1B:ERV1:LTR	893	21	149.83	168	89.19
VC35B-Ctrl-54808775	6059064.0	L1ME3G:L1:LINE	1161	85	149.62	152	98.43
VC35B-Ctrl-54808775	6059064.0	MERV1_LTR:ERV1:LTR	615	95	149.26	158	94.47
VC35B-Ctrl-54808775	6059064.0	RMER17A:ERVK:LTR	1819	37	148.55	159	93.43
VC35B-Ctrl-54808775	6059064.0	L1M3e:L1:LINE	652	76	148.33	149	99.55
VC35B-Ctrl-54808775	6059064.0	MURVY-LTR:ERV1:LTR	1910	45	147.54	148	99.69
VC35B-Ctrl-54808775	6059064.0	RLTR26_Mus:ERVK:LTR	1091	41	146.83	150	97.89
VC35B-Ctrl-54808775	6059064.0	RodERV21-int:ERV1:LTR	1856	25	146.57	152	96.43
VC35B-Ctrl-54808775	6059064.0	RLTR12D:ERVK:LTR	647	72	145.48	159	91.49
VC35B-Ctrl-54808775	6059064.0	RMER2:ERV1:LTR	2358	58	144.55	150	96.37
VC35B-Ctrl-54808775	6059064.0	MLT-int:ERVL-MaLR:LTR	846	58	143.82	154	93.39
VC35B-Ctrl-54808775	6059064.0	tRNA-Ala-GCA:tRNA:tRNA	749	125	143.04	151	94.73
VC35B-Ctrl-54808775	6059064.0	Tigger6a:TcMar-Tigger:DNA	369	61	141.48	147	96.25
VC35B-Ctrl-54808775	6059064.0	MLT1J2:ERVL-MaLR:LTR	1110	115	141.39	144	98.18
VC35B-Ctrl-54808775	6059064.0	IAPLTR2_Mm:ERVK:LTR	1388	22	140.46	164	85.65
VC35B-Ctrl-54808775	6059064.0	RMER12B:ERVK:LTR	1011	22	140.25	141	99.47
VC35B-Ctrl-54808775	6059064.0	U8:snRNA:snRNA	5	30	140.00	140	100.00
VC35B-Ctrl-54808775	6059064.0	ORR1C1-int:ERVL-MaLR:LTR	783	17	138.61	146	94.94
VC35B-Ctrl-54808775	6059064.0	MLTR18A_MM:ERVK:LTR	299	31	134.32	145	92.63
VC35B-Ctrl-54808775	6059064.0	MTE2a-int:ERVL-MaLR:LTR	795	31	131.92	158	83.49
VC35B-Ctrl-54808775	6059064.0	RLTR16:ERVK:LTR	1350	37	131.75	145	90.87
VC35B-Ctrl-54808775	6059064.0	X7B_LINE:CR1:LINE	162	40	131.67	136	96.81
VC35B-Ctrl-54808775	6059064.0	AmnSINE2:Deu:SINE	391	109	131.50	133	98.87
VC35B-Ctrl-54808775	6059064.0	MLT1G3:ERVL-MaLR:LTR	1075	63	129.80	134	96.86
VC35B-Ctrl-54808775	6059064.0	RLTR19:ERVK:LTR	944	19	129.15	137	94.27
VC35B-Ctrl-54808775	6059064.0	RMER6BA:ERVK:LTR	957	60	128.14	154	83.21
VC35B-Ctrl-54808775	6059064.0	BGLII_B:ERVK:LTR	960	44	127.55	133	95.90
VC35B-Ctrl-54808775	6059064.0	MER31B:ERV1:LTR	558	66	127.03	130	97.71
VC35B-Ctrl-54808775	6059064.0	RLTR24:ERV1:LTR	1240	52	126.84	139	91.25
VC35B-Ctrl-54808775	6059064.0	L4_A_Mam:RTE-X:LINE	630	104	124.67	126	98.94
VC35B-Ctrl-54808775	6059064.0	MLT2D:ERVL:LTR	1567	68	124.07	131	94.71
VC35B-Ctrl-54808775	6059064.0	RLTR12A:ERVK:LTR	829	28	123.62	130	95.09
VC35B-Ctrl-54808775	6059064.0	RLTR10F:ERVK:LTR	482	19	123.50	122	101.23
VC35B-Ctrl-54808775	6059064.0	ORR1B2-int:ERVL-MaLR:LTR	857	13	122.71	133	92.26
VC35B-Ctrl-54808775	6059064.0	RLTR13D6:ERVK:LTR	805	27	120.76	128	94.34
VC35B-Ctrl-54808775	6059064.0	L1ME3B:L1:LINE	735	46	120.46	125	96.37
VC35B-Ctrl-54808775	6059064.0	MER53:hAT:DNA	1693	84	120.17	124	96.91
VC35B-Ctrl-54808775	6059064.0	IAPLTR2a2_Mm:ERVK:LTR	1541	23	118.16	125	94.52
VC35B-Ctrl-54808775	6059064.0	RLTR30D2_MM:ERV1:LTR	741	42	117.90	122	96.64
VC35B-Ctrl-54808775	6059064.0	L1M2b:L1:LINE	16	94	117.00	117	100.00
VC35B-Ctrl-54808775	6059064.0	IAPEY3-int:ERVK:LTR	2345	3	115.95	121	95.82
VC35B-Ctrl-54808775	6059064.0	IAPLTR1a_Mm:ERVK:LTR	1786	5	114.87	156	73.64
VC35B-Ctrl-54808775	6059064.0	MLTR73:ERV1:LTR	956	73	114.00	121	94.22
VC35B-Ctrl-54808775	6059064.0	MER103C:hAT-Charlie:DNA	1072	82	113.99	117	97.43
VC35B-Ctrl-54808775	6059064.0	tRNA-Glu-GAA:tRNA:tRNA	9	4	112.00	112	100.00
VC35B-Ctrl-54808775	6059064.0	Charlie12:hAT-Charlie:DNA	902	46	111.04	125	88.83
VC35B-Ctrl-54808775	6059064.0	RLTR1A2_MM:ERV1:LTR	406	21	110.97	118	94.05
VC35B-Ctrl-54808775	6059064.0	LTR40b:ERVL:LTR	577	30	109.46	98	111.70
VC35B-Ctrl-54808775	6059064.0	HAL1M8:L1:LINE	710	51	109.33	114	95.90
VC35B-Ctrl-54808775	6059064.0	RLTR18-int:ERVK:LTR	506	28	107.38	115	93.38
VC35B-Ctrl-54808775	6059064.0	LTR10_RN:ERVK:LTR	546	42	107.00	111	96.39
VC35B-Ctrl-54808775	6059064.0	MER89:ERV1:LTR	614	16	104.21	84	124.07
VC35B-Ctrl-54808775	6059064.0	RLTR30D_RN:ERV1:LTR	64	31	104.09	113	92.11
VC35B-Ctrl-54808775	6059064.0	RMER13A:ERVK:LTR	1010	21	104.09	107	97.28
VC35B-Ctrl-54808775	6059064.0	MLT1E1A:ERVL-MaLR:LTR	1154	47	103.90	108	96.20
VC35B-Ctrl-54808775	6059064.0	RLTR13A3:ERVK:LTR	243	14	103.82	102	101.79
VC35B-Ctrl-54808775	6059064.0	RMER20C_Mm:ERVK:LTR	1595	46	103.46	110	94.06
VC35B-Ctrl-54808775	6059064.0	MamTip2:hAT-Tip100:DNA	892	97	103.32	106	97.47
VC35B-Ctrl-54808775	6059064.0	RLTR11C_MM:ERVK:LTR	858	32	102.87	113	91.03
VC35B-Ctrl-54808775	6059064.0	L1ME4c:L1:LINE	968	79	102.67	105	97.78
VC35B-Ctrl-54808775	6059064.0	RMER17C2:ERVK:LTR	3413	51	102.06	113	90.32
VC35B-Ctrl-54808775	6059064.0	IAP-d-int:ERVK:LTR	1323	1	102.05	99	103.08
VC35B-Ctrl-54808775	6059064.0	Tigger17c:TcMar-Tigger:DNA	649	45	101.75	114	89.26
VC35B-Ctrl-54808775	6059064.0	U14:snRNA:snRNA	4	77	101.00	101	100.00
VC35B-Ctrl-54808775	6059064.0	RLTR48A:ERV1:LTR	635	18	100.94	106	95.23
VC35B-Ctrl-54808775	6059064.0	RLTR41C:ERV1:LTR	157	86	100.79	103	97.86
VC35B-Ctrl-54808775	6059064.0	MER112:hAT-Charlie:DNA	358	69	100.50	103	97.57
VC35B-Ctrl-54808775	6059064.0	MLT2B2:ERVL:LTR	1351	42	99.91	105	95.15
VC35B-Ctrl-54808775	6059064.0	IAPLTR4:ERVK:LTR	663	7	99.44	89	111.73
VC35B-Ctrl-54808775	6059064.0	MLT2B1:ERVL:LTR	1637	36	99.24	108	91.89
VC35B-Ctrl-54808775	6059064.0	MLT2B5:ERVL:LTR	442	69	98.92	100	98.92
VC35B-Ctrl-54808775	6059064.0	RLTR20B3A_MM:ERVK:LTR	843	41	98.89	100	98.89
VC35B-Ctrl-54808775	6059064.0	BGLII_Mur:ERVK:LTR	611	28	98.58	108	91.28
VC35B-Ctrl-54808775	6059064.0	MamRep605:LTR?:LTR?	629	67	98.00	99	98.99
VC35B-Ctrl-54808775	6059064.0	MTB_Mm-int:ERVL-MaLR:LTR	379	6	97.89	108	90.64
VC35B-Ctrl-54808775	6059064.0	Charlie24:hAT-Charlie:DNA	374	46	97.88	106	92.34
VC35B-Ctrl-54808775	6059064.0	MTE2b-int:ERVL-MaLR:LTR	729	10	97.82	104	94.06
VC35B-Ctrl-54808775	6059064.0	IAPLTR3-int:ERVK:LTR	1773	8	97.45	110	88.59
VC35B-Ctrl-54808775	6059064.0	MER31A:ERV1:LTR	707	56	97.42	107	91.05
VC35B-Ctrl-54808775	6059064.0	RLTR13A:ERVK:LTR	211	44	97.42	112	86.98
VC35B-Ctrl-54808775	6059064.0	LTR78B:ERV1:LTR	405	88	97.00	98	98.98
VC35B-Ctrl-54808775	6059064.0	5S:rRNA:rRNA	1038	77	96.50	104	92.79
VC35B-Ctrl-54808775	6059064.0	RLTR13D5:ERVK:LTR	745	23	96.45	101	95.49
VC35B-Ctrl-54808775	6059064.0	Charlie15a:hAT-Charlie:DNA	217	58	96.00	97	98.97
VC35B-Ctrl-54808775	6059064.0	ERVB4_1B-LTR_MM:ERVK:LTR	648	62	94.81	98	96.74
VC35B-Ctrl-54808775	6059064.0	MLT2F:ERVL:LTR	574	49	94.73	97	97.66
VC35B-Ctrl-54808775	6059064.0	MT-int:ERVL-MaLR:LTR	438	13	94.46	288	32.80
VC35B-Ctrl-54808775	6059064.0	RLTR4_Mm:ERV1:LTR	239	10	94.19	83	113.48
VC35B-Ctrl-54808775	6059064.0	LTR82A:ERVL:LTR	341	46	93.97	103	91.23
VC35B-Ctrl-54808775	6059064.0	MER102b:hAT-Charlie:DNA	507	56	93.52	98	95.42
VC35B-Ctrl-54808775	6059064.0	MLTR18D_MM:ERVK:LTR	620	17	93.35	100	93.35
VC35B-Ctrl-54808775	6059064.0	RLTR9A:ERVK:LTR	648	19	93.10	137	67.95
VC35B-Ctrl-54808775	6059064.0	MLT2B4:ERVL:LTR	1871	47	92.57	98	94.46
VC35B-Ctrl-54808775	6059064.0	ERVL-B4-int:ERVL:LTR	1384	26	92.23	118	78.16
VC35B-Ctrl-54808775	6059064.0	MLT1E3:ERVL-MaLR:LTR	1020	41	91.95	94	97.82
VC35B-Ctrl-54808775	6059064.0	MLTR18_MM:ERVK:LTR	427	25	91.44	99	92.36
VC35B-Ctrl-54808775	6059064.0	MLT1I:ERVL-MaLR:LTR	1777	57	91.40	96	95.21
VC35B-Ctrl-54808775	6059064.0	LTR16A:ERVL:LTR	1472	57	91.22	94	97.04
VC35B-Ctrl-54808775	6059064.0	MMERVK10D3_I-int:ERVK:LTR	458	7	91.08	90	101.20
VC35B-Ctrl-54808775	6059064.0	Lx2A1:L1:LINE	2739	29	90.21	105	85.91
VC35B-Ctrl-54808775	6059064.0	Tigger12:TcMar-Tigger:DNA	155	79	89.58	96	93.31
VC35B-Ctrl-54808775	6059064.0	ERVB2_1A-I_MM-int:ERVK:LTR	289	17	89.55	101	88.67
VC35B-Ctrl-54808775	6059064.0	ERVL-E-int:ERVL:LTR	1044	44	89.45	93	96.19
VC35B-Ctrl-54808775	6059064.0	IAPLTR2a:ERVK:LTR	627	23	88.53	104	85.12
VC35B-Ctrl-54808775	6059064.0	RLTR51A_Mm:ERVK?:LTR	3523	51	87.38	102	85.67
VC35B-Ctrl-54808775	6059064.0	MLT1H-int:ERVL-MaLR:LTR	379	74	86.00	88	97.73
VC35B-Ctrl-54808775	6059064.0	RLTR20B5_MM:ERVK:LTR	868	24	85.71	91	94.19
VC35B-Ctrl-54808775	6059064.0	RLTR31C_MM:ERVK:LTR	726	29	85.66	99	86.53
VC35B-Ctrl-54808775	6059064.0	LTR41:ERVL:LTR	506	53	85.50	88	97.16
VC35B-Ctrl-54808775	6059064.0	MER117:hAT-Charlie:DNA	745	70	84.50	87	97.13
VC35B-Ctrl-54808775	6059064.0	MER47B:TcMar-Tigger:DNA	509	33	84.32	86	98.04
VC35B-Ctrl-54808775	6059064.0	MER113:hAT-Charlie:DNA	643	58	83.85	89	94.22
VC35B-Ctrl-54808775	6059064.0	MER77B:ERVL:LTR	505	29	83.85	87	96.38
VC35B-Ctrl-54808775	6059064.0	MERVK26-int:ERVK:LTR	1001	11	83.82	90	93.13
VC35B-Ctrl-54808775	6059064.0	ERVB4_1B-I_MM-int:ERVK:LTR	1368	8	83.77	90	93.08
VC35B-Ctrl-54808775	6059064.0	RLTR20A3_MM:ERVK:LTR	880	21	83.36	90	92.63
VC35B-Ctrl-54808775	6059064.0	MTEb-int:ERVL-MaLR:LTR	635	10	83.26	92	90.50
VC35B-Ctrl-54808775	6059064.0	RLTR30E_MM:ERV1:LTR	320	27	83.12	89	93.40
VC35B-Ctrl-54808775	6059064.0	RLTR34B_MM:ERVK:LTR	527	29	83.06	90	92.29
VC35B-Ctrl-54808775	6059064.0	RLTR26C_MM:ERVK:LTR	454	57	82.75	84	98.51
VC35B-Ctrl-54808775	6059064.0	RLTR53_Mm:ERVK:LTR	481	39	82.61	85	97.19
VC35B-Ctrl-54808775	6059064.0	Charlie7:hAT-Charlie:DNA	844	48	82.50	87	94.83
VC35B-Ctrl-54808775	6059064.0	MLTR13:ERVK:LTR	205	22	82.18	92	89.32
VC35B-Ctrl-54808775	6059064.0	RLTR10A:ERVK:LTR	800	39	81.95	87	94.20
VC35B-Ctrl-54808775	6059064.0	RLTR44C:ERVK:LTR	198	16	81.95	99	82.78
VC35B-Ctrl-54808775	6059064.0	RLTR10E:ERVK:LTR	227	13	81.94	70	117.05
VC35B-Ctrl-54808775	6059064.0	RLTR45:ERVK:LTR	1557	9	81.01	104	77.90
VC35B-Ctrl-54808775	6059064.0	RLTR16C_MM:ERVK:LTR	360	16	80.40	82	98.05
VC35B-Ctrl-54808775	6059064.0	Tigger13a:TcMar-Tigger:DNA	645	39	80.16	84	95.43
VC35B-Ctrl-54808775	6059064.0	MamRep137:TcMar-Tigger:DNA	339	52	80.14	83	96.55
VC35B-Ctrl-54808775	6059064.0	RMER16C:ERVK:LTR	190	28	79.92	82	97.46
VC35B-Ctrl-54808775	6059064.0	MER119:hAT-Charlie:DNA	404	43	79.41	84	94.54
VC35B-Ctrl-54808775	6059064.0	IAPLTR2b:ERVK:LTR	1017	22	78.74	108	72.91
VC35B-Ctrl-54808775	6059064.0	RLTR20B2:ERVK:LTR	880	23	78.40	82	95.61
VC35B-Ctrl-54808775	6059064.0	Lx2A:L1:LINE	1364	11	77.79	162	48.02
VC35B-Ctrl-54808775	6059064.0	RLTR13C1:ERVK:LTR	309	8	77.09	78	98.83
VC35B-Ctrl-54808775	6059064.0	RMER21B:ERV1:LTR	1252	38	77.05	85	90.64
VC35B-Ctrl-54808775	6059064.0	CR1_Mam:CR1:LINE	257	47	76.24	83	91.86
VC35B-Ctrl-54808775	6059064.0	MER45B:hAT-Tip100:DNA	688	23	75.31	78	96.55
VC35B-Ctrl-54808775	6059064.0	Charlie18a:hAT-Charlie:DNA	242	53	74.58	76	98.13
VC35B-Ctrl-54808775	6059064.0	MuLV-int:ERV1:LTR	392	51	74.39	90	82.66
VC35B-Ctrl-54808775	6059064.0	RLTR13C3:ERVK:LTR	538	22	72.62	76	95.56
VC35B-Ctrl-54808775	6059064.0	RLTR13D3:ERVK:LTR	339	13	71.94	76	94.66
VC35B-Ctrl-54808775	6059064.0	RLTR1C:ERV1:LTR	697	10	71.71	71	101.00
VC35B-Ctrl-54808775	6059064.0	RLTR24B_MM:ERV1:LTR	1018	36	71.64	75	95.51
VC35B-Ctrl-54808775	6059064.0	MLT1E:ERVL-MaLR:LTR	534	26	70.86	75	94.48
VC35B-Ctrl-54808775	6059064.0	Tigger9b:TcMar-Tigger:DNA	360	30	70.73	79	89.54
VC35B-Ctrl-54808775	6059064.0	L1M4a2:L1:LINE	736	29	70.71	77	91.83
VC35B-Ctrl-54808775	6059064.0	MLTR31FA_MM:ERVK:LTR	525	15	70.51	76	92.78
VC35B-Ctrl-54808775	6059064.0	Charlie4z:hAT-Charlie:DNA	431	53	70.06	83	84.41
VC35B-Ctrl-54808775	6059064.0	MER44D:TcMar-Tigger:DNA	940	33	68.62	73	94.00
VC35B-Ctrl-54808775	6059064.0	MLT2B3:ERVL:LTR	1483	29	68.00	72	94.44
VC35B-Ctrl-54808775	6059064.0	MER44A:TcMar-Tigger:DNA	661	42	67.83	72	94.21
VC35B-Ctrl-54808775	6059064.0	LTR48:ERV1:LTR	651	53	67.09	68	98.66
VC35B-Ctrl-54808775	6059064.0	RLTR9A3:ERVK:LTR	774	16	66.94	76	88.08
VC35B-Ctrl-54808775	6059064.0	ERVB3_1-I_MM-int:ERVK:LTR	134	10	66.36	69	96.17
VC35B-Ctrl-54808775	6059064.0	RLTR19C:ERVK:LTR	248	14	66.00	68	97.06
VC35B-Ctrl-54808775	6059064.0	RMER6-int:ERVK:LTR	607	12	65.90	69	95.50
VC35B-Ctrl-54808775	6059064.0	MER74A:ERVL:LTR	731	42	65.83	70	94.05
VC35B-Ctrl-54808775	6059064.0	BGLII_B2:ERVK:LTR	359	35	65.10	67	97.16
VC35B-Ctrl-54808775	6059064.0	RNERVK23-int:ERVK:LTR	45	24	65.05	78	83.40
VC35B-Ctrl-54808775	6059064.0	MER77:ERVL:LTR	570	29	65.00	66	98.48
VC35B-Ctrl-54808775	6059064.0	ERVB4_1-I_MM-int:ERVK:LTR	296	4	64.64	65	99.45
VC35B-Ctrl-54808775	6059064.0	MLT1H2:ERVL-MaLR:LTR	1034	35	64.17	68	94.37
VC35B-Ctrl-54808775	6059064.0	X9_LINE:L1?:LINE	52	61	64.00	64	100.00
VC35B-Ctrl-54808775	6059064.0	RLTR13B3:ERVK:LTR	265	6	63.98	66	96.94
VC35B-Ctrl-54808775	6059064.0	RMER17D2:ERVK:LTR	1783	17	63.42	66	96.09
VC35B-Ctrl-54808775	6059064.0	MLTR31F_MM:ERVK:LTR	403	45	63.41	66	96.07
VC35B-Ctrl-54808775	6059064.0	MLT1J1:ERVL-MaLR:LTR	1135	34	62.85	74	84.93
VC35B-Ctrl-54808775	6059064.0	LTR33:ERVL:LTR	1466	41	62.81	68	92.37
VC35B-Ctrl-54808775	6059064.0	IAPEy-int:ERVK:LTR	755	1	62.72	58	108.13
VC35B-Ctrl-54808775	6059064.0	MLTR18C_MM:ERVK:LTR	468	13	62.62	70	89.45
VC35B-Ctrl-54808775	6059064.0	MLT1H1:ERVL-MaLR:LTR	1001	40	62.26	65	95.78
VC35B-Ctrl-54808775	6059064.0	HERVL40-int:ERVL:LTR	204	32	62.19	66	94.23
VC35B-Ctrl-54808775	6059064.0	RLTR13A1:ERVK:LTR	205	4	61.90	62	99.84
VC35B-Ctrl-54808775	6059064.0	MMERGLN_LTR:ERV1:LTR	435	14	60.35	63	95.79
VC35B-Ctrl-54808775	6059064.0	MER68B:ERVL:LTR	237	34	59.95	63	95.16
VC35B-Ctrl-54808775	6059064.0	MER44C:TcMar-Tigger:DNA	185	20	59.64	86	69.35
VC35B-Ctrl-54808775	6059064.0	IAPEY_LTR:ERVK:LTR	1410	35	59.50	68	87.49
VC35B-Ctrl-54808775	6059064.0	ERVB7_2-LTR_MM:ERVK:LTR	425	37	58.86	61	96.49
VC35B-Ctrl-54808775	6059064.0	RLTR20A:ERVK:LTR	361	28	58.21	64	90.96
VC35B-Ctrl-54808775	6059064.0	RLTR6B_Mm:ERV1:LTR	646	3	58.06	59	98.41
VC35B-Ctrl-54808775	6059064.0	L4_C_Mam:RTE-X:LINE	590	36	58.00	60	96.67
VC35B-Ctrl-54808775	6059064.0	LTR101_Mam:ERVL:LTR	157	43	57.91	59	98.16
VC35B-Ctrl-54808775	6059064.0	Looper:PiggyBac:DNA	209	16	57.86	63	91.85
VC35B-Ctrl-54808775	6059064.0	LTRIS3:ERV1:LTR	165	16	57.84	64	90.38
VC35B-Ctrl-54808775	6059064.0	L1M1:L1:LINE	881	23	57.47	64	89.80
VC35B-Ctrl-54808775	6059064.0	MuRRS-int:ERV1:LTR	996	0	57.40	62	92.59
VC35B-Ctrl-54808775	6059064.0	RLTR13D2:ERVK:LTR	270	8	56.50	57	99.12
VC35B-Ctrl-54808775	6059064.0	RLTR20B3:ERVK:LTR	974	24	55.01	60	91.68
VC35B-Ctrl-54808775	6059064.0	RMER16_Mm:ERVK:LTR	435	17	54.71	62	88.25
VC35B-Ctrl-54808775	6059064.0	RLTR26D_MM:ERVK:LTR	247	16	54.08	56	96.58
VC35B-Ctrl-54808775	6059064.0	MLTR12:ERV1:LTR	477	27	53.83	57	94.44
VC35B-Ctrl-54808775	6059064.0	RMER16:ERVK:LTR	471	14	53.80	57	94.38
VC35B-Ctrl-54808775	6059064.0	IAPEY2_LTR:ERVK:LTR	1062	13	53.65	56	95.80
VC35B-Ctrl-54808775	6059064.0	Ricksha_c:MULE-MuDR:DNA	405	38	53.50	60	89.17
VC35B-Ctrl-54808775	6059064.0	RLTR11D:ERVK:LTR	529	19	53.50	55	97.27
VC35B-Ctrl-54808775	6059064.0	RLTR6_Mm:ERV1:LTR	237	2	53.31	56	95.19
VC35B-Ctrl-54808775	6059064.0	RMER16B2:ERVK:LTR	329	13	53.31	61	87.40
VC35B-Ctrl-54808775	6059064.0	BLACKJACK:hAT-Blackjack:DNA	716	22	52.95	54	98.06
VC35B-Ctrl-54808775	6059064.0	MLT1G:ERVL-MaLR:LTR	896	21	52.76	53	99.55
VC35B-Ctrl-54808775	6059064.0	L1MEb:L1:LINE	352	27	52.56	79	66.53
VC35B-Ctrl-54808775	6059064.0	BGLII_Mus:ERVK:LTR	615	20	52.54	60	87.56
VC35B-Ctrl-54808775	6059064.0	Kanga2_a:TcMar-Tc2:DNA	356	29	52.12	56	93.07
VC35B-Ctrl-54808775	6059064.0	Zaphod2:hAT-Tip100:DNA	169	15	52.00	52	100.00
VC35B-Ctrl-54808775	6059064.0	L1M4a1:L1:LINE	607	22	51.86	58	89.42
VC35B-Ctrl-54808775	6059064.0	ORR1F-int:ERVL-MaLR:LTR	395	9	51.61	59	87.48
VC35B-Ctrl-54808775	6059064.0	Charlie15b:hAT-Charlie:DNA	272	30	51.50	52	99.04
VC35B-Ctrl-54808775	6059064.0	MER104:TcMar-Tc2:DNA	295	39	51.27	54	94.95
VC35B-Ctrl-54808775	6059064.0	Tigger17:TcMar-Tigger:DNA	315	25	51.11	59	86.62
VC35B-Ctrl-54808775	6059064.0	LTR16C:ERVL:LTR	1352	25	50.19	54	92.94
VC35B-Ctrl-54808775	6059064.0	L1MCc:L1:LINE	529	25	50.11	53	94.54
VC35B-Ctrl-54808775	6059064.0	LTR67B:ERVL:LTR	632	22	49.67	56	88.69
VC35B-Ctrl-54808775	6059064.0	MER102c:hAT-Charlie:DNA	363	31	49.67	52	95.51
VC35B-Ctrl-54808775	6059064.0	RLTR41A2:ERV1:LTR	440	16	49.50	51	97.06
VC35B-Ctrl-54808775	6059064.0	ERVB4_2-I_MM-int:ERVK:LTR	313	1	49.45	206	24.00
VC35B-Ctrl-54808775	6059064.0	Plat_L3:CR1:LINE	579	31	49.45	52	95.09
VC35B-Ctrl-54808775	6059064.0	RLTR30:ERV1:LTR	390	18	49.32	50	98.64
VC35B-Ctrl-54808775	6059064.0	MLT1F-int:ERVL-MaLR:LTR	417	26	49.30	51	96.67
VC35B-Ctrl-54808775	6059064.0	MER63D:hAT-Blackjack:DNA	1034	30	49.00	53	92.45
VC35B-Ctrl-54808775	6059064.0	MLT2C1:ERVL:LTR	872	26	49.00	50	98.00
VC35B-Ctrl-54808775	6059064.0	L1ME3D:L1:LINE	323	19	48.50	49	98.98
VC35B-Ctrl-54808775	6059064.0	RLTR20A2:ERVK:LTR	368	12	48.49	54	89.80
VC35B-Ctrl-54808775	6059064.0	LTRIS_Mm:ERV1:LTR	555	6	48.02	49	97.99
VC35B-Ctrl-54808775	6059064.0	U13:snRNA:snRNA	13	22	48.00	48	100.00
VC35B-Ctrl-54808775	6059064.0	LTR40c:ERVL:LTR	248	29	47.74	52	91.81
VC35B-Ctrl-54808775	6059064.0	LTR45:ERV1:LTR	31	14	47.70	68	70.14
VC35B-Ctrl-54808775	6059064.0	MER57D:ERV1:LTR	300	29	47.67	47	101.42
VC35B-Ctrl-54808775	6059064.0	RLTR19A:ERVK:LTR	153	30	46.08	49	94.04
VC35B-Ctrl-54808775	6059064.0	tRNA-Gln-CAG:tRNA:tRNA	25	42	45.66	45	101.47
VC35B-Ctrl-54808775	6059064.0	MER102a:hAT-Charlie:DNA	386	32	45.50	48	94.79
VC35B-Ctrl-54808775	6059064.0	RLTR30D_MM:ERV1:LTR	268	7	45.11	45	100.24
VC35B-Ctrl-54808775	6059064.0	Charlie10:hAT-Charlie:DNA	371	18	45.00	46	97.83
VC35B-Ctrl-54808775	6059064.0	LTR41B:ERVL:LTR	290	31	45.00	47	95.74
VC35B-Ctrl-54808775	6059064.0	Tigger2b:TcMar-Tigger:DNA	176	20	45.00	47	95.74
VC35B-Ctrl-54808775	6059064.0	MER34:ERV1:LTR	737	17	44.84	48	93.41
VC35B-Ctrl-54808775	6059064.0	Charlie16a:hAT-Charlie:DNA	197	27	44.63	45	99.18
VC35B-Ctrl-54808775	6059064.0	LTR40a:ERVL:LTR	709	25	44.63	46	97.03
VC35B-Ctrl-54808775	6059064.0	Tigger18a:TcMar-Tigger:DNA	240	23	44.39	46	96.51
VC35B-Ctrl-54808775	6059064.0	Charlie17b:hAT-Charlie:DNA	130	24	44.31	47	94.27
VC35B-Ctrl-54808775	6059064.0	ERVB7_3-LTR_MM:ERVK:LTR	319	14	44.21	45	98.25
VC35B-Ctrl-54808775	6059064.0	MER105:DNA:DNA	171	27	44.00	48	91.67
VC35B-Ctrl-54808775	6059064.0	LTR88c:Gypsy?:LTR	118	29	43.69	45	97.10
VC35B-Ctrl-54808775	6059064.0	MLTR25C:ERVK:LTR	504	18	43.68	46	94.96
VC35B-Ctrl-54808775	6059064.0	RLTR12G:ERVK:LTR	238	13	43.61	49	89.00
VC35B-Ctrl-54808775	6059064.0	Kanga1:TcMar-Tc2:DNA	321	15	43.50	45	96.67
VC35B-Ctrl-54808775	6059064.0	MER34A:ERV1:LTR	694	29	43.18	44	98.13
VC35B-Ctrl-54808775	6059064.0	MER90a:ERV1:LTR	581	20	43.17	45	95.93
VC35B-Ctrl-54808775	6059064.0	LTRIS4A:ERV1:LTR	228	10	42.79	39	109.73
VC35B-Ctrl-54808775	6059064.0	MMTV-int:ERVK:LTR	35	3	42.56	42	101.33
VC35B-Ctrl-54808775	6059064.0	RLTR13D3A:ERVK:LTR	162	17	42.50	45	94.44
VC35B-Ctrl-54808775	6059064.0	RLTR20A2B_MM:ERVK:LTR	438	12	42.50	43	98.84
VC35B-Ctrl-54808775	6059064.0	MLTR31A_MM:ERVK:LTR	352	11	42.49	45	94.42
VC35B-Ctrl-54808775	6059064.0	RMER16A3:ERVK:LTR	699	10	42.44	53	80.07
VC35B-Ctrl-54808775	6059064.0	LTR87:ERVL?:LTR	214	23	42.33	45	94.07
VC35B-Ctrl-54808775	6059064.0	MER63C:hAT-Blackjack:DNA	414	19	42.33	44	96.21
VC35B-Ctrl-54808775	6059064.0	RLTR30B_MM:ERV1:LTR	283	10	42.20	45	93.78
VC35B-Ctrl-54808775	6059064.0	Tigger16b:TcMar-Tigger:DNA	197	28	42.13	44	95.74
VC35B-Ctrl-54808775	6059064.0	RMER16A2:ERVK:LTR	273	11	42.07	169	24.89
VC35B-Ctrl-54808775	6059064.0	RLTR13B4:ERVK:LTR	412	8	41.56	46	90.35
VC35B-Ctrl-54808775	6059064.0	Charlie2a:hAT-Charlie:DNA	505	19	40.74	45	90.54
VC35B-Ctrl-54808775	6059064.0	ERVB7_2B-LTR_MM:ERVK:LTR	710	17	40.46	45	89.90
VC35B-Ctrl-54808775	6059064.0	IAPEY4_LTR:ERVK:LTR	95	5	40.38	44	91.76
VC35B-Ctrl-54808775	6059064.0	L1ME3F:L1:LINE	308	25	40.02	42	95.28
VC35B-Ctrl-54808775	6059064.0	MLT2C2:ERVL:LTR	651	26	40.00	40	100.00
VC35B-Ctrl-54808775	6059064.0	tRNA-His-CAY_:tRNA:tRNA	16	14	40.00	40	100.00
VC35B-Ctrl-54808775	6059064.0	L1M:L1:LINE	459	23	39.59	44	89.98
VC35B-Ctrl-54808775	6059064.0	MER92B:ERV1:LTR	238	26	39.31	42	93.59
VC35B-Ctrl-54808775	6059064.0	RLTR44E:ERVK:LTR	122	8	39.31	41	95.87
VC35B-Ctrl-54808775	6059064.0	MER58D:hAT-Charlie:DNA	292	28	39.00	41	95.12
VC35B-Ctrl-54808775	6059064.0	MURVY-int:ERV1:LTR	544	3	39.00	40	97.50
VC35B-Ctrl-54808775	6059064.0	RLTR28B:ERVL:LTR	428	18	39.00	40	97.50
VC35B-Ctrl-54808775	6059064.0	MER74B:ERVL:LTR	324	16	38.89	40	97.24
VC35B-Ctrl-54808775	6059064.0	MLTR31D_MM:ERVK:LTR	318	10	38.48	42	91.61
VC35B-Ctrl-54808775	6059064.0	Arthur1:hAT-Tip100:DNA	920	22	38.40	41	93.65
VC35B-Ctrl-54808775	6059064.0	HAL1b:L1:LINE	763	23	38.34	39	98.32
VC35B-Ctrl-54808775	6059064.0	L1ME3E:L1:LINE	327	23	38.12	41	92.97
VC35B-Ctrl-54808775	6059064.0	RLTR8:ERVK:LTR	241	13	38.02	41	92.72
VC35B-Ctrl-54808775	6059064.0	Chap1_Mam:hAT-Charlie:DNA	153	28	37.92	44	86.19
VC35B-Ctrl-54808775	6059064.0	RLTR34C_MM:ERVK:LTR	402	4	37.55	40	93.86
VC35B-Ctrl-54808775	6059064.0	MER81:hAT-Blackjack:DNA	512	26	37.33	41	91.06
VC35B-Ctrl-54808775	6059064.0	MER63B:hAT-Blackjack:DNA	701	20	37.00	39	94.87
VC35B-Ctrl-54808775	6059064.0	MER91A:hAT-Tip100:DNA	370	29	37.00	37	100.00
VC35B-Ctrl-54808775	6059064.0	MLT1E1:ERVL-MaLR:LTR	576	19	37.00	38	97.37
VC35B-Ctrl-54808775	6059064.0	RLTR51B_Mm:ERVK?:LTR	662	17	37.00	41	90.24
VC35B-Ctrl-54808775	6059064.0	L4_B_Mam:RTE-X:LINE	361	15	36.90	33	111.83
VC35B-Ctrl-54808775	6059064.0	MER54A:ERVL:LTR	273	15	36.00	36	100.00
VC35B-Ctrl-54808775	6059064.0	L1M7:L1:LINE	207	19	35.91	38	94.49
VC35B-Ctrl-54808775	6059064.0	RLTR1D2_MM:ERV1:LTR	192	6	35.63	38	93.77
VC35B-Ctrl-54808775	6059064.0	RLTR9F:ERVK:LTR	411	11	35.18	39	90.21
VC35B-Ctrl-54808775	6059064.0	ERVL-int:ERVL:LTR	721	10	34.64	38	91.15
VC35B-Ctrl-54808775	6059064.0	MLT1-int:ERVL-MaLR:LTR	285	19	34.47	36	95.75
VC35B-Ctrl-54808775	6059064.0	RLTR48B:ERV1:LTR	110	6	34.38	35	98.22
VC35B-Ctrl-54808775	6059064.0	RLTR1D:ERV1:LTR	305	10	34.33	37	92.79
VC35B-Ctrl-54808775	6059064.0	Charlie19a:hAT-Charlie:DNA	240	17	34.00	34	100.00
VC35B-Ctrl-54808775	6059064.0	Charlie9:hAT-Charlie:DNA	232	26	34.00	36	94.44
VC35B-Ctrl-54808775	6059064.0	Ricksha_c:MuDR:DNA	26	29	34.00	39	87.18
VC35B-Ctrl-54808775	6059064.0	MER131:SINE?:SINE?	274	25	33.75	32	105.47
VC35B-Ctrl-54808775	6059064.0	Arthur1B:hAT-Tip100:DNA	597	15	33.50	34	98.53
VC35B-Ctrl-54808775	6059064.0	L1ME3C:L1:LINE	326	17	33.50	35	95.71
VC35B-Ctrl-54808775	6059064.0	MER91B:hAT-Tip100:DNA	229	24	33.50	34	98.53
VC35B-Ctrl-54808775	6059064.0	RMER17A-int:ERVK:LTR	409	10	33.46	34	98.42
VC35B-Ctrl-54808775	6059064.0	RLTR19B:ERVK:LTR	224	6	33.28	42	79.25
VC35B-Ctrl-54808775	6059064.0	HY1:scRNA:scRNA	38	17	33.08	33	100.24
VC35B-Ctrl-54808775	6059064.0	Helitron3Na_Mam:Helitron:RC	191	26	33.00	33	100.00
VC35B-Ctrl-54808775	6059064.0	LTR79:ERVL:LTR	380	18	32.94	33	99.83
VC35B-Ctrl-54808775	6059064.0	MER67C:ERV1:LTR	620	13	32.68	32	102.12
VC35B-Ctrl-54808775	6059064.0	Tigger9a:TcMar-Tigger:DNA	200	17	32.57	34	95.79
VC35B-Ctrl-54808775	6059064.0	RLTR10B2:ERVK:LTR	854	6	32.56	37	88.00
VC35B-Ctrl-54808775	6059064.0	RLTR26B_MM:ERVK:LTR	507	9	32.50	34	95.59
VC35B-Ctrl-54808775	6059064.0	Tigger14a:TcMar-Tigger:DNA	225	29	32.50	33	98.48
VC35B-Ctrl-54808775	6059064.0	tRNA-Gly-GGA:tRNA:tRNA	86	17	32.43	32	101.34
VC35B-Ctrl-54808775	6059064.0	RLTR9D2:ERVK:LTR	194	10	32.40	36	90.01
VC35B-Ctrl-54808775	6059064.0	RLTR31_Mm:ERVK:LTR	145	16	32.25	33	97.73
VC35B-Ctrl-54808775	6059064.0	RLTR13F:ERVK:LTR	98	5	32.12	33	97.33
VC35B-Ctrl-54808775	6059064.0	RLTR31_Mur:ERVK:LTR	354	6	32.09	34	94.38
VC35B-Ctrl-54808775	6059064.0	hAT-N1_Mam:hAT?:DNA	185	21	32.00	32	100.00
VC35B-Ctrl-54808775	6059064.0	Kanga1c:TcMar-Tc2:DNA	184	20	31.70	32	99.06
VC35B-Ctrl-54808775	6059064.0	L1MA10:L1:LINE	866	23	31.65	35	90.44
VC35B-Ctrl-54808775	6059064.0	L1MDb:L1:LINE	583	14	31.50	35	90.00
VC35B-Ctrl-54808775	6059064.0	RLTR34D_MM:ERVK:LTR	410	13	31.49	36	87.47
VC35B-Ctrl-54808775	6059064.0	LTR33A:ERVL:LTR	504	15	31.46	33	95.32
VC35B-Ctrl-54808775	6059064.0	MamRep434:TcMar-Tigger:DNA	518	11	31.36	33	95.02
VC35B-Ctrl-54808775	6059064.0	IAP1-MM_LTR:ERVK:LTR	420	8	31.34	33	94.98
VC35B-Ctrl-54808775	6059064.0	IAPEY3_LTR:ERVK:LTR	553	9	31.00	32	96.88
VC35B-Ctrl-54808775	6059064.0	LTR37A:ERV1:LTR	549	19	31.00	32	96.88
VC35B-Ctrl-54808775	6059064.0	MER92-int:ERV1:LTR	324	13	31.00	32	96.88
VC35B-Ctrl-54808775	6059064.0	MLT1F2-int:ERVL-MaLR:LTR	68	6	30.51	28	108.95
VC35B-Ctrl-54808775	6059064.0	Charlie17:hAT-Charlie:DNA	134	13	30.39	35	86.83
VC35B-Ctrl-54808775	6059064.0	ERVB5_1-I_MM-int:ERVK:LTR	292	3	30.00	30	100.00
VC35B-Ctrl-54808775	6059064.0	MER50B:ERV1:LTR	14	26	30.00	30	100.00
VC35B-Ctrl-54808775	6059064.0	RLTR9B:ERVK:LTR	206	8	30.00	31	96.77
VC35B-Ctrl-54808775	6059064.0	MLT1B-int:ERVL-MaLR:LTR	165	13	29.86	32	93.32
VC35B-Ctrl-54808775	6059064.0	SRV_MM-int:ERVK:LTR	129	18	29.50	29	101.72
VC35B-Ctrl-54808775	6059064.0	HERVL74-int:ERVL:LTR	149	16	29.35	36	81.53
VC35B-Ctrl-54808775	6059064.0	RLTR10D:ERVK:LTR	491	9	29.12	35	83.19
VC35B-Ctrl-54808775	6059064.0	L1M2c:L1:LINE	321	8	29.00	29	100.00
VC35B-Ctrl-54808775	6059064.0	LTR16D2:ERVL:LTR	65	23	29.00	29	100.00
VC35B-Ctrl-54808775	6059064.0	Tigger20a:TcMar-Tigger:DNA	188	16	28.54	28	101.94
VC35B-Ctrl-54808775	6059064.0	MLT1N2:ERVL-MaLR:LTR	692	15	28.50	30	95.00
VC35B-Ctrl-54808775	6059064.0	Tigger8:TcMar-Tigger:DNA	121	19	28.50	29	98.28
VC35B-Ctrl-54808775	6059064.0	X6B_LINE:CR1:LINE	274	26	28.40	29	97.95
VC35B-Ctrl-54808775	6059064.0	LTR65:ERV1:LTR	162	11	28.26	29	97.44
VC35B-Ctrl-54808775	6059064.0	MLTR32C_MM:ERVK:LTR	127	8	28.09	29	96.87
VC35B-Ctrl-54808775	6059064.0	RLTR31B_Mm:ERVK:LTR	349	10	28.00	30	93.33
VC35B-Ctrl-54808775	6059064.0	MER31-int:ERV1:LTR	149	11	27.95	30	93.17
VC35B-Ctrl-54808775	6059064.0	RLTR26:ERVK:LTR	408	9	27.61	30	92.04
VC35B-Ctrl-54808775	6059064.0	L1M2a:L1:LINE	208	10	27.50	31	88.71
VC35B-Ctrl-54808775	6059064.0	MLT1O:ERVL-MaLR:LTR	538	19	27.50	28	98.21
VC35B-Ctrl-54808775	6059064.0	MER96B:hAT-Tip100:DNA	410	14	27.15	29	93.61
VC35B-Ctrl-54808775	6059064.0	X6A_LINE:CR1:LINE	145	26	27.00	27	100.00
VC35B-Ctrl-54808775	6059064.0	LTR33B:ERVL:LTR	268	17	26.85	27	99.45
VC35B-Ctrl-54808775	6059064.0	Charlie29a:hAT-Charlie:DNA	324	13	26.75	28	95.54
VC35B-Ctrl-54808775	6059064.0	L1M3de:L1:LINE	157	11	26.53	29	91.47
VC35B-Ctrl-54808775	6059064.0	LTR33A_:ERVL:LTR	474	13	26.50	27	98.15
VC35B-Ctrl-54808775	6059064.0	LTR78:ERV1:LTR	583	16	26.50	28	94.64
VC35B-Ctrl-54808775	6059064.0	RLTR12H:ERVK:LTR	188	12	26.50	27	98.15
VC35B-Ctrl-54808775	6059064.0	RLTR20B4_MM:ERVK:LTR	416	8	26.50	28	94.64
VC35B-Ctrl-54808775	6059064.0	MER67B:ERV1:LTR	220	17	26.34	28	94.08
VC35B-Ctrl-54808775	6059064.0	MER45A:hAT-Tip100:DNA	769	16	26.33	29	90.78
VC35B-Ctrl-54808775	6059064.0	MLTR31C_MM:ERVK:LTR	227	7	26.32	28	94.00
VC35B-Ctrl-54808775	6059064.0	MER99:hAT?:DNA	198	11	26.00	25	104.00
VC35B-Ctrl-54808775	6059064.0	RLTR35B_MM:ERVL:LTR	492	7	26.00	27	96.30
VC35B-Ctrl-54808775	6059064.0	Tigger16a:TcMar-Tigger:DNA	290	16	26.00	28	92.86
VC35B-Ctrl-54808775	6059064.0	RLTR13D1:ERVK:LTR	255	1	25.81	30	86.03
VC35B-Ctrl-54808775	6059064.0	ERVB7_4-LTR_MM:ERVK:LTR	166	5	25.79	26	99.18
VC35B-Ctrl-54808775	6059064.0	LTR33C:ERVL:LTR	232	21	25.77	27	95.44
VC35B-Ctrl-54808775	6059064.0	RLTR5_Mm:ERV1:LTR	601	6	25.60	28	91.41
VC35B-Ctrl-54808775	6059064.0	RLTR27:ERVK:LTR	1621	11	25.52	34	75.06
VC35B-Ctrl-54808775	6059064.0	MER94:hAT-Blackjack:DNA	466	22	25.50	26	98.08
VC35B-Ctrl-54808775	6059064.0	LTR37-int:ERV1:LTR	239	11	25.00	26	96.15
VC35B-Ctrl-54808775	6059064.0	MER63A:hAT-Blackjack:DNA	635	13	25.00	25	100.00
VC35B-Ctrl-54808775	6059064.0	tRNA-Tyr-TAC:tRNA:tRNA	20	23	25.00	25	100.00
VC35B-Ctrl-54808775	6059064.0	MER115:hAT-Tip100:DNA	521	18	24.85	25	99.39
VC35B-Ctrl-54808775	6059064.0	X3_LINE:RTE-BovB:LINE	260	19	24.54	26	94.40
VC35B-Ctrl-54808775	6059064.0	MER124:DNA?:DNA?	252	15	24.50	25	98.00
VC35B-Ctrl-54808775	6059064.0	tRNA-Asp-GAY:tRNA:tRNA	33	8	24.38	21	116.09
VC35B-Ctrl-54808775	6059064.0	RLTR10B:ERVK:LTR	477	5	24.31	29	83.83
VC35B-Ctrl-54808775	6059064.0	Charlie22a:hAT-Charlie:DNA	163	16	24.10	28	86.08
VC35B-Ctrl-54808775	6059064.0	Kanga11a:TcMar-Tc2:DNA	187	14	24.00	24	100.00
VC35B-Ctrl-54808775	6059064.0	LTR16A1:ERVL:LTR	654	11	24.00	24	100.00
VC35B-Ctrl-54808775	6059064.0	LTR16B1:ERVL:LTR	299	12	24.00	25	96.00
VC35B-Ctrl-54808775	6059064.0	MLT1D-int:ERVL-MaLR:LTR	176	4	23.60	25	94.42
VC35B-Ctrl-54808775	6059064.0	L1MEj:L1:LINE	178	16	23.50	24	97.92
VC35B-Ctrl-54808775	6059064.0	Charlie25:hAT-Charlie:DNA	301	9	23.00	23	100.00
VC35B-Ctrl-54808775	6059064.0	LTR104_Mam:Gypsy:LTR	254	20	23.00	23	100.00
VC35B-Ctrl-54808775	6059064.0	LTR84b:ERVL:LTR	187	17	23.00	23	100.00
VC35B-Ctrl-54808775	6059064.0	ORSL:hAT-Tip100:DNA	281	21	23.00	24	95.83
VC35B-Ctrl-54808775	6059064.0	tRNA-Ala-GCG:tRNA:tRNA	194	19	22.50	24	93.75
VC35B-Ctrl-54808775	6059064.0	MER76:ERVL:LTR	247	11	22.15	23	96.32
VC35B-Ctrl-54808775	6059064.0	MER106A:hAT-Charlie:DNA	115	11	22.00	22	100.00
VC35B-Ctrl-54808775	6059064.0	tRNA-Gln-CAA_:tRNA:tRNA	4	21	22.00	22	100.00
VC35B-Ctrl-54808775	6059064.0	tRNA-Leu-TTA:tRNA:tRNA	18	6	22.00	22	100.00
VC35B-Ctrl-54808775	6059064.0	tRNA-Ser-TCY:tRNA:tRNA	12	19	22.00	22	100.00
VC35B-Ctrl-54808775	6059064.0	BGLII_A:ERVK:LTR	292	4	21.69	26	83.43
VC35B-Ctrl-54808775	6059064.0	RLTR20C:ERVK:LTR	263	9	21.63	22	98.32
VC35B-Ctrl-54808775	6059064.0	ERV3-16A3_I-int:ERVL:LTR	908	11	21.48	23	93.41
VC35B-Ctrl-54808775	6059064.0	Tigger6b:TcMar-Tigger:DNA	217	9	21.48	25	85.90
VC35B-Ctrl-54808775	6059064.0	HERV16-int:ERVL:LTR	277	11	21.26	22	96.63
VC35B-Ctrl-54808775	6059064.0	RMER16B:ERVK:LTR	84	10	21.01	22	95.52
VC35B-Ctrl-54808775	6059064.0	MER106B:hAT-Charlie:DNA	242	15	21.00	21	100.00
VC35B-Ctrl-54808775	6059064.0	MER113A:hAT-Charlie:DNA	140	12	21.00	21	100.00
VC35B-Ctrl-54808775	6059064.0	Tigger12c:TcMar-Tigger:DNA	97	13	21.00	21	100.00
VC35B-Ctrl-54808775	6059064.0	LTR31:ERV1:LTR	187	12	20.50	22	93.18
VC35B-Ctrl-54808775	6059064.0	MLT1J-int:ERVL-MaLR:LTR	506	11	20.50	21	97.62
VC35B-Ctrl-54808775	6059064.0	LTRIS4:ERV1:LTR	147	1	20.40	23	88.70
VC35B-Ctrl-54808775	6059064.0	X8_LINE:CR1:LINE	158	16	20.11	23	87.43
VC35B-Ctrl-54808775	6059064.0	Charlie20a:hAT-Charlie:DNA	161	13	20.00	22	90.91
VC35B-Ctrl-54808775	6059064.0	L1MEa:L1:LINE	169	9	20.00	23	86.96
VC35B-Ctrl-54808775	6059064.0	UCON23:hAT?:DNA	22	18	20.00	20	100.00
VC35B-Ctrl-54808775	6059064.0	ERVB3_1-LTR_MM:ERVK:LTR	158	3	19.64	21	93.54
VC35B-Ctrl-54808775	6059064.0	MER54B:ERVL:LTR	114	11	19.55	22	88.85
VC35B-Ctrl-54808775	6059064.0	LTR16A2:ERVL:LTR	416	9	19.50	21	92.86
VC35B-Ctrl-54808775	6059064.0	MER34-int:ERV1:LTR	66	7	19.50	20	97.50
VC35B-Ctrl-54808775	6059064.0	Tigger17b:TcMar-Tigger:DNA	72	9	19.46	21	92.65
VC35B-Ctrl-54808775	6059064.0	X7C_LINE:CR1:LINE	155	14	19.25	22	87.50
VC35B-Ctrl-54808775	6059064.0	Charlie26a:hAT-Charlie:DNA	98	14	19.00	19	100.00
VC35B-Ctrl-54808775	6059064.0	LTR84a:ERVL:LTR	136	15	18.51	19	97.45
VC35B-Ctrl-54808775	6059064.0	ERVB5_2-LTR_MM:ERVK:LTR	520	7	18.50	21	88.10
VC35B-Ctrl-54808775	6059064.0	L1M3b:L1:LINE	169	7	18.50	20	92.50
VC35B-Ctrl-54808775	6059064.0	LTR16E1:ERVL:LTR	514	14	18.50	19	97.37
VC35B-Ctrl-54808775	6059064.0	LTR81C:Gypsy:LTR	99	15	18.50	19	97.37
VC35B-Ctrl-54808775	6059064.0	MamRep1527:LTR:LTR	372	13	18.50	20	92.50
VC35B-Ctrl-54808775	6059064.0	MER126:DNA:DNA	118	12	18.50	19	97.37
VC35B-Ctrl-54808775	6059064.0	MER21-int:ERVL:LTR	105	9	18.50	19	97.37
VC35B-Ctrl-54808775	6059064.0	MER57C2:ERV1:LTR	415	11	18.50	21	88.11
VC35B-Ctrl-54808775	6059064.0	MER5C:hAT-Charlie:DNA	242	15	18.50	19	97.37
VC35B-Ctrl-54808775	6059064.0	IAPLTR3:ERVK:LTR	959	5	18.33	18	101.85
VC35B-Ctrl-54808775	6059064.0	MER50:ERV1:LTR	13	17	18.07	18	100.41
VC35B-Ctrl-54808775	6059064.0	Charlie13b:hAT-Charlie:DNA	114	12	18.00	18	100.00
VC35B-Ctrl-54808775	6059064.0	LTR48B:ERV1:LTR	302	9	18.00	19	94.74
VC35B-Ctrl-54808775	6059064.0	L1MCb:L1:LINE	713	6	17.50	20	87.50
VC35B-Ctrl-54808775	6059064.0	MER45R:hAT-Tip100:DNA	375	11	17.50	18	97.22
VC35B-Ctrl-54808775	6059064.0	MLT1C-int:ERVL-MaLR:LTR	122	7	17.50	18	97.22
VC35B-Ctrl-54808775	6059064.0	ERV3-16A3_LTR:ERVL:LTR	279	10	17.23	19	90.69
VC35B-Ctrl-54808775	6059064.0	Charlie13a:hAT-Charlie:DNA	184	11	17.00	17	100.00
VC35B-Ctrl-54808775	6059064.0	L1ME5:L1:LINE	146	10	17.00	17	100.00
VC35B-Ctrl-54808775	6059064.0	RLTR48C:ERV1:LTR	149	6	17.00	17	100.00
VC35B-Ctrl-54808775	6059064.0	tRNA-Gly-GGY:tRNA:tRNA	52	8	17.00	16	106.25
VC35B-Ctrl-54808775	6059064.0	UCON29:PiggyBac?:DNA	141	14	17.00	17	100.00
VC35B-Ctrl-54808775	6059064.0	RLTR31A_Mm:ERVK:LTR	209	3	16.83	19	88.60
VC35B-Ctrl-54808775	6059064.0	RLTR17C_Mm:ERVK:LTR	218	5	16.15	18	89.70
VC35B-Ctrl-54808775	6059064.0	RLTR9C:ERVK:LTR	477	4	16.13	18	89.63
VC35B-Ctrl-54808775	6059064.0	MLT1A1-int:ERVL-MaLR:LTR	130	3	16.12	16	100.77
VC35B-Ctrl-54808775	6059064.0	L1M3c:L1:LINE	337	7	16.05	18	89.15
VC35B-Ctrl-54808775	6059064.0	RLTR13D4:ERVK:LTR	205	1	16.02	18	88.98
VC35B-Ctrl-54808775	6059064.0	Eulor2B:DNA?:DNA?	42	16	16.00	16	100.00
VC35B-Ctrl-54808775	6059064.0	L1MEg1:L1:LINE	92	9	16.00	16	100.00
VC35B-Ctrl-54808775	6059064.0	LTR73:ERV1:LTR	137	7	16.00	17	94.12
VC35B-Ctrl-54808775	6059064.0	MER70B:ERVL:LTR	254	8	16.00	16	100.00
VC35B-Ctrl-54808775	6059064.0	MLT1A0-int:ERVL-MaLR:LTR	206	1	16.00	17	94.12
VC35B-Ctrl-54808775	6059064.0	RLTR10D2:ERVK:LTR	225	4	16.00	18	88.89
VC35B-Ctrl-54808775	6059064.0	RLTR42:ERVK:LTR	266	5	16.00	18	88.89
VC35B-Ctrl-54808775	6059064.0	RLTR9A2:ERVK:LTR	227	7	15.91	19	83.76
VC35B-Ctrl-54808775	6059064.0	RLTR47:ERVK:LTR	209	0	15.69	18	87.16
VC35B-Ctrl-54808775	6059064.0	LTR53:ERVL:LTR	226	8	15.58	16	97.40
VC35B-Ctrl-54808775	6059064.0	Zaphod:hAT-Tip100:DNA	728	10	15.51	26	59.67
VC35B-Ctrl-54808775	6059064.0	MER127:TcMar-Tigger:DNA	119	13	15.50	16	96.88
VC35B-Ctrl-54808775	6059064.0	MER68-int:ERVL:LTR	77	6	15.50	16	96.88
VC35B-Ctrl-54808775	6059064.0	RLTR31M:ERVK:LTR	264	2	15.50	17	91.18
VC35B-Ctrl-54808775	6059064.0	RLTR12B2:ERVK:LTR	95	3	15.41	19	81.11
VC35B-Ctrl-54808775	6059064.0	Charlie23a:hAT-Charlie:DNA	157	7	15.33	18	85.19
VC35B-Ctrl-54808775	6059064.0	IAPA_MM-int:ERVK:LTR	126	2	15.09	53	28.48
VC35B-Ctrl-54808775	6059064.0	Ricksha:MuDR:DNA	85	7	15.03	16	93.95
VC35B-Ctrl-54808775	6059064.0	RLTR53B_Mm:ERVK:LTR	160	7	15.03	18	83.49
VC35B-Ctrl-54808775	6059064.0	LTR16B2:ERVL:LTR	384	8	15.00	15	100.00
VC35B-Ctrl-54808775	6059064.0	MER135:DNA:DNA	287	13	15.00	15	100.00
VC35B-Ctrl-54808775	6059064.0	MER57E1:ERV1:LTR	210	9	15.00	16	93.78
VC35B-Ctrl-54808775	6059064.0	FAM:Alu:SINE	117	11	14.83	17	87.25
VC35B-Ctrl-54808775	6059064.0	Kanga1d:TcMar-Tc2:DNA	131	3	14.70	14	105.01
VC35B-Ctrl-54808775	6059064.0	Kanga1a:TcMar-Tc2:DNA	191	12	14.50	15	96.67
VC35B-Ctrl-54808775	6059064.0	MER70A:ERVL:LTR	184	3	14.12	15	94.10
VC35B-Ctrl-54808775	6059064.0	LTR16E2:ERVL:LTR	423	8	14.00	14	100.00
VC35B-Ctrl-54808775	6059064.0	LTR86B1:ERVL:LTR	49	13	14.00	14	100.00
VC35B-Ctrl-54808775	6059064.0	ORSL-2b:hAT-Tip100:DNA	210	7	14.00	15	93.33
VC35B-Ctrl-54808775	6059064.0	tRNA-Glu-GAG_:tRNA:tRNA	39	6	14.00	12	116.67
VC35B-Ctrl-54808775	6059064.0	X7A_LINE:CR1:LINE	159	12	14.00	14	100.00
VC35B-Ctrl-54808775	6059064.0	tRNA-Lys-AAG:tRNA:tRNA	184	9	13.81	17	81.26
VC35B-Ctrl-54808775	6059064.0	LTR81B:Gypsy:LTR	204	7	13.65	15	90.99
VC35B-Ctrl-54808775	6059064.0	Zaphod3:hAT-Tip100:DNA	454	7	13.50	14	96.43
VC35B-Ctrl-54808775	6059064.0	RLTR19A2:ERVK:LTR	94	4	13.40	16	83.76
VC35B-Ctrl-54808775	6059064.0	MER70-int:ERVL:LTR	56	8	13.38	14	95.61
VC35B-Ctrl-54808775	6059064.0	Eulor5A:DNA?:DNA?	80	9	13.00	13	100.00
VC35B-Ctrl-54808775	6059064.0	MER90:ERV1:LTR	245	8	13.00	13	100.00
VC35B-Ctrl-54808775	6059064.0	RLTR3_Mm:ERVK:LTR	31	10	13.00	13	100.00
VC35B-Ctrl-54808775	6059064.0	RLTR43C:ERVK:LTR	264	4	13.00	13	100.00
VC35B-Ctrl-54808775	6059064.0	L1M8:L1:LINE	201	7	12.96	15	86.38
VC35B-Ctrl-54808775	6059064.0	Tigger1a_Art:TcMar-Tigger:DNA	37	9	12.79	12	106.58
VC35B-Ctrl-54808775	6059064.0	HAL1_SS:L1:LINE	79	4	12.50	13	96.15
VC35B-Ctrl-54808775	6059064.0	Kanga1b:TcMar-Tc2:DNA	121	5	12.50	14	89.29
VC35B-Ctrl-54808775	6059064.0	RLTR44A:ERVK:LTR	259	2	12.50	15	83.33
VC35B-Ctrl-54808775	6059064.0	LTR107_Mam:LTR:LTR	93	9	12.00	12	100.00
VC35B-Ctrl-54808775	6059064.0	Mam_R4:Dong-R4:LINE	138	8	12.00	12	100.00
VC35B-Ctrl-54808775	6059064.0	MER121:TcMar?:DNA	588	8	12.00	12	100.00
VC35B-Ctrl-54808775	6059064.0	MER52-int:ERV1:LTR	206	5	12.00	12	100.00
VC35B-Ctrl-54808775	6059064.0	Charlie4:hAT-Charlie:DNA	161	5	11.74	15	78.24
VC35B-Ctrl-54808775	6059064.0	MamTip3:hAT-Tip100:DNA	180	9	11.50	12	95.83
VC35B-Ctrl-54808775	6059064.0	tRNA-Val-GTG:tRNA:tRNA	25	10	11.50	12	95.83
VC35B-Ctrl-54808775	6059064.0	RLTR9A3A:ERVK:LTR	222	4	11.24	13	86.47
VC35B-Ctrl-54808775	6059064.0	Charlie7a:hAT-Charlie:DNA	102	10	11.00	11	100.00
VC35B-Ctrl-54808775	6059064.0	Eulor2A:DNA?:DNA?	41	9	11.00	11	100.00
VC35B-Ctrl-54808775	6059064.0	LTR69:ERVL:LTR	74	5	11.00	11	100.00
VC35B-Ctrl-54808775	6059064.0	MamRep38:hAT:DNA	212	8	11.00	11	100.00
VC35B-Ctrl-54808775	6059064.0	RLTR20A1:ERVK:LTR	98	2	11.00	11	100.00
VC35B-Ctrl-54808775	6059064.0	tRNA-Val-GTY:tRNA:tRNA	18	10	11.00	11	100.00
VC35B-Ctrl-54808775	6059064.0	LTRIS5:ERV1:LTR	85	3	10.60	11	96.40
VC35B-Ctrl-54808775	6059064.0	L1M3d:L1:LINE	171	3	10.50	11	95.45
VC35B-Ctrl-54808775	6059064.0	MLTR31E_MM:ERVK:LTR	164	1	10.50	11	95.45
VC35B-Ctrl-54808775	6059064.0	ERVB5_1-LTR_MM:ERVK:LTR	143	2	10.00	10	100.00
VC35B-Ctrl-54808775	6059064.0	L1M6:L1:LINE	329	6	10.00	11	90.91
VC35B-Ctrl-54808775	6059064.0	MamGypLTR1b:Gypsy:LTR	141	7	10.00	10	100.00
VC35B-Ctrl-54808775	6059064.0	MER47A:TcMar-Tigger:DNA	127	4	10.00	11	90.91
VC35B-Ctrl-54808775	6059064.0	RMER16B3:ERVK:LTR	101	1	10.00	13	76.92
VC35B-Ctrl-54808775	6059064.0	tRNA-Ser-AGY:tRNA:tRNA	15	5	10.00	10	100.00
VC35B-Ctrl-54808775	6059064.0	LTR37B:ERV1:LTR	386	6	9.83	13	75.64
VC35B-Ctrl-54808775	6059064.0	ERVB4_3-I_MM-int:ERVK:LTR	99	3	9.50	10	95.00
VC35B-Ctrl-54808775	6059064.0	LTR16B:ERVL:LTR	260	6	9.50	10	95.00
VC35B-Ctrl-54808775	6059064.0	RLTR44B:ERVK:LTR	275	3	9.13	11	82.96
VC35B-Ctrl-54808775	6059064.0	RLTR9B2:ERVK:LTR	178	0	9.10	10	91.00
VC35B-Ctrl-54808775	6059064.0	Helitron1Nb_Mam:Helitron:RC	92	7	9.00	9	100.00
VC35B-Ctrl-54808775	6059064.0	Tigger11a:TcMar-Tigger:DNA	75	6	9.00	9	100.00
VC35B-Ctrl-54808775	6059064.0	tRNA-Asn-AAC:tRNA:tRNA	27	4	9.00	9	100.00
VC35B-Ctrl-54808775	6059064.0	MLT1E2-int:ERVL-MaLR:LTR	35	1	8.87	9	98.56
VC35B-Ctrl-54808775	6059064.0	MamRep1151:LTR?:LTR?	249	5	8.64	10	86.37
VC35B-Ctrl-54808775	6059064.0	IAPEY3C_LTR:ERVK:LTR	475	0	8.50	9	94.44
VC35B-Ctrl-54808775	6059064.0	L1MEg2:L1:LINE	112	5	8.50	9	94.44
VC35B-Ctrl-54808775	6059064.0	L1MEh:L1:LINE	202	8	8.50	9	94.44
VC35B-Ctrl-54808775	6059064.0	LTR53B:ERVL:LTR	83	3	8.50	8	106.25
VC35B-Ctrl-54808775	6059064.0	LTR55:ERVL?:LTR	160	5	8.50	9	94.44
VC35B-Ctrl-54808775	6059064.0	LTR83:ERVL:LTR	161	4	8.50	10	85.00
VC35B-Ctrl-54808775	6059064.0	MADE2:TcMar-Mariner:DNA	208	7	8.50	9	94.44
VC35B-Ctrl-54808775	6059064.0	MER5C1:hAT-Charlie:DNA	75	5	8.50	9	94.44
VC35B-Ctrl-54808775	6059064.0	Tigger12A:TcMar-Tigger:DNA	86	7	8.50	9	94.44
VC35B-Ctrl-54808775	6059064.0	tRNA-Leu-CTY:tRNA:tRNA	8	6	8.50	9	94.44
VC35B-Ctrl-54808775	6059064.0	MER4B-int:ERV1:LTR	52	2	8.04	11	73.12
VC35B-Ctrl-54808775	6059064.0	Eulor9A:DNA:DNA	60	7	8.00	8	100.00
VC35B-Ctrl-54808775	6059064.0	Helitron1Na_Mam:Helitron:RC	62	5	8.00	8	100.00
VC35B-Ctrl-54808775	6059064.0	LTR82B:ERVL:LTR	290	6	8.00	8	100.00
VC35B-Ctrl-54808775	6059064.0	LTR85c:Gypsy?:LTR	119	5	8.00	8	100.00
VC35B-Ctrl-54808775	6059064.0	LTR89:ERVL?:LTR	146	3	8.00	8	100.00
VC35B-Ctrl-54808775	6059064.0	MamGypLTR3a:Gypsy:LTR	161	6	8.00	8	100.00
VC35B-Ctrl-54808775	6059064.0	MER129:LTR?:LTR?	63	6	8.00	8	100.00
VC35B-Ctrl-54808775	6059064.0	MER57-int:ERV1:LTR	202	6	8.00	9	88.89
VC35B-Ctrl-54808775	6059064.0	RLTR46B:ERVK:LTR	73	1	8.00	9	88.89
VC35B-Ctrl-54808775	6059064.0	tRNA-Ala-GCY:tRNA:tRNA	12	8	8.00	8	100.00
VC35B-Ctrl-54808775	6059064.0	ERVB4_2-LTR_MM:ERVK:LTR	144	0	7.63	11	69.39
VC35B-Ctrl-54808775	6059064.0	MMERVK10D3_LTR:ERVK:LTR	174	0	7.59	16	47.44
VC35B-Ctrl-54808775	6059064.0	LTR16D:ERVL:LTR	185	3	7.50	8	93.75
VC35B-Ctrl-54808775	6059064.0	RLTR9A3B:ERVK:LTR	346	1	7.50	9	83.33
VC35B-Ctrl-54808775	6059064.0	LTR85a:Gypsy?:LTR	234	6	7.27	8	90.85
VC35B-Ctrl-54808775	6059064.0	L1P5:L1:LINE	166	3	7.00	8	87.50
VC35B-Ctrl-54808775	6059064.0	LTR102_Mam:ERVL:LTR	215	6	7.00	8	87.50
VC35B-Ctrl-54808775	6059064.0	LTR105_Mam:ERVL:LTR	124	4	7.00	7	100.00
VC35B-Ctrl-54808775	6059064.0	LTR108a_Mam:ERVL:LTR	39	4	7.00	7	100.00
VC35B-Ctrl-54808775	6059064.0	LTR28B:ERV1:LTR	144	4	7.00	7	100.00
VC35B-Ctrl-54808775	6059064.0	LTR86A1:ERVL:LTR	92	7	7.00	7	100.00
VC35B-Ctrl-54808775	6059064.0	LTR90B:LTR:LTR	91	5	7.00	7	100.00
VC35B-Ctrl-54808775	6059064.0	LTRIS4B:ERV1:LTR	71	4	7.00	7	100.00
VC35B-Ctrl-54808775	6059064.0	MamTip1:hAT-Tip100:DNA	82	4	7.00	7	100.00
VC35B-Ctrl-54808775	6059064.0	MER113B:hAT-Charlie:DNA	72	6	7.00	7	100.00
VC35B-Ctrl-54808775	6059064.0	MER68C:ERVL:LTR	60	4	7.00	7	100.00
VC35B-Ctrl-54808775	6059064.0	RLTR50B:ERVK:LTR	334	1	7.00	8	87.50
VC35B-Ctrl-54808775	6059064.0	RLTR6C_Mm:ERV1:LTR	102	2	6.95	11	63.20
VC35B-Ctrl-54808775	6059064.0	LTR9:ERV1:LTR	13	5	6.50	7	92.86
VC35B-Ctrl-54808775	6059064.0	tRNA-Gln-CAA:tRNA:tRNA	14	5	6.50	6	108.33
VC35B-Ctrl-54808775	6059064.0	tRNA-Lys-AAA:tRNA:tRNA	22	5	6.50	7	92.86
VC35B-Ctrl-54808775	6059064.0	tRNA-Cys-TGY:tRNA:tRNA	89	6	6.43	7	91.84
VC35B-Ctrl-54808775	6059064.0	LTR86B2:ERVL:LTR	36	4	6.00	6	100.00
VC35B-Ctrl-54808775	6059064.0	LTR90A:LTR:LTR	99	4	6.00	7	85.71
VC35B-Ctrl-54808775	6059064.0	MER65D:ERV1:LTR	101	4	6.00	6	100.00
VC35B-Ctrl-54808775	6059064.0	MER88:ERVL:LTR	58	4	6.00	6	100.00
VC35B-Ctrl-54808775	6059064.0	MER96:hAT-Tip100:DNA	104	6	6.00	6	100.00
VC35B-Ctrl-54808775	6059064.0	MER97b:hAT-Tip100:DNA	55	1	6.00	8	75.00
VC35B-Ctrl-54808775	6059064.0	RLTR41B:ERV1:LTR	98	1	6.00	8	75.00
VC35B-Ctrl-54808775	6059064.0	tRNA-Ser-TCG:tRNA:tRNA	5	5	6.00	6	100.00
VC35B-Ctrl-54808775	6059064.0	Charlie11:hAT-Charlie:DNA	52	3	5.90	7	84.28
VC35B-Ctrl-54808775	6059064.0	tRNA-Phe-TTY:tRNA:tRNA	47	3	5.83	5	116.67
VC35B-Ctrl-54808775	6059064.0	RLTR1E_MM:ERV1:LTR	86	3	5.63	7	80.37
VC35B-Ctrl-54808775	6059064.0	DNA1_Mam:TcMar:DNA	45	3	5.50	6	91.67
VC35B-Ctrl-54808775	6059064.0	LTR16D1:ERVL:LTR	90	2	5.50	6	91.67
VC35B-Ctrl-54808775	6059064.0	LTR81A:Gypsy:LTR	180	4	5.50	6	91.67
VC35B-Ctrl-54808775	6059064.0	MLT1J1-int:ERVL-MaLR:LTR	67	1	5.50	6	91.67
VC35B-Ctrl-54808775	6059064.0	tRNA-Ile-ATT:tRNA:tRNA	40	3	5.50	8	68.75
VC35B-Ctrl-54808775	6059064.0	X5B_LINE:CR1:LINE	79	5	5.50	6	91.67
VC35B-Ctrl-54808775	6059064.0	LTR9A1:ERV1:LTR	11	4	5.44	6	90.71
VC35B-Ctrl-54808775	6059064.0	tRNA-Thr-ACA:tRNA:tRNA	17	4	5.42	5	108.38
VC35B-Ctrl-54808775	6059064.0	L1PB4:L1:LINE	144	2	5.02	7	71.70
VC35B-Ctrl-54808775	6059064.0	Arthur1A:hAT-Tip100:DNA	148	2	5.00	5	100.00
VC35B-Ctrl-54808775	6059064.0	ERVB2_1-I_MM-int:ERVK:LTR	83	1	5.00	6	83.33
VC35B-Ctrl-54808775	6059064.0	L1M3a:L1:LINE	120	2	5.00	6	83.33
VC35B-Ctrl-54808775	6059064.0	L1M3f:L1:LINE	100	3	5.00	5	100.00
VC35B-Ctrl-54808775	6059064.0	LTR108c_Mam:ERVL:LTR	15	0	5.00	5	100.00
VC35B-Ctrl-54808775	6059064.0	LTR40A1:ERVL:LTR	114	2	5.00	5	100.00
VC35B-Ctrl-54808775	6059064.0	LTR52:ERVL:LTR	230	2	5.00	5	100.00
VC35B-Ctrl-54808775	6059064.0	LTR75B:ERVL:LTR	69	2	5.00	6	83.33
VC35B-Ctrl-54808775	6059064.0	LTR75:ERVL:LTR	94	2	5.00	6	83.33
VC35B-Ctrl-54808775	6059064.0	LTR80A:ERVL:LTR	112	1	5.00	5	100.00
VC35B-Ctrl-54808775	6059064.0	LTR86C:ERVL:LTR	75	3	5.00	5	100.00
VC35B-Ctrl-54808775	6059064.0	MamGypLTR1a:Gypsy:LTR	137	3	5.00	5	100.00
VC35B-Ctrl-54808775	6059064.0	MamGypLTR1c:Gypsy:LTR	145	4	5.00	5	100.00
VC35B-Ctrl-54808775	6059064.0	MamGypLTR2b:Gypsy:LTR	109	3	5.00	5	100.00
VC35B-Ctrl-54808775	6059064.0	MER110:ERV1:LTR	147	2	5.00	5	100.00
VC35B-Ctrl-54808775	6059064.0	MER66-int:ERV1:LTR	23	5	5.00	5	100.00
VC35B-Ctrl-54808775	6059064.0	MER92C:ERV1:LTR	72	3	5.00	5	100.00
VC35B-Ctrl-54808775	6059064.0	Ricksha_0:MULE-MuDR:DNA	82	5	5.00	5	100.00
VC35B-Ctrl-54808775	6059064.0	Ricksha:MULE-MuDR:DNA	60	0	5.00	5	100.00
VC35B-Ctrl-54808775	6059064.0	RLTR1F_Mm:ERVK:LTR	83	1	5.00	5	100.00
VC35B-Ctrl-54808775	6059064.0	RLTR44D:ERVK:LTR	100	3	5.00	5	100.00
VC35B-Ctrl-54808775	6059064.0	tRNA-Val-GTA:tRNA:tRNA	13	2	5.00	5	100.00
VC35B-Ctrl-54808775	6059064.0	UCON21:DNA?:DNA?	23	4	5.00	5	100.00
VC35B-Ctrl-54808775	6059064.0	MER67D:ERV1:LTR	468	1	4.50	5	90.00
VC35B-Ctrl-54808775	6059064.0	MLT1G3-int:ERVL-MaLR:LTR	58	2	4.50	5	90.00
VC35B-Ctrl-54808775	6059064.0	tRNA-Arg-CGY_:tRNA:tRNA	21	4	4.50	5	90.00
VC35B-Ctrl-54808775	6059064.0	MLT1G1-int:ERVL-MaLR:LTR	51	1	4.33	5	86.64
VC35B-Ctrl-54808775	6059064.0	Arthur1C:hAT-Tip100:DNA	155	3	4.00	4	100.00
VC35B-Ctrl-54808775	6059064.0	ERVB4_3-LTR_MM:ERVK:LTR	137	2	4.00	4	100.00
VC35B-Ctrl-54808775	6059064.0	Eulor9C:DNA:DNA	71	2	4.00	4	100.00
VC35B-Ctrl-54808775	6059064.0	FordPrefect_a:hAT-Tip100:DNA	60	1	4.00	4	100.00
VC35B-Ctrl-54808775	6059064.0	LTR103b_Mam:ERV1?:LTR	57	2	4.00	4	100.00
VC35B-Ctrl-54808775	6059064.0	LTR88b:Gypsy?:LTR	178	0	4.00	4	100.00
VC35B-Ctrl-54808775	6059064.0	MamGypLTR3:Gypsy:LTR	105	3	4.00	4	100.00
VC35B-Ctrl-54808775	6059064.0	MamRep1879:hAT-Tip100?:DNA	105	4	4.00	4	100.00
VC35B-Ctrl-54808775	6059064.0	MamRep488:hAT-Tip100:DNA	29	3	4.00	4	100.00
VC35B-Ctrl-54808775	6059064.0	MER51-int:ERV1:LTR	7	3	4.00	4	100.00
VC35B-Ctrl-54808775	6059064.0	MLT1A-int:ERVL-MaLR:LTR	123	2	4.00	5	80.00
VC35B-Ctrl-54808775	6059064.0	MLT1F1-int:ERVL-MaLR:LTR	89	1	4.00	5	80.00
VC35B-Ctrl-54808775	6059064.0	MLT1H1-int:ERVL-MaLR:LTR	49	0	4.00	4	100.00
VC35B-Ctrl-54808775	6059064.0	MLT2E:ERVL:LTR	126	4	4.00	4	100.00
VC35B-Ctrl-54808775	6059064.0	RLTR13D:ERVK:LTR	45	1	4.00	4	100.00
VC35B-Ctrl-54808775	6059064.0	tRNA-Gly-GGG:tRNA:tRNA	24	3	4.00	4	100.00
VC35B-Ctrl-54808775	6059064.0	tRNA-Leu-CTA_:tRNA:tRNA	4	3	4.00	4	100.00
VC35B-Ctrl-54808775	6059064.0	X5A_LINE:CR1:LINE	69	4	4.00	4	100.00
VC35B-Ctrl-54808775	6059064.0	LTR106_Mam:LTR:LTR	164	2	3.96	5	79.19
VC35B-Ctrl-54808775	6059064.0	Charlie21a:hAT-Charlie:DNA	174	2	3.50	4	87.50
VC35B-Ctrl-54808775	6059064.0	Eulor6E:DNA?:DNA?	18	3	3.50	4	87.50
VC35B-Ctrl-54808775	6059064.0	MERX:TcMar-Tigger:DNA	64	3	3.50	4	87.50
VC35B-Ctrl-54808775	6059064.0	tRNA-Met-i:tRNA:tRNA	19	3	3.50	4	87.50
VC35B-Ctrl-54808775	6059064.0	MER87:ERV1:LTR	46	2	3.39	6	56.50
VC35B-Ctrl-54808775	6059064.0	Charlie17a:hAT-Charlie:DNA	63	3	3.00	3	100.00
VC35B-Ctrl-54808775	6059064.0	Eulor12:DNA?:DNA?	35	3	3.00	3	100.00
VC35B-Ctrl-54808775	6059064.0	IAPEY5_I-int:ERVK:LTR	184	0	3.00	3	100.00
VC35B-Ctrl-54808775	6059064.0	L5:RTE-X:LINE	122	3	3.00	3	100.00
VC35B-Ctrl-54808775	6059064.0	LTR108b_Mam:ERVL:LTR	19	3	3.00	3	100.00
VC35B-Ctrl-54808775	6059064.0	LTR108e_Mam:ERVL:LTR	36	3	3.00	3	100.00
VC35B-Ctrl-54808775	6059064.0	LTR109A2:ERV1:LTR	37	2	3.00	3	100.00
VC35B-Ctrl-54808775	6059064.0	MamRep4096:hAT?:DNA	180	2	3.00	3	100.00
VC35B-Ctrl-54808775	6059064.0	MER110A:ERV1:LTR	196	3	3.00	3	100.00
VC35B-Ctrl-54808775	6059064.0	MER134:DNA?:DNA?	53	1	3.00	3	100.00
VC35B-Ctrl-54808775	6059064.0	MER45C:hAT-Tip100:DNA	290	0	3.00	4	75.00
VC35B-Ctrl-54808775	6059064.0	MER49:ERV1:LTR	7	3	3.00	3	100.00
VC35B-Ctrl-54808775	6059064.0	MER65-int:ERV1:LTR	49	3	3.00	3	100.00
VC35B-Ctrl-54808775	6059064.0	MER73:ERVL:LTR	135	2	3.00	3	100.00
VC35B-Ctrl-54808775	6059064.0	ORR1G-int:ERVL-MaLR:LTR	70	1	3.00	3	100.00
VC35B-Ctrl-54808775	6059064.0	tRNA-Arg-CGA_:tRNA:tRNA	2	3	3.00	3	100.00
VC35B-Ctrl-54808775	6059064.0	tRNA-Ile-ATA:tRNA:tRNA	26	1	3.00	3	100.00
VC35B-Ctrl-54808775	6059064.0	tRNA-Met_:tRNA:tRNA	46	3	3.00	3	100.00
VC35B-Ctrl-54808775	6059064.0	tRNA-Pro-CCY:tRNA:tRNA	29	2	3.00	3	100.00
VC35B-Ctrl-54808775	6059064.0	tRNA-Ser-TCA_:tRNA:tRNA	3	3	3.00	3	100.00
VC35B-Ctrl-54808775	6059064.0	tRNA-Trp-TGG:tRNA:tRNA	16	3	3.00	3	100.00
VC35B-Ctrl-54808775	6059064.0	UCON7:DNA?:DNA?	99	3	3.00	3	100.00
VC35B-Ctrl-54808775	6059064.0	Charlie14a:hAT-Charlie:DNA	72	1	2.83	5	56.67
VC35B-Ctrl-54808775	6059064.0	LTR39:ERV1:LTR	11	1	2.56	2	127.91
VC35B-Ctrl-54808775	6059064.0	Charlie10b:hAT-Charlie:DNA	48	2	2.50	3	83.33
VC35B-Ctrl-54808775	6059064.0	LTR103_Mam:ERV1?:LTR	58	0	2.50	3	83.33
VC35B-Ctrl-54808775	6059064.0	MamGypLTR2c:Gypsy:LTR	110	2	2.50	3	83.33
VC35B-Ctrl-54808775	6059064.0	MER50-int:ERV1:LTR	14	2	2.50	3	83.33
VC35B-Ctrl-54808775	6059064.0	MER67A:ERV1:LTR	176	1	2.50	3	83.33
VC35B-Ctrl-54808775	6059064.0	MLT1G-int:ERVL-MaLR:LTR	39	1	2.50	3	83.33
VC35B-Ctrl-54808775	6059064.0	RLTR46A2:ERVK:LTR	58	0	2.50	3	83.33
VC35B-Ctrl-54808775	6059064.0	RLTR30C_MM:ERV1:LTR	124	1	2.33	3	77.78
VC35B-Ctrl-54808775	6059064.0	BGLII_C:ERVK:LTR	74	1	2.00	2	100.00
VC35B-Ctrl-54808775	6059064.0	Charlie10a:hAT-Charlie:DNA	61	2	2.00	2	100.00
VC35B-Ctrl-54808775	6059064.0	Eulor11:DNA:DNA	49	2	2.00	2	100.00
VC35B-Ctrl-54808775	6059064.0	Eulor2C:DNA?:DNA?	24	1	2.00	2	100.00
VC35B-Ctrl-54808775	6059064.0	Helitron2Na_Mam:Helitron?:RC?	74	2	2.00	2	100.00
VC35B-Ctrl-54808775	6059064.0	IAPEY5_LTR:ERVK:LTR	237	1	2.00	2	100.00
VC35B-Ctrl-54808775	6059064.0	LTR28:ERV1:LTR	10	2	2.00	2	100.00
VC35B-Ctrl-54808775	6059064.0	LTR86A2:ERVL:LTR	79	2	2.00	2	100.00
VC35B-Ctrl-54808775	6059064.0	LTR88a:Gypsy?:LTR	64	2	2.00	2	100.00
VC35B-Ctrl-54808775	6059064.0	LTRIS6:ERV1:LTR	149	0	2.00	3	66.67
VC35B-Ctrl-54808775	6059064.0	MamRep1161:TcMar:DNA	7	1	2.00	2	100.00
VC35B-Ctrl-54808775	6059064.0	MamRep1894:hAT:DNA	36	1	2.00	2	100.00
VC35B-Ctrl-54808775	6059064.0	MER123:DNA:DNA	41	2	2.00	2	100.00
VC35B-Ctrl-54808775	6059064.0	MER89-int:ERV1:LTR	98	1	2.00	2	100.00
VC35B-Ctrl-54808775	6059064.0	MER91C:hAT-Tip100:DNA	110	2	2.00	2	100.00
VC35B-Ctrl-54808775	6059064.0	ORSL-2a:hAT-Tip100:DNA	69	2	2.00	2	100.00
VC35B-Ctrl-54808775	6059064.0	RLTR19D:ERVK:LTR	64	0	2.00	2	100.00
VC35B-Ctrl-54808775	6059064.0	tRNA-Arg-CGG:tRNA:tRNA	3	2	2.00	2	100.00
VC35B-Ctrl-54808775	6059064.0	tRNA-Leu-TTG:tRNA:tRNA	24	1	2.00	2	100.00
VC35B-Ctrl-54808775	6059064.0	U13_:snRNA:snRNA	19	1	2.00	2	100.00
VC35B-Ctrl-54808775	6059064.0	X1_LINE:CR1:LINE	40	2	2.00	2	100.00
VC35B-Ctrl-54808775	6059064.0	IAPLTR4_I:ERVK:LTR	183	0	1.97	7	28.21
VC35B-Ctrl-54808775	6059064.0	MER110-int:ERV1:LTR	38	1	1.50	2	75.00
VC35B-Ctrl-54808775	6059064.0	MER72B:ERV1:LTR	74	1	1.50	2	75.00
VC35B-Ctrl-54808775	6059064.0	RLTR46A:ERVK:LTR	71	0	1.50	2	75.00
VC35B-Ctrl-54808775	6059064.0	tRNA-Arg-AGG:tRNA:tRNA	18	1	1.50	2	75.00
VC35B-Ctrl-54808775	6059064.0	tRNA-Thr-ACG_:tRNA:tRNA	20	1	1.50	2	75.00
VC35B-Ctrl-54808775	6059064.0	RMER3D3:ERVK:LTR	8	1	1.33	2	66.67
VC35B-Ctrl-54808775	6059064.0	tRNA-Thr-ACY:tRNA:tRNA	14	1	1.33	2	66.67
VC35B-Ctrl-54808775	6059064.0	MER95:ERV1:LTR	54	0	1.13	2	56.28
VC35B-Ctrl-54808775	6059064.0	LTR34:ERV1:LTR	8	0	1.06	2	53.03
VC35B-Ctrl-54808775	6059064.0	Eulor10:DNA?:DNA?	29	0	1.00	1	100.00
VC35B-Ctrl-54808775	6059064.0	Eulor1:DNA:DNA	56	1	1.00	1	100.00
VC35B-Ctrl-54808775	6059064.0	Eulor6B:DNA?:DNA?	56	1	1.00	1	100.00
VC35B-Ctrl-54808775	6059064.0	Eulor6C:DNA?:DNA?	15	0	1.00	1	100.00
VC35B-Ctrl-54808775	6059064.0	Eulor6D:DNA?:DNA?	47	1	1.00	1	100.00
VC35B-Ctrl-54808775	6059064.0	HY4:scRNA:scRNA	3	1	1.00	1	100.00
VC35B-Ctrl-54808775	6059064.0	LTR108d_Mam:ERVL:LTR	30	0	1.00	1	100.00
VC35B-Ctrl-54808775	6059064.0	LTR32:ERVL:LTR	9	1	1.00	1	100.00
VC35B-Ctrl-54808775	6059064.0	LTR45C:ERV1:LTR	24	1	1.00	1	100.00
VC35B-Ctrl-54808775	6059064.0	LTR75_1:ERV1:LTR	9	1	1.00	1	100.00
VC35B-Ctrl-54808775	6059064.0	LTR77:ERV1:LTR	38	0	1.00	1	100.00
VC35B-Ctrl-54808775	6059064.0	LTR81:Gypsy:LTR	70	0	1.00	1	100.00
VC35B-Ctrl-54808775	6059064.0	LTR85b:Gypsy?:LTR	106	1	1.00	1	100.00
VC35B-Ctrl-54808775	6059064.0	LTR9D:ERV1:LTR	11	1	1.00	1	100.00
VC35B-Ctrl-54808775	6059064.0	MER101B:ERV1:LTR	21	1	1.00	1	100.00
VC35B-Ctrl-54808775	6059064.0	MER125:DNA:DNA	111	1	1.00	1	100.00
VC35B-Ctrl-54808775	6059064.0	MER133A:DNA?:DNA?	35	1	1.00	1	100.00
VC35B-Ctrl-54808775	6059064.0	MER74C:ERVL:LTR	114	0	1.00	1	100.00
VC35B-Ctrl-54808775	6059064.0	MER92D:ERV1:LTR	70	0	1.00	1	100.00
VC35B-Ctrl-54808775	6059064.0	MER94B:hAT-Blackjack:DNA	86	1	1.00	1	100.00
VC35B-Ctrl-54808775	6059064.0	MER97a:hAT-Tip100:DNA	53	1	1.00	1	100.00
VC35B-Ctrl-54808775	6059064.0	MER97c:hAT-Tip100:DNA	64	0	1.00	1	100.00
VC35B-Ctrl-54808775	6059064.0	MLT1E1A-int:ERVL-MaLR:LTR	28	0	1.00	2	50.00
VC35B-Ctrl-54808775	6059064.0	MLT1E3-int:ERVL-MaLR:LTR	12	1	1.00	1	100.00
VC35B-Ctrl-54808775	6059064.0	MLT1H2-int:ERVL-MaLR:LTR	53	0	1.00	1	100.00
VC35B-Ctrl-54808775	6059064.0	MLT1L-int:ERVL-MaLR:LTR	13	0	1.00	1	100.00
VC35B-Ctrl-54808775	6059064.0	RLTR9A4:ERVK:LTR	35	0	1.00	1	100.00
VC35B-Ctrl-54808775	6059064.0	RMER3D4:ERVK:LTR	2	1	1.00	1	100.00
VC35B-Ctrl-54808775	6059064.0	RNLTR23:ERVK:LTR	5	1	1.00	1	100.00
VC35B-Ctrl-54808775	6059064.0	tRNA-Arg-AGA:tRNA:tRNA	30	1	1.00	1	100.00
VC35B-Ctrl-54808775	6059064.0	tRNA-Arg-CGA:tRNA:tRNA	3	1	1.00	1	100.00
VC35B-Ctrl-54808775	6059064.0	tRNA-Leu-CTA:tRNA:tRNA	3	1	1.00	1	100.00
VC35B-Ctrl-54808775	6059064.0	tRNA-Leu-CTG:tRNA:tRNA	16	0	1.00	1	100.00
VC35B-Ctrl-54808775	6059064.0	tRNA-Pro-CCA:tRNA:tRNA	10	1	1.00	1	100.00
VC35B-Ctrl-54808775	6059064.0	tRNA-Pro-CCG:tRNA:tRNA	4	0	1.00	1	100.00
VC35B-Ctrl-54808775	6059064.0	tRNA-SeC(e)-TGA:tRNA:tRNA	3	1	1.00	1	100.00
VC35B-Ctrl-54808775	6059064.0	MER66C:ERV1:LTR	19	0	0.50	1	50.00
VC35B-Ctrl-54808775	6059064.0	RLTR46:ERVK:LTR	46	0	0.50	1	50.00
VC35B-Ctrl-54808775	6059064.0	RLTR47_MM:ERV1:LTR	45	0	0.50	1	50.00
VC35B-Ctrl-54808775	6059064.0	C573_MM:Other:Other	1738	0	0.00	0	NA
VC35B-Ctrl-54808775	6059064.0	Charlie1b_Mars:hAT-Charlie:DNA	2	0	0.00	0	NA
VC35B-Ctrl-54808775	6059064.0	Cheshire_Mars:hAT-Charlie:DNA	3	0	0.00	0	NA
VC35B-Ctrl-54808775	6059064.0	Cheshire_Mars_:hAT-Charlie:DNA	6	0	0.00	0	NA
VC35B-Ctrl-54808775	6059064.0	ERVB4_1-LTR_MM:ERVK:LTR	21	0	0.00	0	NA
VC35B-Ctrl-54808775	6059064.0	Eulor3:DNA?:DNA?	28	0	0.00	0	NA
VC35B-Ctrl-54808775	6059064.0	Eulor5B:DNA?:DNA?	37	0	0.00	0	NA
VC35B-Ctrl-54808775	6059064.0	Eulor6A:DNA?:DNA?	21	0	0.00	0	NA
VC35B-Ctrl-54808775	6059064.0	Eulor7:DNA?:DNA?	4	0	0.00	0	NA
VC35B-Ctrl-54808775	6059064.0	Eulor8:TcMar?:DNA	110	0	0.00	0	NA
VC35B-Ctrl-54808775	6059064.0	Eulor9B:DNA:DNA	14	0	0.00	0	NA
VC35B-Ctrl-54808775	6059064.0	HERVL32-int:ERVL:LTR	1	0	0.00	0	NA
VC35B-Ctrl-54808775	6059064.0	HUERS-P3b-int:ERV1:LTR	3	0	0.00	0	NA
VC35B-Ctrl-54808775	6059064.0	HY5:scRNA:scRNA	1	0	0.00	0	NA
VC35B-Ctrl-54808775	6059064.0	L1M2a1:L1:LINE	11	0	0.00	0	NA
VC35B-Ctrl-54808775	6059064.0	L1M6B:L1:LINE	43	0	0.00	0	NA
VC35B-Ctrl-54808775	6059064.0	LTR23-int:ERV1:LTR	11	0	0.00	0	NA
VC35B-Ctrl-54808775	6059064.0	LTR27C:ERV1:LTR	7	0	0.00	0	NA
VC35B-Ctrl-54808775	6059064.0	LTR29:ERV1:LTR	34	0	0.00	0	NA
VC35B-Ctrl-54808775	6059064.0	LTR36:ERV1:LTR	5	0	0.00	0	NA
VC35B-Ctrl-54808775	6059064.0	LTR44:ERV1:LTR	3	0	0.00	0	NA
VC35B-Ctrl-54808775	6059064.0	LTR52-int:ERVL:LTR	50	0	0.00	0	NA
VC35B-Ctrl-54808775	6059064.0	LTR58:ERV1:LTR	9	0	0.00	0	NA
VC35B-Ctrl-54808775	6059064.0	LTR59:ERV1:LTR	8	0	0.00	0	NA
VC35B-Ctrl-54808775	6059064.0	LTR64:ERV1:LTR	8	0	0.00	0	NA
VC35B-Ctrl-54808775	6059064.0	LTR68:ERV1:LTR	106	0	0.00	0	NA
VC35B-Ctrl-54808775	6059064.0	LTR80B:ERVL:LTR	116	0	0.00	0	NA
VC35B-Ctrl-54808775	6059064.0	LTR91:ERVL:LTR	57	0	0.00	0	NA
VC35B-Ctrl-54808775	6059064.0	MamGypLTR1d:Gypsy:LTR	116	0	0.00	0	NA
VC35B-Ctrl-54808775	6059064.0	MamRep137:TcMar?:DNA	4	0	0.00	0	NA
VC35B-Ctrl-54808775	6059064.0	MARINER1_EC:TcMar-Tigger:DNA	2	0	0.00	0	NA
VC35B-Ctrl-54808775	6059064.0	MER132:TcMar-Pogo:DNA	21	0	0.00	0	NA
VC35B-Ctrl-54808775	6059064.0	MER133B:DNA?:DNA?	22	0	0.00	0	NA
VC35B-Ctrl-54808775	6059064.0	MER136:DNA:DNA	23	0	0.00	0	NA
VC35B-Ctrl-54808775	6059064.0	MER47C:TcMar-Tigger:DNA	14	0	0.00	0	NA
VC35B-Ctrl-54808775	6059064.0	MER4CL34:ERV1:LTR	6	0	0.00	0	NA
VC35B-Ctrl-54808775	6059064.0	MER57E2:ERV1:LTR	62	0	0.00	0	NA
VC35B-Ctrl-54808775	6059064.0	MER57E3:ERV1:LTR	4	0	0.00	0	NA
VC35B-Ctrl-54808775	6059064.0	MER66A:ERV1:LTR	5	0	0.00	0	NA
VC35B-Ctrl-54808775	6059064.0	MER66B:ERV1:LTR	7	0	0.00	0	NA
VC35B-Ctrl-54808775	6059064.0	MER72:ERV1:LTR	9	0	0.00	0	NA
VC35B-Ctrl-54808775	6059064.0	MER76-int:ERVL:LTR	16	0	0.00	0	NA
VC35B-Ctrl-54808775	6059064.0	MER83A-int:ERV1:LTR	1	0	0.00	0	NA
VC35B-Ctrl-54808775	6059064.0	MER83B-int:ERV1:LTR	9	0	0.00	0	NA
VC35B-Ctrl-54808775	6059064.0	MER92A:ERV1:LTR	37	0	0.00	0	NA
VC35B-Ctrl-54808775	6059064.0	MER96B:hAT:DNA	8	0	0.00	0	NA
VC35B-Ctrl-54808775	6059064.0	MER97d:hAT-Tip100:DNA	28	0	0.00	0	NA
VC35B-Ctrl-54808775	6059064.0	MLT1E1-int:ERVL-MaLR:LTR	8	0	0.00	0	NA
VC35B-Ctrl-54808775	6059064.0	MLT1E-int:ERVL-MaLR:LTR	9	0	0.00	0	NA
VC35B-Ctrl-54808775	6059064.0	MLT1I-int:ERVL-MaLR:LTR	57	0	0.00	0	NA
VC35B-Ctrl-54808775	6059064.0	MLT1J2-int:ERVL-MaLR:LTR	27	0	0.00	0	NA
VC35B-Ctrl-54808775	6059064.0	MLT1K-int:ERVL-MaLR:LTR	8	0	0.00	0	NA
VC35B-Ctrl-54808775	6059064.0	MLT1N2-int:ERVL-MaLR:LTR	3	0	0.00	0	NA
VC35B-Ctrl-54808775	6059064.0	MLT1O-int:ERVL-MaLR:LTR	2	0	0.00	0	NA
VC35B-Ctrl-54808775	6059064.0	nhAT5a_ML:hAT-Charlie:DNA	4	0	0.00	0	NA
VC35B-Ctrl-54808775	6059064.0	Ricksha_0:MuDR:DNA	29	0	0.00	0	NA
VC35B-Ctrl-54808775	6059064.0	Ricksha_a:MuDR:DNA	11	0	0.00	0	NA
VC35B-Ctrl-54808775	6059064.0	Ricksha_a:MULE-MuDR:DNA	30	0	0.00	0	NA
VC35B-Ctrl-54808775	6059064.0	Ricksha_b:MuDR:DNA	2	0	0.00	0	NA
VC35B-Ctrl-54808775	6059064.0	Ricksha_b:MULE-MuDR:DNA	6	0	0.00	0	NA
VC35B-Ctrl-54808775	6059064.0	RLTR12F:ERVK:LTR	60	0	0.00	0	NA
VC35B-Ctrl-54808775	6059064.0	RLTR1:ERV1:LTR	62	0	0.00	0	NA
VC35B-Ctrl-54808775	6059064.0	RLTR43A:ERVK:LTR	3	0	0.00	0	NA
VC35B-Ctrl-54808775	6059064.0	RLTR43B:ERVK:LTR	1	0	0.00	0	NA
VC35B-Ctrl-54808775	6059064.0	RLTR50A:ERVK:LTR	85	0	0.00	0	NA
VC35B-Ctrl-54808775	6059064.0	RMER3D1:ERVK:LTR	1	0	0.00	0	NA
VC35B-Ctrl-54808775	6059064.0	RMER3D2:ERVK:LTR	3	0	0.00	0	NA
VC35B-Ctrl-54808775	6059064.0	Tigger1a_Mars:TcMar-Tigger:DNA	2	0	0.00	0	NA
VC35B-Ctrl-54808775	6059064.0	tRNA-Glu-GAG:tRNA:tRNA	6	0	0.00	0	NA
VC35B-Ctrl-54808775	6059064.0	tRNA-His-CAY:tRNA:tRNA	1	0	0.00	0	NA
VC35B-Ctrl-54808775	6059064.0	tRNA-Leu-TTA(m):tRNA:tRNA	1	0	0.00	0	NA
VC35B-Ctrl-54808775	6059064.0	tRNA-Met:tRNA:tRNA	21	0	0.00	0	NA
VC35B-Ctrl-54808775	6059064.0	tRNA-Ser-TCA:tRNA:tRNA	1	0	0.00	0	NA
VC35B-Ctrl-54808775	6059064.0	tRNA-Thr-ACG:tRNA:tRNA	3	0	0.00	0	NA
VC35B-Ctrl-54808775	6059064.0	tRNA-Thr-ACY_:tRNA:tRNA	15	0	0.00	0	NA
VC35B-Ctrl-54808775	6059064.0	tRNA-Tyr-TAT:tRNA:tRNA	3	0	0.00	0	NA
VC35B-Ctrl-54808775	6059064.0	U7:snRNA:snRNA	49	0	0.00	0	NA
VC35B-Ctrl-54808775	6059064.0	UCON13:Penelope?:LINE?	42	0	0.00	0	NA
VC35B-Ctrl-54808775	6059064.0	UCON14:DNA?:DNA?	66	0	0.00	0	NA
VC35B-Ctrl-54808775	6059064.0	X2_LINE:CR1:LINE	32	0	0.00	0	NA
VC35B-Ctrl-54808775	6059064.0	X7D_LINE:CR1:LINE	10	0	0.00	0	NA
