Sample	aligned_libsize	Subfamily:Family:Class	copies	uniq_counts	tot_counts	tot_reads	avg_conf
VC35B-VC-54809771	4720997.5	LSU-rRNA_Hsa:rRNA:rRNA	480	464229	1508178.07	1504276	100.26
VC35B-VC-54809771	4720997.5	7SLRNA:srpRNA:srpRNA	437	640	149703.19	149566	100.09
VC35B-VC-54809771	4720997.5	FordPrefect:hAT-Tip100:DNA	291	42331	59644.00	59642	100.00
VC35B-VC-54809771	4720997.5	7SK:RNA:RNA	691	488	35183.71	35171	100.04
VC35B-VC-54809771	4720997.5	MMETn-int:ERVK:LTR	980	157	34983.29	37122	94.24
VC35B-VC-54809771	4720997.5	B3:B2:SINE	148427	14054	25836.21	28196	91.63
VC35B-VC-54809771	4720997.5	L1Md_T:L1:LINE	23688	1090	21036.23	21212	99.17
VC35B-VC-54809771	4720997.5	U3:snRNA:snRNA	97	110	19548.15	19545	100.02
VC35B-VC-54809771	4720997.5	B2_Mm2:B2:SINE	90007	8489	18650.83	20400	91.43
VC35B-VC-54809771	4720997.5	ID_B1:B4:SINE	110827	11791	18292.24	20193	90.59
VC35B-VC-54809771	4720997.5	B1_Mus1:Alu:SINE	95081	10455	17160.45	18948	90.57
VC35B-VC-54809771	4720997.5	U2:snRNA:snRNA	921	140	17054.10	15299	111.47
VC35B-VC-54809771	4720997.5	U1:snRNA:snRNA	329	96	16370.86	14062	116.42
VC35B-VC-54809771	4720997.5	RSINE1:B4:SINE	115806	9398	14438.95	15752	91.66
VC35B-VC-54809771	4720997.5	B1_Mus2:Alu:SINE	70891	8384	13910.84	15395	90.36
VC35B-VC-54809771	4720997.5	B2_Mm1a:B2:SINE	18346	2976	13733.44	13687	100.34
VC35B-VC-54809771	4720997.5	L1Md_A:L1:LINE	16844	690	12243.45	12472	98.17
VC35B-VC-54809771	4720997.5	B3A:B2:SINE	92925	6704	11765.94	12915	91.10
VC35B-VC-54809771	4720997.5	B2_Mm1t:B2:SINE	23218	2666	11334.88	11551	98.13
VC35B-VC-54809771	4720997.5	B4A:B4:SINE	107073	5786	11183.65	12132	92.18
VC35B-VC-54809771	4720997.5	MMVL30-int:ERV1:LTR	956	10400	10856.06	10839	100.16
VC35B-VC-54809771	4720997.5	PB1D10:Alu:SINE	65054	7609	10221.65	11236	90.97
VC35B-VC-54809771	4720997.5	PB1D9:Alu:SINE	28939	5334	7637.40	8385	91.08
VC35B-VC-54809771	4720997.5	L1Md_F2:L1:LINE	64898	1288	7605.84	9604	79.19
VC35B-VC-54809771	4720997.5	B1_Mur1:Alu:SINE	38058	4737	7190.98	7874	91.33
VC35B-VC-54809771	4720997.5	B1_Mur4:Alu:SINE	41031	4683	7132.94	7971	89.49
VC35B-VC-54809771	4720997.5	B1_Mm:Alu:SINE	42910	4393	7058.27	7932	88.98
VC35B-VC-54809771	4720997.5	B1F:Alu:SINE	45170	4984	6905.64	7538	91.61
VC35B-VC-54809771	4720997.5	B1_Mur2:Alu:SINE	31869	4488	6577.23	7225	91.03
VC35B-VC-54809771	4720997.5	B4:B4:SINE	64020	3384	6039.05	6686	90.32
VC35B-VC-54809771	4720997.5	B1_Mur3:Alu:SINE	24632	3431	5288.40	5795	91.26
VC35B-VC-54809771	4720997.5	MMERVK10C-int:ERVK:LTR	3230	4452	5232.21	5162	101.36
VC35B-VC-54809771	4720997.5	L1_Mus1:L1:LINE	27252	1247	5137.33	5553	92.51
VC35B-VC-54809771	4720997.5	U17:snRNA:snRNA	24	1243	4949.50	4950	99.99
VC35B-VC-54809771	4720997.5	MTD:ERVL-MaLR:LTR	51544	2137	4884.58	5177	94.35
VC35B-VC-54809771	4720997.5	PB1D7:Alu:SINE	24346	3502	4659.14	5126	90.89
VC35B-VC-54809771	4720997.5	RLTR1B-int:ERV1:LTR	798	332	4643.87	4490	103.43
VC35B-VC-54809771	4720997.5	MIRb:MIR:SINE	42160	3141	4321.18	4517	95.66
VC35B-VC-54809771	4720997.5	Lx8:L1:LINE	49141	1416	4219.03	4382	96.28
VC35B-VC-54809771	4720997.5	ETnERV-int:ERVK:LTR	906	45	4017.58	16614	24.18
VC35B-VC-54809771	4720997.5	B1F1:Alu:SINE	19678	2711	3666.16	3993	91.81
VC35B-VC-54809771	4720997.5	L1_Mus3:L1:LINE	48489	620	3662.65	4176	87.71
VC35B-VC-54809771	4720997.5	ID4_:ID:SINE	26384	2616	3480.48	3750	92.81
VC35B-VC-54809771	4720997.5	ID4:ID:SINE	23970	2705	3399.15	3690	92.12
VC35B-VC-54809771	4720997.5	MIR:MIR:SINE	38978	2342	3230.74	3386	95.41
VC35B-VC-54809771	4720997.5	MTC:ERVL-MaLR:LTR	27489	1388	3107.69	3332	93.27
VC35B-VC-54809771	4720997.5	B1F2:Alu:SINE	16513	2032	2898.47	3190	90.86
VC35B-VC-54809771	4720997.5	MTA_Mm:ERVL-MaLR:LTR	15623	611	2815.41	3093	91.03
VC35B-VC-54809771	4720997.5	RMER15:ERVL:LTR	18077	958	2734.56	2646	103.35
VC35B-VC-54809771	4720997.5	L2a:L2:LINE	24277	1800	2726.87	2827	96.46
VC35B-VC-54809771	4720997.5	Lx7:L1:LINE	40190	705	2725.29	3014	90.42
VC35B-VC-54809771	4720997.5	IAPEz-int:ERVK:LTR	7319	129	2717.25	2293	118.50
VC35B-VC-54809771	4720997.5	Lx:L1:LINE	24834	421	2633.52	2784	94.59
VC35B-VC-54809771	4720997.5	MTA_Mm-int:ERVL-MaLR:LTR	3027	68	2619.90	2642	99.16
VC35B-VC-54809771	4720997.5	PB1D11:Alu:SINE	18484	2001	2604.32	2874	90.62
VC35B-VC-54809771	4720997.5	MIRc:MIR:SINE	23213	2058	2548.94	2616	97.44
VC35B-VC-54809771	4720997.5	Lx9:L1:LINE	49160	759	2501.14	2632	95.03
VC35B-VC-54809771	4720997.5	Lx3B:L1:LINE	5993	136	2380.40	2416	98.53
VC35B-VC-54809771	4720997.5	RMER6A:ERVK:LTR	3983	363	2161.78	1702	127.01
VC35B-VC-54809771	4720997.5	L1_Mus2:L1:LINE	21079	378	2123.66	2521	84.24
VC35B-VC-54809771	4720997.5	SSU-rRNA_Hsa:rRNA:rRNA	45	240	2118.26	2103	100.73
VC35B-VC-54809771	4720997.5	L1M4:L1:LINE	13935	911	2118.19	2359	89.79
VC35B-VC-54809771	4720997.5	ORR1D1:ERVL-MaLR:LTR	21507	947	2052.89	2183	94.04
VC35B-VC-54809771	4720997.5	URR1B:hAT-Charlie:DNA	16889	1244	2027.34	2201	92.11
VC35B-VC-54809771	4720997.5	PB1:Alu:SINE	11784	1426	2001.08	2199	91.00
VC35B-VC-54809771	4720997.5	RLTR19-int:ERVK:LTR	2407	396	1987.34	1752	113.43
VC35B-VC-54809771	4720997.5	ORR1E:ERVL-MaLR:LTR	22742	921	1943.68	2031	95.70
VC35B-VC-54809771	4720997.5	MERVL-int:ERVL:LTR	2600	283	1917.70	1690	113.47
VC35B-VC-54809771	4720997.5	MT2B:ERVL:LTR	13977	1189	1899.86	2431	78.15
VC35B-VC-54809771	4720997.5	MIR3:MIR:SINE	16085	1437	1794.79	1836	97.76
VC35B-VC-54809771	4720997.5	L2:L2:LINE	17614	1201	1781.10	1846	96.48
VC35B-VC-54809771	4720997.5	L1Md_F3:L1:LINE	16146	248	1780.88	2536	70.22
VC35B-VC-54809771	4720997.5	L1_Mur3:L1:LINE	27399	340	1768.13	1889	93.60
VC35B-VC-54809771	4720997.5	URR1A:hAT-Charlie:DNA	17621	1081	1738.88	1860	93.49
VC35B-VC-54809771	4720997.5	ORR1A2:ERVL-MaLR:LTR	14843	599	1738.83	1904	91.33
VC35B-VC-54809771	4720997.5	L2c:L2:LINE	12298	1288	1671.60	1720	97.19
VC35B-VC-54809771	4720997.5	ORR1B1:ERVL-MaLR:LTR	17313	560	1660.63	1795	92.51
VC35B-VC-54809771	4720997.5	MTEa:ERVL-MaLR:LTR	20061	817	1587.99	1720	92.33
VC35B-VC-54809771	4720997.5	U4:snRNA:snRNA	108	42	1535.50	1537	99.90
VC35B-VC-54809771	4720997.5	L3:CR1:LINE	9732	1279	1529.68	1555	98.37
VC35B-VC-54809771	4720997.5	MTE2a:ERVL-MaLR:LTR	15148	639	1509.40	1591	94.87
VC35B-VC-54809771	4720997.5	RLTR13G:ERVK:LTR	877	17	1495.20	1869	80.00
VC35B-VC-54809771	4720997.5	MMERVK9C_I-int:ERVK:LTR	1807	179	1477.14	1531	96.48
VC35B-VC-54809771	4720997.5	L1_Mm:L1:LINE	5429	332	1427.10	2559	55.77
VC35B-VC-54809771	4720997.5	ORR1F:ERVL-MaLR:LTR	23086	727	1399.27	1494	93.66
VC35B-VC-54809771	4720997.5	ERVB7_1-LTR_MM:ERVK:LTR	770	32	1390.87	2504	55.55
VC35B-VC-54809771	4720997.5	RMER16-int:ERVK:LTR	2599	87	1385.65	1388	99.83
VC35B-VC-54809771	4720997.5	ORR1D2:ERVL-MaLR:LTR	15061	579	1301.38	1384	94.03
VC35B-VC-54809771	4720997.5	Lx5:L1:LINE	16339	209	1268.96	1356	93.58
VC35B-VC-54809771	4720997.5	Lx2:L1:LINE	18521	194	1251.70	1332	93.97
VC35B-VC-54809771	4720997.5	L1MB7:L1:LINE	6956	547	1221.77	1281	95.38
VC35B-VC-54809771	4720997.5	Lx6:L1:LINE	18164	217	1220.65	1289	94.70
VC35B-VC-54809771	4720997.5	L1M2:L1:LINE	18488	364	1192.22	1280	93.14
VC35B-VC-54809771	4720997.5	L1M5:L1:LINE	16596	625	1192.21	1294	92.13
VC35B-VC-54809771	4720997.5	Lx8b:L1:LINE	24166	333	1189.39	1255	94.77
VC35B-VC-54809771	4720997.5	L1_Mur2:L1:LINE	20769	245	1187.24	1307	90.84
VC35B-VC-54809771	4720997.5	L2b:L2:LINE	13720	846	1127.92	1167	96.65
VC35B-VC-54809771	4720997.5	MTB:ERVL-MaLR:LTR	6419	314	1100.92	1304	84.43
VC35B-VC-54809771	4720997.5	MTE2b:ERVL-MaLR:LTR	14367	481	1089.26	1165	93.50
VC35B-VC-54809771	4720997.5	ORR1C2:ERVL-MaLR:LTR	12473	440	1088.56	1171	92.96
VC35B-VC-54809771	4720997.5	MERVL_2A-int:ERVL:LTR	3899	136	1079.43	1323	81.59
VC35B-VC-54809771	4720997.5	Lx5c:L1:LINE	16422	239	1046.95	1147	91.28
VC35B-VC-54809771	4720997.5	RMER19B:ERVK:LTR	5640	193	1045.48	1079	96.89
VC35B-VC-54809771	4720997.5	RLTR9E:ERVK:LTR	1318	116	1026.05	746	137.54
VC35B-VC-54809771	4720997.5	ORR1A4:ERVL-MaLR:LTR	7791	356	1005.96	1114	90.30
VC35B-VC-54809771	4720997.5	ORR1A2-int:ERVL-MaLR:LTR	2132	242	998.88	1031	96.88
VC35B-VC-54809771	4720997.5	MT2A:ERVL:LTR	10140	375	963.92	1039	92.77
VC35B-VC-54809771	4720997.5	LTRIS2:ERV1:LTR	1423	147	963.31	1033	93.25
VC35B-VC-54809771	4720997.5	MER2:TcMar-Tigger:DNA	10246	507	910.51	951	95.74
VC35B-VC-54809771	4720997.5	L1VL2:L1:LINE	4697	166	873.74	892	97.95
VC35B-VC-54809771	4720997.5	MTEb:ERVL-MaLR:LTR	10811	429	865.14	882	98.09
VC35B-VC-54809771	4720997.5	MT2B1:ERVL:LTR	7248	292	859.34	915	93.92
VC35B-VC-54809771	4720997.5	ETnERV3-int:ERVK:LTR	560	27	844.69	838	100.80
VC35B-VC-54809771	4720997.5	MER20:hAT-Charlie:DNA	5994	593	842.60	885	95.21
VC35B-VC-54809771	4720997.5	L1Md_Gf:L1:LINE	1080	46	839.76	2834	29.63
VC35B-VC-54809771	4720997.5	BC1_Mm:scRNA:scRNA	6758	552	835.51	924	90.42
VC35B-VC-54809771	4720997.5	MT2_Mm:ERVL:LTR	2667	297	831.32	838	99.20
VC35B-VC-54809771	4720997.5	ORR1A0-int:ERVL-MaLR:LTR	456	13	826.17	854	96.74
VC35B-VC-54809771	4720997.5	RMER1A:Other:Other	3854	101	823.65	763	107.95
VC35B-VC-54809771	4720997.5	ORR1B2:ERVL-MaLR:LTR	8528	355	820.34	885	92.69
VC35B-VC-54809771	4720997.5	RMER1B:Other:Other	7511	215	818.15	889	92.03
VC35B-VC-54809771	4720997.5	RLTRETN_Mm:ERVK:LTR	1355	65	794.50	1243	63.92
VC35B-VC-54809771	4720997.5	MER34B-int:ERV1:LTR	81	293	793.00	792	100.13
VC35B-VC-54809771	4720997.5	MER5A:hAT-Charlie:DNA	8982	635	787.71	818	96.30
VC35B-VC-54809771	4720997.5	tRNA-Ser-TCA(m):tRNA:tRNA	4	364	778.66	634	122.82
VC35B-VC-54809771	4720997.5	Lx2B2:L1:LINE	11012	110	770.71	825	93.42
VC35B-VC-54809771	4720997.5	ID2:ID:SINE	5671	629	761.60	837	90.99
VC35B-VC-54809771	4720997.5	RLTR17B_Mm:ERVK:LTR	27369	513	733.47	823	89.12
VC35B-VC-54809771	4720997.5	L1VL4:L1:LINE	6091	127	717.19	747	96.01
VC35B-VC-54809771	4720997.5	L1_Mus4:L1:LINE	11880	146	713.00	792	90.02
VC35B-VC-54809771	4720997.5	RCHARR1:hAT-Charlie:DNA	6811	238	710.37	786	90.38
VC35B-VC-54809771	4720997.5	ORR1C1:ERVL-MaLR:LTR	7423	276	705.82	769	91.78
VC35B-VC-54809771	4720997.5	L1MC4:L1:LINE	5589	334	691.03	721	95.84
VC35B-VC-54809771	4720997.5	RMER4B:ERVK:LTR	5158	275	690.40	733	94.19
VC35B-VC-54809771	4720997.5	ORR1A0:ERVL-MaLR:LTR	2133	135	683.64	781	87.53
VC35B-VC-54809771	4720997.5	L1MB8:L1:LINE	6000	267	679.65	737	92.22
VC35B-VC-54809771	4720997.5	ORR1A3:ERVL-MaLR:LTR	4381	194	679.20	639	106.29
VC35B-VC-54809771	4720997.5	MLT1B:ERVL-MaLR:LTR	9316	352	677.91	715	94.81
VC35B-VC-54809771	4720997.5	MT2B2:ERVL:LTR	3655	385	665.41	748	88.96
VC35B-VC-54809771	4720997.5	MMERVK9E_I-int:ERVK:LTR	1568	24	663.16	701	94.60
VC35B-VC-54809771	4720997.5	MLT1A1:ERVL-MaLR:LTR	9015	438	658.43	743	88.62
VC35B-VC-54809771	4720997.5	ID:ID:SINE	8022	478	655.85	750	87.45
VC35B-VC-54809771	4720997.5	L1MEi:L1:LINE	478	215	651.39	686	94.95
VC35B-VC-54809771	4720997.5	MYSERV6-int:ERVK:LTR	3183	72	646.15	673	96.01
VC35B-VC-54809771	4720997.5	MLT1D:ERVL-MaLR:LTR	8368	326	634.56	662	95.86
VC35B-VC-54809771	4720997.5	RMER5:ERV1:LTR	7418	280	625.80	654	95.69
VC35B-VC-54809771	4720997.5	L1Md_F:L1:LINE	4016	52	609.93	1055	57.81
VC35B-VC-54809771	4720997.5	RLTR17:ERVK:LTR	1758	133	593.87	618	96.09
VC35B-VC-54809771	4720997.5	L1_Rod:L1:LINE	11315	153	591.25	635	93.11
VC35B-VC-54809771	4720997.5	MLT1A0:ERVL-MaLR:LTR	10413	324	590.90	642	92.04
VC35B-VC-54809771	4720997.5	MTB_Mm:ERVL-MaLR:LTR	4963	242	590.09	630	93.66
VC35B-VC-54809771	4720997.5	L1ME1:L1:LINE	5261	225	584.44	632	92.47
VC35B-VC-54809771	4720997.5	Lx3_Mus:L1:LINE	12651	82	581.02	635	91.50
VC35B-VC-54809771	4720997.5	MTE-int:ERVL-MaLR:LTR	4958	219	575.57	608	94.67
VC35B-VC-54809771	4720997.5	Lx3A:L1:LINE	9223	168	573.31	601	95.39
VC35B-VC-54809771	4720997.5	ORR1B1-int:ERVL-MaLR:LTR	2965	108	571.13	639	89.38
VC35B-VC-54809771	4720997.5	RLTR20B1:ERVK:LTR	668	50	565.31	218	259.32
VC35B-VC-54809771	4720997.5	MLTR14:ERV1:LTR	6798	277	564.88	607	93.06
VC35B-VC-54809771	4720997.5	L1MB3:L1:LINE	5343	263	564.00	615	91.71
VC35B-VC-54809771	4720997.5	RMER10A:ERVL:LTR	4464	251	552.97	555	99.63
VC35B-VC-54809771	4720997.5	Lx4A:L1:LINE	10564	125	547.84	593	92.39
VC35B-VC-54809771	4720997.5	U5:snRNA:snRNA	85	152	543.95	432	125.92
VC35B-VC-54809771	4720997.5	L1MEg:L1:LINE	3797	409	541.38	563	96.16
VC35B-VC-54809771	4720997.5	Lx5b:L1:LINE	7975	136	513.23	537	95.57
VC35B-VC-54809771	4720997.5	L1MA4:L1:LINE	7467	182	505.37	544	92.90
VC35B-VC-54809771	4720997.5	RLTR25B:ERVK:LTR	3674	252	500.25	637	78.53
VC35B-VC-54809771	4720997.5	MER58A:hAT-Charlie:DNA	3714	339	495.78	514	96.45
VC35B-VC-54809771	4720997.5	MLT1C:ERVL-MaLR:LTR	7791	273	495.42	512	96.76
VC35B-VC-54809771	4720997.5	Lx4B:L1:LINE	5680	75	492.22	533	92.35
VC35B-VC-54809771	4720997.5	L1MC1:L1:LINE	5571	182	492.11	520	94.64
VC35B-VC-54809771	4720997.5	ORR1A4-int:ERVL-MaLR:LTR	1326	20	489.60	531	92.20
VC35B-VC-54809771	4720997.5	L1MC5:L1:LINE	3476	246	482.25	528	91.33
VC35B-VC-54809771	4720997.5	L1MB2:L1:LINE	2927	187	475.50	506	93.97
VC35B-VC-54809771	4720997.5	RMER4A:ERVK:LTR	3287	219	470.86	496	94.93
VC35B-VC-54809771	4720997.5	Tigger7:TcMar-Tigger:DNA	5206	223	468.30	501	93.47
VC35B-VC-54809771	4720997.5	L1MD:L1:LINE	6361	274	468.01	515	90.88
VC35B-VC-54809771	4720997.5	L1MEd:L1:LINE	3245	365	467.35	489	95.57
VC35B-VC-54809771	4720997.5	MER5B:hAT-Charlie:DNA	5140	337	462.94	464	99.77
VC35B-VC-54809771	4720997.5	RMER6C:ERVK:LTR	4887	134	462.53	509	90.87
VC35B-VC-54809771	4720997.5	MMERGLN-int:ERV1:LTR	856	18	450.52	450	100.12
VC35B-VC-54809771	4720997.5	BGLII:ERVK:LTR	2269	176	446.71	469	95.25
VC35B-VC-54809771	4720997.5	L1MB5:L1:LINE	3766	191	440.41	474	92.91
VC35B-VC-54809771	4720997.5	RLTR11A:ERVK:LTR	2655	173	438.73	466	94.15
VC35B-VC-54809771	4720997.5	ORR1A1:ERVL-MaLR:LTR	4414	156	432.44	505	85.63
VC35B-VC-54809771	4720997.5	L1MA6:L1:LINE	6985	176	428.06	453	94.49
VC35B-VC-54809771	4720997.5	MTC-int:ERVL-MaLR:LTR	3520	70	420.59	490	85.83
VC35B-VC-54809771	4720997.5	RLTR45-int:ERVK:LTR	1317	59	418.79	366	114.42
VC35B-VC-54809771	4720997.5	L1_Mur1:L1:LINE	7793	58	411.27	506	81.28
VC35B-VC-54809771	4720997.5	ORR1A3-int:ERVL-MaLR:LTR	2435	36	410.76	325	126.39
VC35B-VC-54809771	4720997.5	ERVB4_1C-LTR_Mm:ERVK:LTR	961	8	407.23	1098	37.09
VC35B-VC-54809771	4720997.5	L1M3:L1:LINE	7043	167	405.53	462	87.78
VC35B-VC-54809771	4720997.5	MurERV4-int:ERVK:LTR	1525	44	400.74	414	96.80
VC35B-VC-54809771	4720997.5	Charlie1a:hAT-Charlie:DNA	2660	166	388.89	421	92.37
VC35B-VC-54809771	4720997.5	Lx2B:L1:LINE	6191	83	388.47	410	94.75
VC35B-VC-54809771	4720997.5	MTD-int:ERVL-MaLR:LTR	2521	50	386.42	442	87.43
VC35B-VC-54809771	4720997.5	RLTR10-int:ERVK:LTR	2617	23	385.01	355	108.45
VC35B-VC-54809771	4720997.5	L1MC3:L1:LINE	5288	172	384.84	409	94.09
VC35B-VC-54809771	4720997.5	L1MC:L1:LINE	5426	190	382.94	439	87.23
VC35B-VC-54809771	4720997.5	MER21B:ERVL:LTR	1618	175	381.85	394	96.92
VC35B-VC-54809771	4720997.5	MusHAL1:L1:LINE	3890	107	373.82	403	92.76
VC35B-VC-54809771	4720997.5	RLTR4_MM-int:ERV1:LTR	432	59	369.17	339	108.90
VC35B-VC-54809771	4720997.5	ORR1A1-int:ERVL-MaLR:LTR	859	39	367.04	415	88.44
VC35B-VC-54809771	4720997.5	MER3:hAT-Charlie:DNA	2967	291	365.15	381	95.84
VC35B-VC-54809771	4720997.5	L1MEc:L1:LINE	5378	178	365.13	390	93.62
VC35B-VC-54809771	4720997.5	RMER30:hAT-Charlie:DNA	3588	258	362.50	380	95.40
VC35B-VC-54809771	4720997.5	ORR1G:ERVL-MaLR:LTR	4680	194	358.23	384	93.29
VC35B-VC-54809771	4720997.5	RLTR6-int:ERV1:LTR	1220	42	357.75	361	99.10
VC35B-VC-54809771	4720997.5	HAL1:L1:LINE	3550	204	349.15	368	94.88
VC35B-VC-54809771	4720997.5	MER58B:hAT-Charlie:DNA	2843	220	348.00	360	96.67
VC35B-VC-54809771	4720997.5	ETnERV2-int:ERVK:LTR	1805	22	343.07	366	93.73
VC35B-VC-54809771	4720997.5	L1MC4a:L1:LINE	3077	157	341.72	359	95.19
VC35B-VC-54809771	4720997.5	MLTR25A:ERVK:LTR	2168	100	340.09	400	85.02
VC35B-VC-54809771	4720997.5	L1MA5:L1:LINE	4952	136	334.37	359	93.14
VC35B-VC-54809771	4720997.5	RLTR40:ERVK:LTR	2651	91	327.99	346	94.80
VC35B-VC-54809771	4720997.5	MLT1K:ERVL-MaLR:LTR	2759	149	324.79	332	97.83
VC35B-VC-54809771	4720997.5	Lx3C:L1:LINE	6475	63	324.03	344	94.19
VC35B-VC-54809771	4720997.5	MER33:hAT-Charlie:DNA	2719	186	319.59	337	94.83
VC35B-VC-54809771	4720997.5	Charlie5:hAT-Charlie:DNA	1547	255	317.33	327	97.04
VC35B-VC-54809771	4720997.5	RMER17C:ERVK:LTR	6479	146	316.14	348	90.84
VC35B-VC-54809771	4720997.5	L1MA8:L1:LINE	3882	149	312.55	321	97.37
VC35B-VC-54809771	4720997.5	L1MCa:L1:LINE	3565	174	312.34	329	94.94
VC35B-VC-54809771	4720997.5	RLTR11B:ERVK:LTR	1049	205	312.06	325	96.02
VC35B-VC-54809771	4720997.5	RLTR11A2:ERVK:LTR	2676	94	311.82	332	93.92
VC35B-VC-54809771	4720997.5	RLTR42-int:ERVK:LTR	2473	135	311.65	322	96.79
VC35B-VC-54809771	4720997.5	RMER1C:Other:Other	6347	131	311.33	334	93.21
VC35B-VC-54809771	4720997.5	Lx10:L1:LINE	10010	105	310.53	333	93.25
VC35B-VC-54809771	4720997.5	L1VL1:L1:LINE	1797	51	310.41	371	83.67
VC35B-VC-54809771	4720997.5	MER21C:ERVL:LTR	2261	142	309.91	334	92.79
VC35B-VC-54809771	4720997.5	L1MB4:L1:LINE	2690	162	305.64	327	93.47
VC35B-VC-54809771	4720997.5	RLTR20A4:ERVK:LTR	11527	216	305.35	337	90.61
VC35B-VC-54809771	4720997.5	RLTR31D_MM:ERVK:LTR	8270	164	302.81	417	72.62
VC35B-VC-54809771	4720997.5	L1MD2:L1:LINE	3227	126	302.56	319	94.85
VC35B-VC-54809771	4720997.5	LTRIS_Mus:ERV1:LTR	919	68	301.52	307	98.21
VC35B-VC-54809771	4720997.5	MT2C_Mm:ERVL:LTR	1982	101	300.96	329	91.48
VC35B-VC-54809771	4720997.5	RLTR25A:ERVK:LTR	1781	119	295.12	312	94.59
VC35B-VC-54809771	4720997.5	MLTR18B_MM:ERVK:LTR	468	61	290.26	294	98.73
VC35B-VC-54809771	4720997.5	4.5SRNA:scRNA:scRNA	1517	103	288.67	325	88.82
VC35B-VC-54809771	4720997.5	Tigger1:TcMar-Tigger:DNA	1025	96	275.56	290	95.02
VC35B-VC-54809771	4720997.5	tRNA-Ala-GCY_:tRNA:tRNA	2580	224	275.19	303	90.82
VC35B-VC-54809771	4720997.5	IAPLTR1_Mm:ERVK:LTR	1492	7	274.53	306	89.72
VC35B-VC-54809771	4720997.5	MYSERV16_I-int:ERVK:LTR	2516	38	273.49	296	92.40
VC35B-VC-54809771	4720997.5	RMER10B:ERVL:LTR	3002	101	272.07	301	90.39
VC35B-VC-54809771	4720997.5	MamSINE1:tRNA:SINE	410	228	269.00	270	99.63
VC35B-VC-54809771	4720997.5	RMER6D:ERVK:LTR	2411	88	267.62	283	94.56
VC35B-VC-54809771	4720997.5	L3b:CR1:LINE	2304	208	266.41	275	96.88
VC35B-VC-54809771	4720997.5	RLTR21:ERVK:LTR	3816	58	264.39	276	95.79
VC35B-VC-54809771	4720997.5	RLTR28:ERVL:LTR	1949	139	262.66	276	95.17
VC35B-VC-54809771	4720997.5	RLTR16B_MM:ERVK:LTR	635	90	258.88	267	96.96
VC35B-VC-54809771	4720997.5	LFSINE_Vert:tRNA:SINE	1208	224	258.00	259	99.61
VC35B-VC-54809771	4720997.5	MER5A1:hAT-Charlie:DNA	3905	195	257.21	263	97.80
VC35B-VC-54809771	4720997.5	ORR1D1-int:ERVL-MaLR:LTR	1715	37	256.28	309	82.94
VC35B-VC-54809771	4720997.5	L1ME4a:L1:LINE	1560	184	253.86	277	91.65
VC35B-VC-54809771	4720997.5	MLTR11A:ERVK:LTR	2124	95	253.66	273	92.92
VC35B-VC-54809771	4720997.5	RLTR14-int:ERV1:LTR	1816	118	248.80	253	98.34
VC35B-VC-54809771	4720997.5	RLTR15:ERVK:LTR	2437	86	246.14	274	89.83
VC35B-VC-54809771	4720997.5	RLTR12C:ERVK:LTR	319	130	240.16	242	99.24
VC35B-VC-54809771	4720997.5	AmnSINE1:Deu:SINE	1311	212	235.29	237	99.28
VC35B-VC-54809771	4720997.5	L1MEf:L1:LINE	3127	95	233.65	258	90.56
VC35B-VC-54809771	4720997.5	RMER15-int:ERVL:LTR	3100	62	232.53	248	93.76
VC35B-VC-54809771	4720997.5	RLTR13B2:ERVK:LTR	314	12	231.59	209	110.81
VC35B-VC-54809771	4720997.5	RMER19A:ERVK:LTR	2095	57	230.96	246	93.89
VC35B-VC-54809771	4720997.5	L1MC5a:L1:LINE	2588	123	229.11	249	92.01
VC35B-VC-54809771	4720997.5	MLT1G1:ERVL-MaLR:LTR	1080	27	227.03	205	110.75
VC35B-VC-54809771	4720997.5	RMER6B:ERVK:LTR	1360	73	224.89	243	92.55
VC35B-VC-54809771	4720997.5	MLT1E2:ERVL-MaLR:LTR	1821	106	223.00	237	94.09
VC35B-VC-54809771	4720997.5	MER68:ERVL:LTR	637	120	222.87	236	94.44
VC35B-VC-54809771	4720997.5	RMER17B:ERVK:LTR	2898	58	221.81	235	94.39
VC35B-VC-54809771	4720997.5	RMER12C:ERVK:LTR	4954	101	221.50	249	88.96
VC35B-VC-54809771	4720997.5	RMER21A:ERV1:LTR	622	126	221.08	226	97.82
VC35B-VC-54809771	4720997.5	MLT1J:ERVL-MaLR:LTR	2943	142	220.43	225	97.97
VC35B-VC-54809771	4720997.5	L1M4b:L1:LINE	2190	108	217.39	223	97.49
VC35B-VC-54809771	4720997.5	MLT1A:ERVL-MaLR:LTR	4950	136	217.11	227	95.64
VC35B-VC-54809771	4720997.5	L1MA9:L1:LINE	4587	82	216.31	233	92.84
VC35B-VC-54809771	4720997.5	MER44B:TcMar-Tigger:DNA	1493	136	215.44	222	97.05
VC35B-VC-54809771	4720997.5	MTB-int:ERVL-MaLR:LTR	592	12	215.07	266	80.85
VC35B-VC-54809771	4720997.5	L1MA7:L1:LINE	3250	86	214.49	231	92.85
VC35B-VC-54809771	4720997.5	IAP1-MM_I-int:ERVK:LTR	479	71	213.68	213	100.32
VC35B-VC-54809771	4720997.5	RMER19B2:ERVK:LTR	2296	46	212.92	224	95.05
VC35B-VC-54809771	4720997.5	Charlie1:hAT-Charlie:DNA	977	86	212.31	227	93.53
VC35B-VC-54809771	4720997.5	RLTR22_Mur:ERVK:LTR	2503	54	209.80	226	92.83
VC35B-VC-54809771	4720997.5	MLTR11B:ERVK:LTR	2985	84	209.49	224	93.52
VC35B-VC-54809771	4720997.5	RLTR20C1_MM:ERVK:LTR	5561	163	207.22	218	95.05
VC35B-VC-54809771	4720997.5	L1ME2:L1:LINE	2633	96	205.36	217	94.64
VC35B-VC-54809771	4720997.5	L1ME3A:L1:LINE	2086	94	201.29	214	94.06
VC35B-VC-54809771	4720997.5	L1MD3:L1:LINE	2480	105	200.94	217	92.60
VC35B-VC-54809771	4720997.5	RMER13B:ERVK:LTR	2134	45	200.22	215	93.12
VC35B-VC-54809771	4720997.5	MER58C:hAT-Charlie:DNA	436	165	196.42	199	98.70
VC35B-VC-54809771	4720997.5	RLTR10C:ERVK:LTR	1779	38	196.30	210	93.48
VC35B-VC-54809771	4720997.5	MLT1F:ERVL-MaLR:LTR	1561	124	193.91	203	95.52
VC35B-VC-54809771	4720997.5	RMER3D-int:ERVK:LTR	2711	34	191.59	201	95.32
VC35B-VC-54809771	4720997.5	L1ME4b:L1:LINE	1818	104	190.65	215	88.68
VC35B-VC-54809771	4720997.5	RMER12:ERVK:LTR	3319	69	190.36	209	91.08
VC35B-VC-54809771	4720997.5	RLTR14_RN:ERV1:LTR	1148	66	190.21	176	108.07
VC35B-VC-54809771	4720997.5	L1MC2:L1:LINE	2252	81	189.42	200	94.71
VC35B-VC-54809771	4720997.5	ORR1E-int:ERVL-MaLR:LTR	1446	33	188.12	209	90.01
VC35B-VC-54809771	4720997.5	RLTR13E:ERVK:LTR	603	19	188.07	250	75.23
VC35B-VC-54809771	4720997.5	RLTR49:ERVK:LTR	933	102	187.40	201	93.24
VC35B-VC-54809771	4720997.5	ORR1D2-int:ERVL-MaLR:LTR	1361	22	186.33	207	90.02
VC35B-VC-54809771	4720997.5	U6:snRNA:snRNA	1353	84	185.88	177	105.02
VC35B-VC-54809771	4720997.5	L1MDa:L1:LINE	3451	81	184.83	203	91.05
VC35B-VC-54809771	4720997.5	Tigger5:TcMar-Tigger:DNA	1975	91	184.66	204	90.52
VC35B-VC-54809771	4720997.5	RLTR41:ERV1:LTR	1121	76	184.32	199	92.63
VC35B-VC-54809771	4720997.5	RLTR18:ERVK:LTR	610	25	181.31	217	83.55
VC35B-VC-54809771	4720997.5	LTR50:ERVL:LTR	549	65	180.03	165	109.11
VC35B-VC-54809771	4720997.5	IAPEY4_I-int:ERVK:LTR	521	3	179.39	172	104.30
VC35B-VC-54809771	4720997.5	HAL1ME:L1:LINE	900	105	178.73	213	83.91
VC35B-VC-54809771	4720997.5	MamGyp-int:Gypsy:LTR	28	35	178.61	178	100.34
VC35B-VC-54809771	4720997.5	L1M4c:L1:LINE	2049	52	178.40	201	88.76
VC35B-VC-54809771	4720997.5	RMER17D:ERVK:LTR	1166	73	176.30	179	98.49
VC35B-VC-54809771	4720997.5	RLTR9D:ERVK:LTR	803	38	175.80	224	78.48
VC35B-VC-54809771	4720997.5	MER89:ERV1:LTR	614	15	174.69	100	174.69
VC35B-VC-54809771	4720997.5	L1MD1:L1:LINE	2268	74	173.88	192	90.56
VC35B-VC-54809771	4720997.5	RMER13A2:ERVK:LTR	1473	56	172.31	183	94.16
VC35B-VC-54809771	4720997.5	MuRRS4-int:ERV1:LTR	2735	20	172.05	272	63.25
VC35B-VC-54809771	4720997.5	RLTR14:ERV1:LTR	2341	61	171.71	184	93.32
VC35B-VC-54809771	4720997.5	RLTR13B1:ERVK:LTR	1029	27	167.62	188	89.16
VC35B-VC-54809771	4720997.5	MLT1H:ERVL-MaLR:LTR	2322	82	167.00	184	90.76
VC35B-VC-54809771	4720997.5	RLTR33:ERVK:LTR	1336	41	166.47	171	97.35
VC35B-VC-54809771	4720997.5	RMER17A2:ERVK:LTR	2598	31	161.70	160	101.06
VC35B-VC-54809771	4720997.5	L1MB1:L1:LINE	2524	60	160.33	174	92.14
VC35B-VC-54809771	4720997.5	ORR1D-int:ERVL-MaLR:LTR	878	33	160.31	173	92.67
VC35B-VC-54809771	4720997.5	RMER19C:ERVK:LTR	2729	38	160.09	168	95.29
VC35B-VC-54809771	4720997.5	MMERVK10D3_I-int:ERVK:LTR	458	8	159.84	156	102.46
VC35B-VC-54809771	4720997.5	RLTR1B:ERV1:LTR	893	26	159.41	200	79.71
VC35B-VC-54809771	4720997.5	ORR1C2-int:ERVL-MaLR:LTR	914	17	159.30	183	87.05
VC35B-VC-54809771	4720997.5	RLTR23:ERV1:LTR	1524	58	158.77	167	95.07
VC35B-VC-54809771	4720997.5	Tigger19a:TcMar-Tigger:DNA	771	136	157.73	168	93.88
VC35B-VC-54809771	4720997.5	RLTR10:ERVK:LTR	2930	20	157.42	169	93.15
VC35B-VC-54809771	4720997.5	Tigger15a:TcMar-Tigger:DNA	704	113	156.08	162	96.35
VC35B-VC-54809771	4720997.5	IAP-d-int:ERVK:LTR	1323	4	156.07	162	96.34
VC35B-VC-54809771	4720997.5	RLTR18B:ERVK:LTR	989	42	155.79	166	93.85
VC35B-VC-54809771	4720997.5	RMER17C-int:ERVK:LTR	1940	32	155.13	167	92.89
VC35B-VC-54809771	4720997.5	MERV1_I-int:ERV1:LTR	1365	37	153.91	158	97.41
VC35B-VC-54809771	4720997.5	IAPEY3-int:ERVK:LTR	2345	3	152.70	154	99.16
VC35B-VC-54809771	4720997.5	MURVY-LTR:ERV1:LTR	1910	48	150.55	153	98.40
VC35B-VC-54809771	4720997.5	RMER20A:ERVK:LTR	1559	38	149.06	166	89.79
VC35B-VC-54809771	4720997.5	Charlie6:hAT-Charlie:DNA	148	51	149.00	149	100.00
VC35B-VC-54809771	4720997.5	MYSERV-int:ERVK:LTR	1435	24	149.00	157	94.90
VC35B-VC-54809771	4720997.5	MurERV4_19-int:ERVK:LTR	969	22	148.35	166	89.36
VC35B-VC-54809771	4720997.5	Tigger10:TcMar-Tigger:DNA	242	47	147.98	154	96.09
VC35B-VC-54809771	4720997.5	RLTR44-int:ERVK:LTR	653	21	146.63	146	100.43
VC35B-VC-54809771	4720997.5	MRLTR33:ERVK:LTR	624	75	146.19	153	95.55
VC35B-VC-54809771	4720997.5	RLTR12B:ERVK:LTR	909	48	142.67	151	94.48
VC35B-VC-54809771	4720997.5	RLTR13A2:ERVK:LTR	151	11	141.73	146	97.08
VC35B-VC-54809771	4720997.5	Charlie8:hAT-Charlie:DNA	728	78	141.59	149	95.02
VC35B-VC-54809771	4720997.5	Charlie1b:hAT-Charlie:DNA	952	87	141.23	156	90.53
VC35B-VC-54809771	4720997.5	L1ME2z:L1:LINE	1533	80	139.26	152	91.62
VC35B-VC-54809771	4720997.5	L1ME3:L1:LINE	1527	69	138.86	144	96.43
VC35B-VC-54809771	4720997.5	Tigger5b:TcMar-Tigger:DNA	2473	73	138.48	168	82.43
VC35B-VC-54809771	4720997.5	L1MA4A:L1:LINE	2709	42	137.77	153	90.05
VC35B-VC-54809771	4720997.5	RLTR31B2:ERVK:LTR	1192	52	135.35	147	92.08
VC35B-VC-54809771	4720997.5	RLTR13C2:ERVK:LTR	844	20	133.86	144	92.96
VC35B-VC-54809771	4720997.5	Tigger17a:TcMar-Tigger:DNA	908	43	133.81	144	92.92
VC35B-VC-54809771	4720997.5	RMER20B:ERVK:LTR	1949	54	131.25	140	93.75
VC35B-VC-54809771	4720997.5	MLT1L:ERVL-MaLR:LTR	1535	94	130.93	135	96.98
VC35B-VC-54809771	4720997.5	RLTR10F:ERVK:LTR	482	24	130.88	119	109.98
VC35B-VC-54809771	4720997.5	MARNA:TcMar-Mariner:DNA	562	103	130.57	131	99.67
VC35B-VC-54809771	4720997.5	MLT1F2:ERVL-MaLR:LTR	2297	68	130.47	138	94.54
VC35B-VC-54809771	4720997.5	L1ME3Cz:L1:LINE	1051	77	129.41	137	94.46
VC35B-VC-54809771	4720997.5	RLTR12BD_Mm:ERVK:LTR	883	64	125.96	138	91.27
VC35B-VC-54809771	4720997.5	L1M3e:L1:LINE	652	63	125.18	126	99.35
VC35B-VC-54809771	4720997.5	RMER17A:ERVK:LTR	1819	43	121.65	131	92.87
VC35B-VC-54809771	4720997.5	L1MA5A:L1:LINE	1231	42	121.31	126	96.28
VC35B-VC-54809771	4720997.5	MER20B:hAT-Charlie:DNA	831	85	119.50	132	90.53
VC35B-VC-54809771	4720997.5	RLTR26_Mus:ERVK:LTR	1091	50	118.54	125	94.83
VC35B-VC-54809771	4720997.5	RLTR13D3A1:ERVK:LTR	613	29	118.33	132	89.64
VC35B-VC-54809771	4720997.5	MTEa-int:ERVL-MaLR:LTR	1368	14	118.13	133	88.82
VC35B-VC-54809771	4720997.5	RMER17B2:ERVK:LTR	898	20	116.11	123	94.40
VC35B-VC-54809771	4720997.5	RLTR22_Mus:ERVK:LTR	1191	20	115.83	132	87.75
VC35B-VC-54809771	4720997.5	RLTR12E:ERVK:LTR	615	47	115.39	137	84.23
VC35B-VC-54809771	4720997.5	RodERV21-int:ERV1:LTR	1856	19	115.23	121	95.23
VC35B-VC-54809771	4720997.5	MER53:hAT:DNA	1693	87	114.25	115	99.34
VC35B-VC-54809771	4720997.5	RLTR12D:ERVK:LTR	647	56	114.06	120	95.05
VC35B-VC-54809771	4720997.5	Cheshire:hAT-Charlie:DNA	1091	66	113.96	123	92.65
VC35B-VC-54809771	4720997.5	tRNA-Ala-GCA:tRNA:tRNA	749	102	113.60	120	94.66
VC35B-VC-54809771	4720997.5	RMER13A1:ERVK:LTR	1082	28	112.94	125	90.35
VC35B-VC-54809771	4720997.5	RLTR41C:ERV1:LTR	157	82	112.31	116	96.82
VC35B-VC-54809771	4720997.5	MLT1M:ERVL-MaLR:LTR	212	89	111.26	112	99.34
VC35B-VC-54809771	4720997.5	RLTR17D_Mm:ERVK:LTR	1225	14	110.00	117	94.02
VC35B-VC-54809771	4720997.5	IAPLTR2_Mm:ERVK:LTR	1388	14	109.58	129	84.94
VC35B-VC-54809771	4720997.5	MER46C:TcMar-Tigger:DNA	788	74	108.89	113	96.36
VC35B-VC-54809771	4720997.5	LTR72_RN:ERV1:LTR	1000	53	108.45	120	90.38
VC35B-VC-54809771	4720997.5	MLT1F1:ERVL-MaLR:LTR	1608	60	108.23	113	95.78
VC35B-VC-54809771	4720997.5	BGLII_B:ERVK:LTR	960	41	108.10	116	93.19
VC35B-VC-54809771	4720997.5	MERV1_LTR:ERV1:LTR	615	67	107.16	115	93.18
VC35B-VC-54809771	4720997.5	MLT1J2:ERVL-MaLR:LTR	1110	86	106.52	109	97.73
VC35B-VC-54809771	4720997.5	RLTR16:ERVK:LTR	1350	33	106.44	113	94.19
VC35B-VC-54809771	4720997.5	RMER6BA:ERVK:LTR	957	38	105.83	132	80.17
VC35B-VC-54809771	4720997.5	RLTR20D:ERVK:LTR	777	22	104.62	122	85.76
VC35B-VC-54809771	4720997.5	MER2B:TcMar-Tigger:DNA	1093	79	103.76	113	91.83
VC35B-VC-54809771	4720997.5	RMER2:ERV1:LTR	2358	39	103.64	109	95.08
VC35B-VC-54809771	4720997.5	MMAR1:TcMar-Mariner:DNA	309	27	103.42	110	94.02
VC35B-VC-54809771	4720997.5	RLTR13D6:ERVK:LTR	805	27	103.36	121	85.42
VC35B-VC-54809771	4720997.5	HY3:scRNA:scRNA	15	67	100.00	100	100.00
VC35B-VC-54809771	4720997.5	ERVB2_1A-I_MM-int:ERVK:LTR	289	13	99.71	116	85.96
VC35B-VC-54809771	4720997.5	MER103C:hAT-Charlie:DNA	1072	76	99.30	102	97.36
VC35B-VC-54809771	4720997.5	MER34A1:ERV1:LTR	541	34	99.00	100	99.00
VC35B-VC-54809771	4720997.5	RLTR20C2_MM:ERVK:LTR	3620	48	97.98	111	88.27
VC35B-VC-54809771	4720997.5	Charlie4a:hAT-Charlie:DNA	1121	70	97.50	100	97.50
VC35B-VC-54809771	4720997.5	MLTR18A_MM:ERVK:LTR	299	19	97.08	96	101.12
VC35B-VC-54809771	4720997.5	RLTR24:ERV1:LTR	1240	39	95.85	101	94.90
VC35B-VC-54809771	4720997.5	LTR10_RN:ERVK:LTR	546	35	95.84	101	94.89
VC35B-VC-54809771	4720997.5	RLTR18-int:ERVK:LTR	506	23	95.17	104	91.51
VC35B-VC-54809771	4720997.5	MLT2D:ERVL:LTR	1567	47	92.65	98	94.54
VC35B-VC-54809771	4720997.5	MERVK26-int:ERVK:LTR	1001	21	92.14	94	98.02
VC35B-VC-54809771	4720997.5	Charlie24:hAT-Charlie:DNA	374	48	91.59	93	98.48
VC35B-VC-54809771	4720997.5	RMER12B:ERVK:LTR	1011	15	90.38	98	92.23
VC35B-VC-54809771	4720997.5	MER112:hAT-Charlie:DNA	358	60	90.29	91	99.22
VC35B-VC-54809771	4720997.5	X7B_LINE:CR1:LINE	162	33	90.12	95	94.86
VC35B-VC-54809771	4720997.5	MLT2B1:ERVL:LTR	1637	44	89.50	95	94.21
VC35B-VC-54809771	4720997.5	MLT2B5:ERVL:LTR	442	71	89.50	90	99.44
VC35B-VC-54809771	4720997.5	MLTR73:ERV1:LTR	956	68	89.50	91	98.35
VC35B-VC-54809771	4720997.5	RLTR30D2_MM:ERV1:LTR	741	32	88.99	91	97.79
VC35B-VC-54809771	4720997.5	Charlie2b:hAT-Charlie:DNA	884	53	88.70	96	92.40
VC35B-VC-54809771	4720997.5	MLT1G3:ERVL-MaLR:LTR	1075	52	87.83	90	97.59
VC35B-VC-54809771	4720997.5	AmnSINE2:Deu:SINE	391	82	87.50	88	99.43
VC35B-VC-54809771	4720997.5	RLTR1A2_MM:ERV1:LTR	406	17	86.98	90	96.64
VC35B-VC-54809771	4720997.5	tRNA-Glu-GAA:tRNA:tRNA	9	2	86.00	86	100.00
VC35B-VC-54809771	4720997.5	ERVB4_1B-I_MM-int:ERVK:LTR	1368	4	85.68	101	84.83
VC35B-VC-54809771	4720997.5	RLTR45:ERVK:LTR	1557	17	84.54	110	76.86
VC35B-VC-54809771	4720997.5	MamTip2:hAT-Tip100:DNA	892	76	84.19	88	95.67
VC35B-VC-54809771	4720997.5	ORR1C1-int:ERVL-MaLR:LTR	783	7	84.12	91	92.44
VC35B-VC-54809771	4720997.5	LTR78B:ERV1:LTR	405	80	84.00	85	98.82
VC35B-VC-54809771	4720997.5	U8:snRNA:snRNA	5	23	84.00	84	100.00
VC35B-VC-54809771	4720997.5	IAPLTR2b:ERVK:LTR	1017	22	83.79	116	72.23
VC35B-VC-54809771	4720997.5	RLTR31C_MM:ERVK:LTR	726	32	83.60	88	95.00
VC35B-VC-54809771	4720997.5	Lx2A1:L1:LINE	2739	25	83.31	94	88.63
VC35B-VC-54809771	4720997.5	ORR1B2-int:ERVL-MaLR:LTR	857	7	82.83	91	91.02
VC35B-VC-54809771	4720997.5	L1ME3B:L1:LINE	735	46	82.82	84	98.59
VC35B-VC-54809771	4720997.5	L4_A_Mam:RTE-X:LINE	630	64	82.71	86	96.18
VC35B-VC-54809771	4720997.5	LTR82A:ERVL:LTR	341	29	82.48	81	101.82
VC35B-VC-54809771	4720997.5	L1ME4c:L1:LINE	968	63	82.27	84	97.94
VC35B-VC-54809771	4720997.5	RLTR9A:ERVK:LTR	648	26	82.10	131	62.67
VC35B-VC-54809771	4720997.5	IAPLTR3-int:ERVK:LTR	1773	5	81.90	89	92.03
VC35B-VC-54809771	4720997.5	RMER20C_Mm:ERVK:LTR	1595	40	81.67	88	92.80
VC35B-VC-54809771	4720997.5	MER31B:ERV1:LTR	558	40	80.56	84	95.90
VC35B-VC-54809771	4720997.5	MLT2F:ERVL:LTR	574	45	80.00	81	98.77
VC35B-VC-54809771	4720997.5	RLTR51A_Mm:ERVK?:LTR	3523	47	79.88	88	90.77
VC35B-VC-54809771	4720997.5	BGLII_Mur:ERVK:LTR	611	21	79.53	88	90.37
VC35B-VC-54809771	4720997.5	ERVB4_1B-LTR_MM:ERVK:LTR	648	57	79.04	81	97.58
VC35B-VC-54809771	4720997.5	IAPLTR2a2_Mm:ERVK:LTR	1541	24	78.84	99	79.64
VC35B-VC-54809771	4720997.5	MURVY-int:ERV1:LTR	544	1	78.37	58	135.11
VC35B-VC-54809771	4720997.5	L1M2b:L1:LINE	16	67	78.00	78	100.00
VC35B-VC-54809771	4720997.5	L1ME3G:L1:LINE	1161	38	77.65	84	92.44
VC35B-VC-54809771	4720997.5	MLT-int:ERVL-MaLR:LTR	846	42	77.22	85	90.85
VC35B-VC-54809771	4720997.5	RLTR19:ERVK:LTR	944	21	75.80	84	90.23
VC35B-VC-54809771	4720997.5	MMERGLN_LTR:ERV1:LTR	435	18	75.60	83	91.09
VC35B-VC-54809771	4720997.5	MT-int:ERVL-MaLR:LTR	438	8	75.32	182	41.38
VC35B-VC-54809771	4720997.5	Tigger6a:TcMar-Tigger:DNA	369	35	75.28	79	95.30
VC35B-VC-54809771	4720997.5	RLTR30E_MM:ERV1:LTR	320	30	75.24	76	99.01
VC35B-VC-54809771	4720997.5	MLT1E1A:ERVL-MaLR:LTR	1154	40	74.51	77	96.77
VC35B-VC-54809771	4720997.5	RLTR13D5:ERVK:LTR	745	22	74.51	84	88.71
VC35B-VC-54809771	4720997.5	RLTR11C_MM:ERVK:LTR	858	27	74.47	80	93.08
VC35B-VC-54809771	4720997.5	IAPLTR4:ERVK:LTR	663	9	74.36	74	100.48
VC35B-VC-54809771	4720997.5	RMER17C2:ERVK:LTR	3413	46	74.10	84	88.22
VC35B-VC-54809771	4720997.5	ERVL-B4-int:ERVL:LTR	1384	25	74.09	82	90.36
VC35B-VC-54809771	4720997.5	RLTR26C_MM:ERVK:LTR	454	45	74.00	77	96.10
VC35B-VC-54809771	4720997.5	RLTR4_Mm:ERV1:LTR	239	5	73.83	71	103.99
VC35B-VC-54809771	4720997.5	Charlie15a:hAT-Charlie:DNA	217	55	72.50	73	99.32
VC35B-VC-54809771	4720997.5	MER102b:hAT-Charlie:DNA	507	47	72.13	75	96.17
VC35B-VC-54809771	4720997.5	Tigger12:TcMar-Tigger:DNA	155	62	72.08	74	97.41
VC35B-VC-54809771	4720997.5	RMER21B:ERV1:LTR	1252	36	72.06	83	86.82
VC35B-VC-54809771	4720997.5	CR1_Mam:CR1:LINE	257	37	71.91	77	93.39
VC35B-VC-54809771	4720997.5	RLTR48A:ERV1:LTR	635	12	71.52	78	91.69
VC35B-VC-54809771	4720997.5	LTR40b:ERVL:LTR	577	20	71.21	59	120.69
VC35B-VC-54809771	4720997.5	RLTR12A:ERVK:LTR	829	26	70.21	76	92.38
VC35B-VC-54809771	4720997.5	MLT2B2:ERVL:LTR	1351	28	70.00	72	97.22
VC35B-VC-54809771	4720997.5	IAPLTR1a_Mm:ERVK:LTR	1786	4	69.15	116	59.61
VC35B-VC-54809771	4720997.5	RLTR10A:ERVK:LTR	800	27	68.48	76	90.10
VC35B-VC-54809771	4720997.5	RLTR20B5_MM:ERVK:LTR	868	23	68.04	72	94.49
VC35B-VC-54809771	4720997.5	RLTR20B3A_MM:ERVK:LTR	843	40	67.98	73	93.12
VC35B-VC-54809771	4720997.5	RLTR44C:ERVK:LTR	198	16	67.55	90	75.05
VC35B-VC-54809771	4720997.5	RMER13A:ERVK:LTR	1010	21	67.50	71	95.07
VC35B-VC-54809771	4720997.5	RLTR13C3:ERVK:LTR	538	19	67.34	77	87.46
VC35B-VC-54809771	4720997.5	MLTR31F_MM:ERVK:LTR	403	37	65.65	69	95.14
VC35B-VC-54809771	4720997.5	RMER16C:ERVK:LTR	190	23	65.58	67	97.88
VC35B-VC-54809771	4720997.5	RMER17D2:ERVK:LTR	1783	13	65.53	69	94.96
VC35B-VC-54809771	4720997.5	MER31A:ERV1:LTR	707	32	64.73	69	93.81
VC35B-VC-54809771	4720997.5	MER117:hAT-Charlie:DNA	745	54	64.62	66	97.90
VC35B-VC-54809771	4720997.5	MER44C:TcMar-Tigger:DNA	185	10	64.41	68	94.72
VC35B-VC-54809771	4720997.5	BGLII_B2:ERVK:LTR	359	31	64.28	68	94.53
VC35B-VC-54809771	4720997.5	MLT1I:ERVL-MaLR:LTR	1777	41	63.61	67	94.94
VC35B-VC-54809771	4720997.5	MER119:hAT-Charlie:DNA	404	35	63.37	65	97.49
VC35B-VC-54809771	4720997.5	5S:rRNA:rRNA	1038	51	63.28	67	94.44
VC35B-VC-54809771	4720997.5	HAL1M8:L1:LINE	710	31	63.03	67	94.08
VC35B-VC-54809771	4720997.5	MTEb-int:ERVL-MaLR:LTR	635	9	62.52	70	89.31
VC35B-VC-54809771	4720997.5	RLTR9A3:ERVK:LTR	774	15	62.11	62	100.17
VC35B-VC-54809771	4720997.5	U14:snRNA:snRNA	4	41	62.00	62	100.00
VC35B-VC-54809771	4720997.5	RLTR53_Mm:ERVK:LTR	481	35	61.71	63	97.96
VC35B-VC-54809771	4720997.5	RLTR13A:ERVK:LTR	211	27	61.48	73	84.22
VC35B-VC-54809771	4720997.5	ERVB3_1-I_MM-int:ERVK:LTR	134	8	61.11	63	97.00
VC35B-VC-54809771	4720997.5	Tigger17c:TcMar-Tigger:DNA	649	30	60.74	66	92.02
VC35B-VC-54809771	4720997.5	RLTR16C_MM:ERVK:LTR	360	12	60.72	65	93.41
VC35B-VC-54809771	4720997.5	ERVL-E-int:ERVL:LTR	1044	35	60.45	62	97.50
VC35B-VC-54809771	4720997.5	MLT1H2:ERVL-MaLR:LTR	1034	40	60.35	63	95.80
VC35B-VC-54809771	4720997.5	MER77B:ERVL:LTR	505	28	60.00	62	96.77
VC35B-VC-54809771	4720997.5	MER77:ERVL:LTR	570	29	59.91	61	98.21
VC35B-VC-54809771	4720997.5	RLTR34B_MM:ERVK:LTR	527	23	59.81	64	93.46
VC35B-VC-54809771	4720997.5	MLTR18D_MM:ERVK:LTR	620	11	59.76	66	90.54
VC35B-VC-54809771	4720997.5	MuLV-int:ERV1:LTR	392	41	59.48	69	86.21
VC35B-VC-54809771	4720997.5	MTB_Mm-int:ERVL-MaLR:LTR	379	3	59.34	66	89.91
VC35B-VC-54809771	4720997.5	MLT1H-int:ERVL-MaLR:LTR	379	47	59.19	62	95.47
VC35B-VC-54809771	4720997.5	RLTR30D_RN:ERV1:LTR	64	23	59.11	60	98.51
VC35B-VC-54809771	4720997.5	RLTR13A3:ERVK:LTR	243	11	59.10	64	92.34
VC35B-VC-54809771	4720997.5	MER44D:TcMar-Tigger:DNA	940	36	58.28	64	91.07
VC35B-VC-54809771	4720997.5	IAPEY2_LTR:ERVK:LTR	1062	7	58.27	69	84.45
VC35B-VC-54809771	4720997.5	RLTR1C:ERV1:LTR	697	10	58.21	58	100.36
VC35B-VC-54809771	4720997.5	Charlie12:hAT-Charlie:DNA	902	31	57.55	66	87.19
VC35B-VC-54809771	4720997.5	MER74A:ERVL:LTR	731	33	57.47	59	97.41
VC35B-VC-54809771	4720997.5	LTR16A:ERVL:LTR	1472	31	57.00	59	96.61
VC35B-VC-54809771	4720997.5	MLTR31FA_MM:ERVK:LTR	525	12	56.79	66	86.05
VC35B-VC-54809771	4720997.5	MTE2a-int:ERVL-MaLR:LTR	795	11	56.70	76	74.61
VC35B-VC-54809771	4720997.5	MER113:hAT-Charlie:DNA	643	39	55.97	65	86.11
VC35B-VC-54809771	4720997.5	MamRep605:LTR?:LTR?	629	35	55.50	56	99.11
VC35B-VC-54809771	4720997.5	MLT2B3:ERVL:LTR	1483	18	54.50	61	89.34
VC35B-VC-54809771	4720997.5	RLTR20B3:ERVK:LTR	974	31	54.00	56	96.43
VC35B-VC-54809771	4720997.5	RLTR13C1:ERVK:LTR	309	6	53.68	57	94.18
VC35B-VC-54809771	4720997.5	Tigger9b:TcMar-Tigger:DNA	360	21	53.19	63	84.43
VC35B-VC-54809771	4720997.5	LTR41:ERVL:LTR	506	35	53.00	54	98.15
VC35B-VC-54809771	4720997.5	IAPEY_LTR:ERVK:LTR	1410	22	52.92	63	84.01
VC35B-VC-54809771	4720997.5	MLTR18_MM:ERVK:LTR	427	19	52.50	59	88.98
VC35B-VC-54809771	4720997.5	MTE2b-int:ERVL-MaLR:LTR	729	9	52.46	57	92.04
VC35B-VC-54809771	4720997.5	MLT1E3:ERVL-MaLR:LTR	1020	19	50.81	56	90.72
VC35B-VC-54809771	4720997.5	U13:snRNA:snRNA	13	25	50.00	50	100.00
VC35B-VC-54809771	4720997.5	RLTR13D3:ERVK:LTR	339	5	49.29	47	104.88
VC35B-VC-54809771	4720997.5	RLTR20A:ERVK:LTR	361	18	48.78	53	92.04
VC35B-VC-54809771	4720997.5	Plat_L3:CR1:LINE	579	37	48.66	51	95.42
VC35B-VC-54809771	4720997.5	MLT1J1:ERVL-MaLR:LTR	1135	33	48.56	57	85.20
VC35B-VC-54809771	4720997.5	RLTR10E:ERVK:LTR	227	12	48.11	50	96.22
VC35B-VC-54809771	4720997.5	Charlie7:hAT-Charlie:DNA	844	27	48.01	51	94.13
VC35B-VC-54809771	4720997.5	MLT1H1:ERVL-MaLR:LTR	1001	30	47.65	50	95.30
VC35B-VC-54809771	4720997.5	RLTR20B2:ERVK:LTR	880	16	47.49	51	93.11
VC35B-VC-54809771	4720997.5	MLTR13:ERVK:LTR	205	9	47.19	48	98.32
VC35B-VC-54809771	4720997.5	Arthur1:hAT-Tip100:DNA	920	16	47.16	45	104.81
VC35B-VC-54809771	4720997.5	MLTR18C_MM:ERVK:LTR	468	12	47.02	54	87.08
VC35B-VC-54809771	4720997.5	LTR48:ERV1:LTR	651	37	46.71	49	95.32
VC35B-VC-54809771	4720997.5	Charlie18a:hAT-Charlie:DNA	242	39	46.64	48	97.18
VC35B-VC-54809771	4720997.5	Charlie4z:hAT-Charlie:DNA	431	35	46.60	49	95.09
VC35B-VC-54809771	4720997.5	MER102c:hAT-Charlie:DNA	363	38	46.26	50	92.52
VC35B-VC-54809771	4720997.5	MamRep137:TcMar-Tigger:DNA	339	34	46.00	48	95.83
VC35B-VC-54809771	4720997.5	Lx2A:L1:LINE	1364	7	45.98	117	39.30
VC35B-VC-54809771	4720997.5	MLT1G:ERVL-MaLR:LTR	896	27	45.98	48	95.78
VC35B-VC-54809771	4720997.5	L1MCc:L1:LINE	529	28	45.84	48	95.51
VC35B-VC-54809771	4720997.5	MER45B:hAT-Tip100:DNA	688	17	45.62	54	84.49
VC35B-VC-54809771	4720997.5	HAL1b:L1:LINE	763	26	45.50	46	98.91
VC35B-VC-54809771	4720997.5	RLTR6B_Mm:ERV1:LTR	646	6	45.33	51	88.88
VC35B-VC-54809771	4720997.5	MuRRS-int:ERV1:LTR	996	3	45.05	47	95.85
VC35B-VC-54809771	4720997.5	MER47B:TcMar-Tigger:DNA	509	20	45.00	49	91.84
VC35B-VC-54809771	4720997.5	MER102a:hAT-Charlie:DNA	386	29	44.88	48	93.50
VC35B-VC-54809771	4720997.5	RLTR6_Mm:ERV1:LTR	237	1	44.55	49	90.93
VC35B-VC-54809771	4720997.5	MLT2B4:ERVL:LTR	1871	23	44.50	47	94.68
VC35B-VC-54809771	4720997.5	ERVB7_2-LTR_MM:ERVK:LTR	425	25	44.28	48	92.25
VC35B-VC-54809771	4720997.5	MER44A:TcMar-Tigger:DNA	661	21	44.01	49	89.82
VC35B-VC-54809771	4720997.5	BGLII_Mus:ERVK:LTR	615	16	44.00	44	100.00
VC35B-VC-54809771	4720997.5	LTR40c:ERVL:LTR	248	21	43.88	45	97.51
VC35B-VC-54809771	4720997.5	Charlie15b:hAT-Charlie:DNA	272	20	43.81	44	99.56
VC35B-VC-54809771	4720997.5	LTR101_Mam:ERVL:LTR	157	33	43.62	49	89.01
VC35B-VC-54809771	4720997.5	ERVB4_2-I_MM-int:ERVK:LTR	313	1	43.54	143	30.45
VC35B-VC-54809771	4720997.5	MER57D:ERV1:LTR	300	21	43.50	44	98.86
VC35B-VC-54809771	4720997.5	RMER16:ERVK:LTR	471	15	43.50	46	94.57
VC35B-VC-54809771	4720997.5	RLTR19C:ERVK:LTR	248	16	42.90	45	95.33
VC35B-VC-54809771	4720997.5	RMER16A3:ERVK:LTR	699	11	42.31	54	78.36
VC35B-VC-54809771	4720997.5	L1M7:L1:LINE	207	24	42.23	45	93.83
VC35B-VC-54809771	4720997.5	IAPLTR2a:ERVK:LTR	627	12	42.16	55	76.66
VC35B-VC-54809771	4720997.5	RLTR11D:ERVK:LTR	529	20	42.00	43	97.67
VC35B-VC-54809771	4720997.5	RLTR24B_MM:ERV1:LTR	1018	21	42.00	46	91.30
VC35B-VC-54809771	4720997.5	Tigger16b:TcMar-Tigger:DNA	197	25	42.00	42	100.00
VC35B-VC-54809771	4720997.5	IAPEy-int:ERVK:LTR	755	1	41.98	42	99.95
VC35B-VC-54809771	4720997.5	RLTR13D2:ERVK:LTR	270	6	41.45	43	96.40
VC35B-VC-54809771	4720997.5	MLT1E:ERVL-MaLR:LTR	534	18	41.33	56	73.81
VC35B-VC-54809771	4720997.5	RLTR20A3_MM:ERVK:LTR	880	16	40.94	45	90.99
VC35B-VC-54809771	4720997.5	LTR40a:ERVL:LTR	709	22	40.72	42	96.95
VC35B-VC-54809771	4720997.5	ORR1F-int:ERVL-MaLR:LTR	395	7	40.60	44	92.27
VC35B-VC-54809771	4720997.5	LTR33:ERVL:LTR	1466	22	40.00	43	93.02
VC35B-VC-54809771	4720997.5	L1MEb:L1:LINE	352	22	39.89	54	73.87
VC35B-VC-54809771	4720997.5	MLT1E1:ERVL-MaLR:LTR	576	21	39.76	42	94.67
VC35B-VC-54809771	4720997.5	MLT2C1:ERVL:LTR	872	25	39.50	42	94.05
VC35B-VC-54809771	4720997.5	Tigger13a:TcMar-Tigger:DNA	645	17	39.50	40	98.75
VC35B-VC-54809771	4720997.5	RLTR10D2:ERVK:LTR	225	6	39.06	40	97.65
VC35B-VC-54809771	4720997.5	Charlie2a:hAT-Charlie:DNA	505	20	38.87	43	90.39
VC35B-VC-54809771	4720997.5	MLTR12:ERV1:LTR	477	20	38.86	44	88.33
VC35B-VC-54809771	4720997.5	L1M4a2:L1:LINE	736	17	38.85	42	92.50
VC35B-VC-54809771	4720997.5	RMER16B2:ERVK:LTR	329	10	38.77	46	84.29
VC35B-VC-54809771	4720997.5	Kanga1:TcMar-Tc2:DNA	321	13	38.65	41	94.27
VC35B-VC-54809771	4720997.5	RLTR27:ERVK:LTR	1621	11	38.45	52	73.95
VC35B-VC-54809771	4720997.5	RLTR10D:ERVK:LTR	491	12	38.42	42	91.47
VC35B-VC-54809771	4720997.5	LTR16C:ERVL:LTR	1352	25	38.21	37	103.28
VC35B-VC-54809771	4720997.5	L1MA10:L1:LINE	866	21	37.27	40	93.17
VC35B-VC-54809771	4720997.5	RLTR26D_MM:ERVK:LTR	247	9	37.21	41	90.75
VC35B-VC-54809771	4720997.5	Tigger18a:TcMar-Tigger:DNA	240	18	37.11	36	103.07
VC35B-VC-54809771	4720997.5	MER34A:ERV1:LTR	694	22	37.00	39	94.87
VC35B-VC-54809771	4720997.5	SRV_MM-int:ERVK:LTR	129	14	36.56	36	101.56
VC35B-VC-54809771	4720997.5	HERVL40-int:ERVL:LTR	204	21	36.54	41	89.12
VC35B-VC-54809771	4720997.5	LTR41B:ERVL:LTR	290	32	36.50	37	98.65
VC35B-VC-54809771	4720997.5	L1M4a1:L1:LINE	607	22	36.32	42	86.47
VC35B-VC-54809771	4720997.5	L1ME3D:L1:LINE	323	17	36.00	36	100.00
VC35B-VC-54809771	4720997.5	LTRIS_Mm:ERV1:LTR	555	5	35.84	36	99.56
VC35B-VC-54809771	4720997.5	LTR88c:Gypsy?:LTR	118	25	35.66	38	93.85
VC35B-VC-54809771	4720997.5	HY1:scRNA:scRNA	38	10	35.50	36	98.61
VC35B-VC-54809771	4720997.5	RLTR51B_Mm:ERVK?:LTR	662	18	35.25	39	90.38
VC35B-VC-54809771	4720997.5	RLTR10B2:ERVK:LTR	854	13	35.19	38	92.61
VC35B-VC-54809771	4720997.5	Zaphod2:hAT-Tip100:DNA	169	5	35.00	35	100.00
VC35B-VC-54809771	4720997.5	Charlie17b:hAT-Charlie:DNA	130	14	34.74	35	99.25
VC35B-VC-54809771	4720997.5	RMER6-int:ERVK:LTR	607	6	34.66	42	82.52
VC35B-VC-54809771	4720997.5	LTRIS4A:ERV1:LTR	228	10	34.31	33	103.97
VC35B-VC-54809771	4720997.5	RLTR44E:ERVK:LTR	122	8	34.26	34	100.76
VC35B-VC-54809771	4720997.5	L1M1:L1:LINE	881	14	34.25	38	90.13
VC35B-VC-54809771	4720997.5	RLTR26B_MM:ERVK:LTR	507	9	34.17	36	94.91
VC35B-VC-54809771	4720997.5	RLTR13B4:ERVK:LTR	412	14	33.99	39	87.17
VC35B-VC-54809771	4720997.5	RLTR12G:ERVK:LTR	238	10	33.85	36	94.03
VC35B-VC-54809771	4720997.5	MER68B:ERVL:LTR	237	18	33.79	39	86.64
VC35B-VC-54809771	4720997.5	Kanga2_a:TcMar-Tc2:DNA	356	23	33.78	35	96.52
VC35B-VC-54809771	4720997.5	MLTR25C:ERVK:LTR	504	16	33.72	36	93.67
VC35B-VC-54809771	4720997.5	MER99:hAT?:DNA	198	5	33.33	30	111.09
VC35B-VC-54809771	4720997.5	X9_LINE:L1?:LINE	52	33	33.00	33	100.00
VC35B-VC-54809771	4720997.5	RLTR13B3:ERVK:LTR	265	2	32.84	39	84.20
VC35B-VC-54809771	4720997.5	MER81:hAT-Blackjack:DNA	512	28	32.50	33	98.48
VC35B-VC-54809771	4720997.5	Looper:PiggyBac:DNA	209	12	32.28	38	84.95
VC35B-VC-54809771	4720997.5	RLTR34D_MM:ERVK:LTR	410	7	31.99	36	88.86
VC35B-VC-54809771	4720997.5	RLTR13D3A:ERVK:LTR	162	3	31.61	34	92.96
VC35B-VC-54809771	4720997.5	HERVL74-int:ERVL:LTR	149	8	31.53	32	98.53
VC35B-VC-54809771	4720997.5	LTR87:ERVL?:LTR	214	24	31.32	32	97.88
VC35B-VC-54809771	4720997.5	RLTR19A:ERVK:LTR	153	18	31.19	31	100.61
VC35B-VC-54809771	4720997.5	MER104:TcMar-Tc2:DNA	295	24	31.07	34	91.39
VC35B-VC-54809771	4720997.5	MLT1F-int:ERVL-MaLR:LTR	417	16	31.04	33	94.07
VC35B-VC-54809771	4720997.5	L1ME3F:L1:LINE	308	15	31.00	32	96.88
VC35B-VC-54809771	4720997.5	tRNA-His-CAY_:tRNA:tRNA	16	7	31.00	31	100.00
VC35B-VC-54809771	4720997.5	RNERVK23-int:ERVK:LTR	45	15	30.80	39	78.98
VC35B-VC-54809771	4720997.5	RLTR1D2_MM:ERV1:LTR	192	8	30.61	34	90.04
VC35B-VC-54809771	4720997.5	MER58D:hAT-Charlie:DNA	292	28	30.50	31	98.39
VC35B-VC-54809771	4720997.5	RLTR20A2B_MM:ERVK:LTR	438	10	30.50	31	98.39
VC35B-VC-54809771	4720997.5	MER34:ERV1:LTR	737	17	30.18	34	88.76
VC35B-VC-54809771	4720997.5	MER115:hAT-Tip100:DNA	521	20	30.11	33	91.25
VC35B-VC-54809771	4720997.5	RLTR30:ERV1:LTR	390	14	30.00	31	96.77
VC35B-VC-54809771	4720997.5	Charlie16a:hAT-Charlie:DNA	197	19	29.90	30	99.67
VC35B-VC-54809771	4720997.5	MER92B:ERV1:LTR	238	19	29.83	31	96.23
VC35B-VC-54809771	4720997.5	ERVB7_3-LTR_MM:ERVK:LTR	319	6	29.71	32	92.84
VC35B-VC-54809771	4720997.5	L1MDb:L1:LINE	583	12	29.50	32	92.19
VC35B-VC-54809771	4720997.5	RLTR8:ERVK:LTR	241	12	29.44	33	89.20
VC35B-VC-54809771	4720997.5	RLTR13A1:ERVK:LTR	205	1	29.11	28	103.97
VC35B-VC-54809771	4720997.5	L1ME3E:L1:LINE	327	20	29.08	32	90.87
VC35B-VC-54809771	4720997.5	Charlie10:hAT-Charlie:DNA	371	6	29.00	31	93.55
VC35B-VC-54809771	4720997.5	MMTV-int:ERVK:LTR	35	2	28.97	27	107.31
VC35B-VC-54809771	4720997.5	RLTR41A2:ERV1:LTR	440	11	28.87	39	74.03
VC35B-VC-54809771	4720997.5	Tigger17:TcMar-Tigger:DNA	315	16	28.86	32	90.20
VC35B-VC-54809771	4720997.5	RLTR9F:ERVK:LTR	411	8	28.67	33	86.87
VC35B-VC-54809771	4720997.5	MLT1N2:ERVL-MaLR:LTR	692	23	28.58	32	89.31
VC35B-VC-54809771	4720997.5	MER63D:hAT-Blackjack:DNA	1034	18	28.50	31	91.94
VC35B-VC-54809771	4720997.5	MER90a:ERV1:LTR	581	21	28.50	30	95.00
VC35B-VC-54809771	4720997.5	RLTR9B:ERVK:LTR	206	9	28.50	30	95.00
VC35B-VC-54809771	4720997.5	ERVB4_1-I_MM-int:ERVK:LTR	296	3	28.38	31	91.53
VC35B-VC-54809771	4720997.5	ERVB7_2B-LTR_MM:ERVK:LTR	710	10	28.34	36	78.72
VC35B-VC-54809771	4720997.5	MER105:DNA:DNA	171	23	28.19	31	90.94
VC35B-VC-54809771	4720997.5	MER131:SINE?:SINE?	274	24	28.00	28	100.00
VC35B-VC-54809771	4720997.5	MLT1O:ERVL-MaLR:LTR	538	23	27.89	31	89.96
VC35B-VC-54809771	4720997.5	RMER16_Mm:ERVK:LTR	435	9	27.87	32	87.09
VC35B-VC-54809771	4720997.5	L4_C_Mam:RTE-X:LINE	590	18	27.50	29	94.83
VC35B-VC-54809771	4720997.5	RLTR30D_MM:ERV1:LTR	268	6	27.50	29	94.83
VC35B-VC-54809771	4720997.5	LTR33A:ERVL:LTR	504	16	27.00	27	100.00
VC35B-VC-54809771	4720997.5	Tigger9a:TcMar-Tigger:DNA	200	20	27.00	29	93.10
VC35B-VC-54809771	4720997.5	MLTR31D_MM:ERVK:LTR	318	4	26.89	31	86.75
VC35B-VC-54809771	4720997.5	RLTR1D:ERV1:LTR	305	5	26.84	28	95.85
VC35B-VC-54809771	4720997.5	L1M:L1:LINE	459	18	26.72	30	89.06
VC35B-VC-54809771	4720997.5	Arthur1B:hAT-Tip100:DNA	597	17	26.50	28	94.64
VC35B-VC-54809771	4720997.5	RLTR34C_MM:ERVK:LTR	402	5	26.50	28	94.64
VC35B-VC-54809771	4720997.5	Tigger14a:TcMar-Tigger:DNA	225	20	26.50	27	98.15
VC35B-VC-54809771	4720997.5	Kanga1c:TcMar-Tc2:DNA	184	16	26.45	28	94.47
VC35B-VC-54809771	4720997.5	RLTR13F:ERVK:LTR	98	7	26.23	27	97.13
VC35B-VC-54809771	4720997.5	RLTR31_Mur:ERVK:LTR	354	3	26.09	28	93.16
VC35B-VC-54809771	4720997.5	MLT1-int:ERVL-MaLR:LTR	285	13	26.07	27	96.57
VC35B-VC-54809771	4720997.5	RLTR30B_MM:ERV1:LTR	283	8	26.02	29	89.72
VC35B-VC-54809771	4720997.5	LTR104_Mam:Gypsy:LTR	254	24	26.00	26	100.00
VC35B-VC-54809771	4720997.5	MER91B:hAT-Tip100:DNA	229	20	26.00	26	100.00
VC35B-VC-54809771	4720997.5	Charlie29a:hAT-Charlie:DNA	324	19	25.56	26	98.29
VC35B-VC-54809771	4720997.5	IAPEY4_LTR:ERVK:LTR	95	2	25.51	25	102.05
VC35B-VC-54809771	4720997.5	BLACKJACK:hAT-Blackjack:DNA	716	16	25.50	26	98.08
VC35B-VC-54809771	4720997.5	RLTR10B:ERVK:LTR	477	6	25.25	33	76.50
VC35B-VC-54809771	4720997.5	RLTR13D1:ERVK:LTR	255	3	25.25	26	97.13
VC35B-VC-54809771	4720997.5	tRNA-Tyr-TAC:tRNA:tRNA	20	21	25.00	25	100.00
VC35B-VC-54809771	4720997.5	Tigger2b:TcMar-Tigger:DNA	176	11	24.50	27	90.74
VC35B-VC-54809771	4720997.5	LTR45:ERV1:LTR	31	7	24.41	52	46.94
VC35B-VC-54809771	4720997.5	IAP1-MM_LTR:ERVK:LTR	420	9	24.26	34	71.35
VC35B-VC-54809771	4720997.5	RLTR48B:ERV1:LTR	110	7	24.14	25	96.56
VC35B-VC-54809771	4720997.5	RLTR12H:ERVK:LTR	188	9	24.03	25	96.13
VC35B-VC-54809771	4720997.5	MLTR31A_MM:ERVK:LTR	352	8	24.00	25	96.00
VC35B-VC-54809771	4720997.5	LTRIS3:ERV1:LTR	165	6	23.94	35	68.40
VC35B-VC-54809771	4720997.5	MLT1D-int:ERVL-MaLR:LTR	176	8	23.80	32	74.37
VC35B-VC-54809771	4720997.5	IAPEY3_LTR:ERVK:LTR	553	9	23.67	23	102.90
VC35B-VC-54809771	4720997.5	BGLII_A:ERVK:LTR	292	9	23.62	25	94.47
VC35B-VC-54809771	4720997.5	RLTR19B:ERVK:LTR	224	6	23.52	27	87.11
VC35B-VC-54809771	4720997.5	L1MCb:L1:LINE	713	12	23.00	24	95.83
VC35B-VC-54809771	4720997.5	L1MEj:L1:LINE	178	17	23.00	24	95.83
VC35B-VC-54809771	4720997.5	MER91A:hAT-Tip100:DNA	370	18	23.00	24	95.83
VC35B-VC-54809771	4720997.5	RLTR28B:ERVL:LTR	428	10	23.00	26	88.46
VC35B-VC-54809771	4720997.5	RLTR31_Mm:ERVK:LTR	145	12	23.00	24	95.83
VC35B-VC-54809771	4720997.5	RMER17A-int:ERVK:LTR	409	7	23.00	23	100.00
VC35B-VC-54809771	4720997.5	ORSL:hAT-Tip100:DNA	281	19	22.50	23	97.83
VC35B-VC-54809771	4720997.5	RLTR9D2:ERVK:LTR	194	9	22.15	29	76.38
VC35B-VC-54809771	4720997.5	LTR67B:ERVL:LTR	632	14	22.09	28	78.89
VC35B-VC-54809771	4720997.5	MER45A:hAT-Tip100:DNA	769	18	22.00	23	95.65
VC35B-VC-54809771	4720997.5	MER63C:hAT-Blackjack:DNA	414	8	22.00	26	84.62
VC35B-VC-54809771	4720997.5	MLTR31C_MM:ERVK:LTR	227	8	22.00	24	91.67
VC35B-VC-54809771	4720997.5	tRNA-Gln-CAG:tRNA:tRNA	25	20	22.00	22	100.00
VC35B-VC-54809771	4720997.5	RLTR26:ERVK:LTR	408	7	21.57	21	102.73
VC35B-VC-54809771	4720997.5	Helitron3Na_Mam:Helitron:RC	191	17	21.50	22	97.73
VC35B-VC-54809771	4720997.5	RLTR5_Mm:ERV1:LTR	601	6	21.50	21	102.38
VC35B-VC-54809771	4720997.5	X6B_LINE:CR1:LINE	274	21	21.30	22	96.81
VC35B-VC-54809771	4720997.5	LTR37A:ERV1:LTR	549	12	21.00	22	95.45
VC35B-VC-54809771	4720997.5	LTR37-int:ERV1:LTR	239	8	21.00	21	100.00
VC35B-VC-54809771	4720997.5	MER113A:hAT-Charlie:DNA	140	11	21.00	22	95.45
VC35B-VC-54809771	4720997.5	MER63B:hAT-Blackjack:DNA	701	13	21.00	22	95.45
VC35B-VC-54809771	4720997.5	tRNA-Gly-GGA:tRNA:tRNA	86	8	21.00	21	100.00
VC35B-VC-54809771	4720997.5	RMER16A2:ERVK:LTR	273	8	20.92	125	16.73
VC35B-VC-54809771	4720997.5	MER74B:ERVL:LTR	324	10	20.50	21	97.62
VC35B-VC-54809771	4720997.5	tRNA-Glu-GAG_:tRNA:tRNA	39	4	20.08	15	133.89
VC35B-VC-54809771	4720997.5	L1ME3C:L1:LINE	326	10	20.00	20	100.00
VC35B-VC-54809771	4720997.5	RLTR31B_Mm:ERVK:LTR	349	8	20.00	21	95.24
VC35B-VC-54809771	4720997.5	Tigger6b:TcMar-Tigger:DNA	217	10	20.00	21	95.24
VC35B-VC-54809771	4720997.5	UCON23:hAT?:DNA	22	19	20.00	20	100.00
VC35B-VC-54809771	4720997.5	MER67B:ERV1:LTR	220	9	19.90	21	94.76
VC35B-VC-54809771	4720997.5	LTR78:ERV1:LTR	583	11	19.89	23	86.47
VC35B-VC-54809771	4720997.5	RLTR44A:ERVK:LTR	259	5	19.81	21	94.32
VC35B-VC-54809771	4720997.5	MER96B:hAT-Tip100:DNA	410	12	19.50	20	97.50
VC35B-VC-54809771	4720997.5	L1M2c:L1:LINE	321	4	19.17	21	91.27
VC35B-VC-54809771	4720997.5	RMER16B:ERVK:LTR	84	4	19.15	21	91.17
VC35B-VC-54809771	4720997.5	LTR79:ERVL:LTR	380	11	19.12	21	91.06
VC35B-VC-54809771	4720997.5	hAT-N1_Mam:hAT?:DNA	185	11	19.00	20	95.00
VC35B-VC-54809771	4720997.5	MER54A:ERVL:LTR	273	6	19.00	19	100.00
VC35B-VC-54809771	4720997.5	MLT1J-int:ERVL-MaLR:LTR	506	13	19.00	20	95.00
VC35B-VC-54809771	4720997.5	LTRIS4:ERV1:LTR	147	6	18.96	20	94.82
VC35B-VC-54809771	4720997.5	RLTR9C:ERVK:LTR	477	5	18.88	24	78.67
VC35B-VC-54809771	4720997.5	ERVB5_1-I_MM-int:ERVK:LTR	292	5	18.50	20	92.50
VC35B-VC-54809771	4720997.5	MER54B:ERVL:LTR	114	8	18.50	19	97.37
VC35B-VC-54809771	4720997.5	MER57C2:ERV1:LTR	415	12	18.50	18	102.78
VC35B-VC-54809771	4720997.5	Tigger16a:TcMar-Tigger:DNA	290	14	18.50	20	92.50
VC35B-VC-54809771	4720997.5	RLTR20A2:ERVK:LTR	368	2	18.39	19	96.78
VC35B-VC-54809771	4720997.5	MLT2C2:ERVL:LTR	651	8	18.25	20	91.26
VC35B-VC-54809771	4720997.5	Charlie22a:hAT-Charlie:DNA	163	15	18.20	20	90.99
VC35B-VC-54809771	4720997.5	ERVB5_2-LTR_MM:ERVK:LTR	520	5	18.17	21	86.51
VC35B-VC-54809771	4720997.5	LTR84b:ERVL:LTR	187	14	18.00	19	94.74
VC35B-VC-54809771	4720997.5	MamRep38:hAT:DNA	212	15	18.00	18	100.00
VC35B-VC-54809771	4720997.5	MER45R:hAT-Tip100:DNA	375	9	18.00	19	94.74
VC35B-VC-54809771	4720997.5	MER67C:ERV1:LTR	620	13	18.00	18	100.00
VC35B-VC-54809771	4720997.5	MER76:ERVL:LTR	247	5	18.00	20	90.00
VC35B-VC-54809771	4720997.5	Chap1_Mam:hAT-Charlie:DNA	153	12	17.93	22	81.52
VC35B-VC-54809771	4720997.5	MMERVK10D3_LTR:ERVK:LTR	174	3	17.59	27	65.13
VC35B-VC-54809771	4720997.5	Charlie9:hAT-Charlie:DNA	232	14	17.50	18	97.22
VC35B-VC-54809771	4720997.5	RLTR48C:ERV1:LTR	149	3	17.14	19	90.19
VC35B-VC-54809771	4720997.5	Charlie19a:hAT-Charlie:DNA	240	13	17.00	17	100.00
VC35B-VC-54809771	4720997.5	LTR16D2:ERVL:LTR	65	15	17.00	17	100.00
VC35B-VC-54809771	4720997.5	MER50B:ERV1:LTR	14	16	17.00	17	100.00
VC35B-VC-54809771	4720997.5	X6A_LINE:CR1:LINE	145	16	17.00	17	100.00
VC35B-VC-54809771	4720997.5	L1M3b:L1:LINE	169	4	16.96	19	89.24
VC35B-VC-54809771	4720997.5	LTR33A_:ERVL:LTR	474	6	16.71	19	87.93
VC35B-VC-54809771	4720997.5	MLT1F2-int:ERVL-MaLR:LTR	68	1	16.49	18	91.61
VC35B-VC-54809771	4720997.5	tRNA-Asn-AAC:tRNA:tRNA	27	5	16.33	16	102.08
VC35B-VC-54809771	4720997.5	ERV3-16A3_I-int:ERVL:LTR	908	12	16.20	17	95.28
VC35B-VC-54809771	4720997.5	Ricksha_c:MULE-MuDR:DNA	405	13	16.11	17	94.79
VC35B-VC-54809771	4720997.5	L4_B_Mam:RTE-X:LINE	361	10	16.09	19	84.70
VC35B-VC-54809771	4720997.5	L1M8:L1:LINE	201	7	16.00	16	100.00
VC35B-VC-54809771	4720997.5	LTR33C:ERVL:LTR	232	12	16.00	16	100.00
VC35B-VC-54809771	4720997.5	MER50:ERV1:LTR	13	15	16.00	16	100.00
VC35B-VC-54809771	4720997.5	MER92-int:ERV1:LTR	324	7	16.00	16	100.00
VC35B-VC-54809771	4720997.5	RLTR42:ERVK:LTR	266	9	16.00	17	94.12
VC35B-VC-54809771	4720997.5	X8_LINE:CR1:LINE	158	12	16.00	16	100.00
VC35B-VC-54809771	4720997.5	ERVB7_4-LTR_MM:ERVK:LTR	166	5	15.50	16	96.84
VC35B-VC-54809771	4720997.5	LTR31:ERV1:LTR	187	9	15.50	17	91.18
VC35B-VC-54809771	4720997.5	MamRep434:TcMar-Tigger:DNA	518	10	15.50	16	96.88
VC35B-VC-54809771	4720997.5	Ricksha:MuDR:DNA	85	9	15.50	16	96.88
VC35B-VC-54809771	4720997.5	RLTR13D4:ERVK:LTR	205	3	15.50	16	96.88
VC35B-VC-54809771	4720997.5	RLTR20B4_MM:ERVK:LTR	416	8	15.50	16	96.88
VC35B-VC-54809771	4720997.5	RLTR20C:ERVK:LTR	263	5	15.50	16	96.88
VC35B-VC-54809771	4720997.5	MER5C:hAT-Charlie:DNA	242	10	15.36	19	80.83
VC35B-VC-54809771	4720997.5	Zaphod:hAT-Tip100:DNA	728	2	15.14	20	75.71
VC35B-VC-54809771	4720997.5	LTR16A1:ERVL:LTR	654	9	15.03	15	100.23
VC35B-VC-54809771	4720997.5	LTR33B:ERVL:LTR	268	13	15.00	15	100.00
VC35B-VC-54809771	4720997.5	LTR73:ERV1:LTR	137	8	15.00	16	93.75
VC35B-VC-54809771	4720997.5	Tigger12c:TcMar-Tigger:DNA	97	11	14.50	16	90.62
VC35B-VC-54809771	4720997.5	Charlie20a:hAT-Charlie:DNA	161	10	14.00	15	93.33
VC35B-VC-54809771	4720997.5	Charlie26a:hAT-Charlie:DNA	98	13	14.00	14	100.00
VC35B-VC-54809771	4720997.5	ERVL-int:ERVL:LTR	721	4	14.00	15	93.33
VC35B-VC-54809771	4720997.5	L1M3de:L1:LINE	157	6	13.84	15	92.24
VC35B-VC-54809771	4720997.5	HERV16-int:ERVL:LTR	277	5	13.50	14	96.43
VC35B-VC-54809771	4720997.5	MER106A:hAT-Charlie:DNA	115	11	13.50	14	96.43
VC35B-VC-54809771	4720997.5	MER34-int:ERV1:LTR	66	5	13.50	14	96.43
VC35B-VC-54809771	4720997.5	MER63A:hAT-Blackjack:DNA	635	10	13.50	15	90.00
VC35B-VC-54809771	4720997.5	MER94:hAT-Blackjack:DNA	466	10	13.50	14	96.43
VC35B-VC-54809771	4720997.5	tRNA-Asp-GAY:tRNA:tRNA	33	3	13.22	12	110.15
VC35B-VC-54809771	4720997.5	tRNA-Gly-GGY:tRNA:tRNA	52	4	13.11	12	109.22
VC35B-VC-54809771	4720997.5	ERV3-16A3_LTR:ERVL:LTR	279	8	13.00	13	100.00
VC35B-VC-54809771	4720997.5	Eulor2B:DNA?:DNA?	42	13	13.00	13	100.00
VC35B-VC-54809771	4720997.5	IAPLTR3:ERVK:LTR	959	2	13.00	18	72.21
VC35B-VC-54809771	4720997.5	LTR81C:Gypsy:LTR	99	12	13.00	13	100.00
VC35B-VC-54809771	4720997.5	MER135:DNA:DNA	287	12	13.00	13	100.00
VC35B-VC-54809771	4720997.5	Tigger20a:TcMar-Tigger:DNA	188	5	13.00	14	92.86
VC35B-VC-54809771	4720997.5	UCON29:PiggyBac?:DNA	141	10	13.00	13	100.00
VC35B-VC-54809771	4720997.5	L1M2a:L1:LINE	208	4	12.95	13	99.58
VC35B-VC-54809771	4720997.5	Kanga11a:TcMar-Tc2:DNA	187	9	12.50	14	89.29
VC35B-VC-54809771	4720997.5	LTR65:ERV1:LTR	162	8	12.50	13	96.15
VC35B-VC-54809771	4720997.5	tRNA-Lys-AAG:tRNA:tRNA	184	8	12.50	14	89.29
VC35B-VC-54809771	4720997.5	IAPEY3C_LTR:ERVK:LTR	475	4	12.49	13	96.07
VC35B-VC-54809771	4720997.5	MLTR32C_MM:ERVK:LTR	127	4	12.19	14	87.07
VC35B-VC-54809771	4720997.5	tRNA-Gln-CAA_:tRNA:tRNA	4	12	12.00	12	100.00
VC35B-VC-54809771	4720997.5	Charlie17:hAT-Charlie:DNA	134	10	11.96	16	74.78
VC35B-VC-54809771	4720997.5	MER52-int:ERV1:LTR	206	7	11.89	12	99.07
VC35B-VC-54809771	4720997.5	RLTR44B:ERVK:LTR	275	3	11.75	13	90.40
VC35B-VC-54809771	4720997.5	MER31-int:ERV1:LTR	149	3	11.69	15	77.94
VC35B-VC-54809771	4720997.5	LTR81B:Gypsy:LTR	204	4	11.68	14	83.46
VC35B-VC-54809771	4720997.5	MER106B:hAT-Charlie:DNA	242	8	11.66	12	97.20
VC35B-VC-54809771	4720997.5	L1MEa:L1:LINE	169	6	11.50	13	88.46
VC35B-VC-54809771	4720997.5	MER90:ERV1:LTR	245	5	11.50	13	88.46
VC35B-VC-54809771	4720997.5	MLT1B-int:ERVL-MaLR:LTR	165	6	11.50	12	95.83
VC35B-VC-54809771	4720997.5	RLTR12B2:ERVK:LTR	95	3	11.50	13	88.46
VC35B-VC-54809771	4720997.5	RLTR17C_Mm:ERVK:LTR	218	3	11.50	13	88.46
VC35B-VC-54809771	4720997.5	RLTR35B_MM:ERVL:LTR	492	5	11.50	12	95.83
VC35B-VC-54809771	4720997.5	RLTR50B:ERVK:LTR	334	1	11.50	12	95.83
VC35B-VC-54809771	4720997.5	RLTR9A2:ERVK:LTR	227	6	11.50	12	95.83
VC35B-VC-54809771	4720997.5	RLTR9B2:ERVK:LTR	178	4	11.50	13	88.46
VC35B-VC-54809771	4720997.5	LTR53:ERVL:LTR	226	3	11.48	12	95.69
VC35B-VC-54809771	4720997.5	LTR16E1:ERVL:LTR	514	7	11.36	13	87.42
VC35B-VC-54809771	4720997.5	RLTR19A2:ERVK:LTR	94	2	11.11	13	85.47
VC35B-VC-54809771	4720997.5	Charlie13a:hAT-Charlie:DNA	184	4	11.00	12	91.67
VC35B-VC-54809771	4720997.5	ERVB3_1-LTR_MM:ERVK:LTR	158	2	11.00	12	91.67
VC35B-VC-54809771	4720997.5	Eulor9A:DNA:DNA	60	11	11.00	11	100.00
VC35B-VC-54809771	4720997.5	HAL1_SS:L1:LINE	79	6	11.00	11	100.00
VC35B-VC-54809771	4720997.5	L1MEh:L1:LINE	202	8	11.00	12	91.67
VC35B-VC-54809771	4720997.5	LTR16B2:ERVL:LTR	384	5	11.00	12	91.67
VC35B-VC-54809771	4720997.5	MamGypLTR1b:Gypsy:LTR	141	8	11.00	11	100.00
VC35B-VC-54809771	4720997.5	MER124:DNA?:DNA?	252	6	11.00	11	100.00
VC35B-VC-54809771	4720997.5	MER21-int:ERVL:LTR	105	10	11.00	11	100.00
VC35B-VC-54809771	4720997.5	MER68-int:ERVL:LTR	77	4	11.00	11	100.00
VC35B-VC-54809771	4720997.5	MLTR31E_MM:ERVK:LTR	164	3	11.00	11	100.00
VC35B-VC-54809771	4720997.5	RLTR41B:ERV1:LTR	98	4	11.00	11	100.00
VC35B-VC-54809771	4720997.5	X7A_LINE:CR1:LINE	159	11	11.00	11	100.00
VC35B-VC-54809771	4720997.5	RLTR9A3A:ERVK:LTR	222	1	10.96	13	84.30
VC35B-VC-54809771	4720997.5	Ricksha_c:MuDR:DNA	26	10	10.89	12	90.71
VC35B-VC-54809771	4720997.5	L1PB4:L1:LINE	144	7	10.87	11	98.85
VC35B-VC-54809771	4720997.5	Charlie4:hAT-Charlie:DNA	161	7	10.50	11	95.45
VC35B-VC-54809771	4720997.5	Mam_R4:Dong-R4:LINE	138	10	10.50	11	95.45
VC35B-VC-54809771	4720997.5	LTRIS4B:ERV1:LTR	71	5	10.46	12	87.15
VC35B-VC-54809771	4720997.5	RLTR31A_Mm:ERVK:LTR	209	5	10.39	14	74.23
VC35B-VC-54809771	4720997.5	Kanga1b:TcMar-Tc2:DNA	121	6	10.19	12	84.92
VC35B-VC-54809771	4720997.5	RLTR1F_Mm:ERVK:LTR	83	5	10.11	11	91.92
VC35B-VC-54809771	4720997.5	Charlie13b:hAT-Charlie:DNA	114	6	10.00	10	100.00
VC35B-VC-54809771	4720997.5	Charlie7a:hAT-Charlie:DNA	102	8	10.00	10	100.00
VC35B-VC-54809771	4720997.5	Eulor5A:DNA?:DNA?	80	7	10.00	10	100.00
VC35B-VC-54809771	4720997.5	LTR16A2:ERVL:LTR	416	7	10.00	10	100.00
VC35B-VC-54809771	4720997.5	LTR85a:Gypsy?:LTR	234	5	10.00	10	100.00
VC35B-VC-54809771	4720997.5	LTR89:ERVL?:LTR	146	6	10.00	10	100.00
VC35B-VC-54809771	4720997.5	MER70B:ERVL:LTR	254	6	10.00	10	100.00
VC35B-VC-54809771	4720997.5	MLT1A0-int:ERVL-MaLR:LTR	206	2	10.00	11	90.91
VC35B-VC-54809771	4720997.5	tRNA-Leu-TTA:tRNA:tRNA	18	2	9.83	11	89.39
VC35B-VC-54809771	4720997.5	LTRIS5:ERV1:LTR	85	2	9.66	10	96.64
VC35B-VC-54809771	4720997.5	IAPA_MM-int:ERVK:LTR	126	0	9.52	47	20.26
VC35B-VC-54809771	4720997.5	LTR16B1:ERVL:LTR	299	3	9.50	10	95.00
VC35B-VC-54809771	4720997.5	LTR48B:ERV1:LTR	302	5	9.50	10	95.00
VC35B-VC-54809771	4720997.5	LTR86B1:ERVL:LTR	49	8	9.50	10	95.00
VC35B-VC-54809771	4720997.5	MER70A:ERVL:LTR	184	3	9.50	10	95.00
VC35B-VC-54809771	4720997.5	X3_LINE:RTE-BovB:LINE	260	9	9.50	10	95.00
VC35B-VC-54809771	4720997.5	MLT1E2-int:ERVL-MaLR:LTR	35	5	9.34	10	93.36
VC35B-VC-54809771	4720997.5	IAPLTR4_I:ERVK:LTR	183	0	9.10	11	82.73
VC35B-VC-54809771	4720997.5	FAM:Alu:SINE	117	8	9.00	10	90.00
VC35B-VC-54809771	4720997.5	L1M3f:L1:LINE	100	6	9.00	9	100.00
VC35B-VC-54809771	4720997.5	LTR86A1:ERVL:LTR	92	5	9.00	10	90.00
VC35B-VC-54809771	4720997.5	MER57-int:ERV1:LTR	202	6	9.00	9	100.00
VC35B-VC-54809771	4720997.5	ORSL-2b:hAT-Tip100:DNA	210	5	9.00	9	100.00
VC35B-VC-54809771	4720997.5	tRNA-Ser-AGY:tRNA:tRNA	15	8	9.00	8	112.50
VC35B-VC-54809771	4720997.5	Zaphod3:hAT-Tip100:DNA	454	6	9.00	9	100.00
VC35B-VC-54809771	4720997.5	LTR37B:ERV1:LTR	386	4	8.98	11	81.59
VC35B-VC-54809771	4720997.5	Charlie17a:hAT-Charlie:DNA	63	6	8.50	9	94.44
VC35B-VC-54809771	4720997.5	LTR105_Mam:ERVL:LTR	124	4	8.50	9	94.44
VC35B-VC-54809771	4720997.5	MamRep1151:LTR?:LTR?	249	6	8.50	9	94.44
VC35B-VC-54809771	4720997.5	ERVB5_1-LTR_MM:ERVK:LTR	143	4	8.45	10	84.49
VC35B-VC-54809771	4720997.5	MamGypLTR1a:Gypsy:LTR	137	4	8.00	9	88.89
VC35B-VC-54809771	4720997.5	MER121:TcMar?:DNA	588	8	8.00	8	100.00
VC35B-VC-54809771	4720997.5	MER126:DNA:DNA	118	5	8.00	8	100.00
VC35B-VC-54809771	4720997.5	RLTR20A1:ERVK:LTR	98	4	8.00	8	100.00
VC35B-VC-54809771	4720997.5	Tigger8:TcMar-Tigger:DNA	121	7	8.00	8	100.00
VC35B-VC-54809771	4720997.5	tRNA-Ala-GCG:tRNA:tRNA	194	8	8.00	8	100.00
VC35B-VC-54809771	4720997.5	RLTR6C_Mm:ERV1:LTR	102	1	7.91	10	79.08
VC35B-VC-54809771	4720997.5	L1M3c:L1:LINE	337	4	7.85	10	78.48
VC35B-VC-54809771	4720997.5	L1M6:L1:LINE	329	6	7.50	8	93.75
VC35B-VC-54809771	4720997.5	MER47A:TcMar-Tigger:DNA	127	1	7.50	8	93.75
VC35B-VC-54809771	4720997.5	RLTR31M:ERVK:LTR	264	2	7.50	11	68.18
VC35B-VC-54809771	4720997.5	tRNA-Leu-TTG:tRNA:tRNA	24	2	7.50	8	93.75
VC35B-VC-54809771	4720997.5	L1ME5:L1:LINE	146	1	7.25	8	90.60
VC35B-VC-54809771	4720997.5	RLTR43C:ERVK:LTR	264	1	7.09	9	78.79
VC35B-VC-54809771	4720997.5	Kanga1a:TcMar-Tc2:DNA	191	2	7.02	10	70.21
VC35B-VC-54809771	4720997.5	Charlie23a:hAT-Charlie:DNA	157	4	7.00	7	100.00
VC35B-VC-54809771	4720997.5	ERVB4_3-I_MM-int:ERVK:LTR	99	1	7.00	7	100.00
VC35B-VC-54809771	4720997.5	L1MEg1:L1:LINE	92	3	7.00	7	100.00
VC35B-VC-54809771	4720997.5	MADE2:TcMar-Mariner:DNA	208	7	7.00	7	100.00
VC35B-VC-54809771	4720997.5	MamTip1:hAT-Tip100:DNA	82	6	7.00	7	100.00
VC35B-VC-54809771	4720997.5	MER127:TcMar-Tigger:DNA	119	6	7.00	7	100.00
VC35B-VC-54809771	4720997.5	MER57E1:ERV1:LTR	210	4	7.00	8	87.50
VC35B-VC-54809771	4720997.5	MER65D:ERV1:LTR	101	7	7.00	7	100.00
VC35B-VC-54809771	4720997.5	RLTR47:ERVK:LTR	209	1	7.00	9	77.78
VC35B-VC-54809771	4720997.5	tRNA-Ile-ATA:tRNA:tRNA	26	5	7.00	7	100.00
VC35B-VC-54809771	4720997.5	tRNA-Ile-ATT:tRNA:tRNA	40	6	7.00	7	100.00
VC35B-VC-54809771	4720997.5	tRNA-Phe-TTY:tRNA:tRNA	47	7	7.00	7	100.00
VC35B-VC-54809771	4720997.5	tRNA-Ser-TCY:tRNA:tRNA	12	6	7.00	7	100.00
VC35B-VC-54809771	4720997.5	LTR75:ERVL:LTR	94	3	6.77	5	135.44
VC35B-VC-54809771	4720997.5	Tigger17b:TcMar-Tigger:DNA	72	3	6.70	10	66.98
VC35B-VC-54809771	4720997.5	L1P5:L1:LINE	166	5	6.50	7	92.86
VC35B-VC-54809771	4720997.5	LTR80A:ERVL:LTR	112	3	6.50	7	92.86
VC35B-VC-54809771	4720997.5	LTR82B:ERVL:LTR	290	4	6.50	7	92.86
VC35B-VC-54809771	4720997.5	LTR84a:ERVL:LTR	136	5	6.50	7	92.86
VC35B-VC-54809771	4720997.5	RLTR9A3B:ERVK:LTR	346	1	6.50	7	92.86
VC35B-VC-54809771	4720997.5	tRNA-Ala-GCY:tRNA:tRNA	12	4	6.50	6	108.33
VC35B-VC-54809771	4720997.5	X7C_LINE:CR1:LINE	155	5	6.50	7	92.86
VC35B-VC-54809771	4720997.5	RMER16B3:ERVK:LTR	101	2	6.27	9	69.71
VC35B-VC-54809771	4720997.5	Charlie21a:hAT-Charlie:DNA	174	2	6.00	7	85.71
VC35B-VC-54809771	4720997.5	Charlie25:hAT-Charlie:DNA	301	4	6.00	6	100.00
VC35B-VC-54809771	4720997.5	LTR102_Mam:ERVL:LTR	215	4	6.00	7	85.71
VC35B-VC-54809771	4720997.5	LTR108e_Mam:ERVL:LTR	36	6	6.00	6	100.00
VC35B-VC-54809771	4720997.5	LTR83:ERVL:LTR	161	5	6.00	6	100.00
VC35B-VC-54809771	4720997.5	LTR85c:Gypsy?:LTR	119	6	6.00	6	100.00
VC35B-VC-54809771	4720997.5	LTR9:ERV1:LTR	13	6	6.00	6	100.00
VC35B-VC-54809771	4720997.5	MER67A:ERV1:LTR	176	4	6.00	7	85.71
VC35B-VC-54809771	4720997.5	MER87:ERV1:LTR	46	6	6.00	6	100.00
VC35B-VC-54809771	4720997.5	MER96:hAT-Tip100:DNA	104	6	6.00	6	100.00
VC35B-VC-54809771	4720997.5	RLTR30C_MM:ERV1:LTR	124	1	6.00	6	100.00
VC35B-VC-54809771	4720997.5	RLTR3_Mm:ERVK:LTR	31	5	6.00	6	100.00
VC35B-VC-54809771	4720997.5	Tigger12A:TcMar-Tigger:DNA	86	4	6.00	7	85.71
VC35B-VC-54809771	4720997.5	tRNA-Val-GTG:tRNA:tRNA	25	4	6.00	6	100.00
VC35B-VC-54809771	4720997.5	LTR108a_Mam:ERVL:LTR	39	1	5.94	5	118.73
VC35B-VC-54809771	4720997.5	Tigger11a:TcMar-Tigger:DNA	75	2	5.83	7	83.33
VC35B-VC-54809771	4720997.5	ERVB4_3-LTR_MM:ERVK:LTR	137	0	5.74	7	81.97
VC35B-VC-54809771	4720997.5	Arthur1A:hAT-Tip100:DNA	148	4	5.50	6	91.67
VC35B-VC-54809771	4720997.5	IAPEY5_LTR:ERVK:LTR	237	1	5.50	6	91.67
VC35B-VC-54809771	4720997.5	LTR90B:LTR:LTR	91	3	5.50	6	91.67
VC35B-VC-54809771	4720997.5	MER110:ERV1:LTR	147	4	5.50	6	91.67
VC35B-VC-54809771	4720997.5	RLTR53B_Mm:ERVK:LTR	160	2	5.50	6	91.67
VC35B-VC-54809771	4720997.5	tRNA-Cys-TGY:tRNA:tRNA	89	5	5.50	6	91.67
VC35B-VC-54809771	4720997.5	Charlie11:hAT-Charlie:DNA	52	3	5.00	5	100.00
VC35B-VC-54809771	4720997.5	LTR106_Mam:LTR:LTR	164	3	5.00	5	100.00
VC35B-VC-54809771	4720997.5	LTR16B:ERVL:LTR	260	5	5.00	5	100.00
VC35B-VC-54809771	4720997.5	LTR55:ERVL?:LTR	160	3	5.00	5	100.00
VC35B-VC-54809771	4720997.5	MamGypLTR1c:Gypsy:LTR	145	2	5.00	5	100.00
VC35B-VC-54809771	4720997.5	MamGypLTR2b:Gypsy:LTR	109	4	5.00	5	100.00
VC35B-VC-54809771	4720997.5	MamRep1527:LTR:LTR	372	4	5.00	5	100.00
VC35B-VC-54809771	4720997.5	MLT1A1-int:ERVL-MaLR:LTR	130	2	5.00	7	71.43
VC35B-VC-54809771	4720997.5	MLT2E:ERVL:LTR	126	3	5.00	5	100.00
VC35B-VC-54809771	4720997.5	RLTR13D:ERVK:LTR	45	2	4.83	6	80.56
VC35B-VC-54809771	4720997.5	tRNA-Gly-GGG:tRNA:tRNA	24	3	4.67	4	116.67
VC35B-VC-54809771	4720997.5	L1M3d:L1:LINE	171	3	4.50	5	90.00
VC35B-VC-54809771	4720997.5	LTR107_Mam:LTR:LTR	93	3	4.50	4	112.50
VC35B-VC-54809771	4720997.5	MER110A:ERV1:LTR	196	2	4.50	5	90.00
VC35B-VC-54809771	4720997.5	MER5C1:hAT-Charlie:DNA	75	0	4.50	5	90.00
VC35B-VC-54809771	4720997.5	MER65-int:ERV1:LTR	49	2	4.50	5	90.00
VC35B-VC-54809771	4720997.5	MLT1C-int:ERVL-MaLR:LTR	122	1	4.50	5	90.00
VC35B-VC-54809771	4720997.5	RLTR44D:ERVK:LTR	100	3	4.50	5	90.00
VC35B-VC-54809771	4720997.5	Charlie14a:hAT-Charlie:DNA	72	2	4.33	5	86.67
VC35B-VC-54809771	4720997.5	LTR28B:ERV1:LTR	144	4	4.33	5	86.67
VC35B-VC-54809771	4720997.5	ERVB4_2-LTR_MM:ERVK:LTR	144	0	4.21	10	42.08
VC35B-VC-54809771	4720997.5	Arthur1C:hAT-Tip100:DNA	155	3	4.00	4	100.00
VC35B-VC-54809771	4720997.5	Charlie10a:hAT-Charlie:DNA	61	3	4.00	4	100.00
VC35B-VC-54809771	4720997.5	Eulor9C:DNA:DNA	71	3	4.00	4	100.00
VC35B-VC-54809771	4720997.5	LTR108b_Mam:ERVL:LTR	19	4	4.00	4	100.00
VC35B-VC-54809771	4720997.5	LTR16D1:ERVL:LTR	90	2	4.00	4	100.00
VC35B-VC-54809771	4720997.5	LTR16D:ERVL:LTR	185	3	4.00	4	100.00
VC35B-VC-54809771	4720997.5	LTR16E2:ERVL:LTR	423	4	4.00	4	100.00
VC35B-VC-54809771	4720997.5	LTR69:ERVL:LTR	74	1	4.00	4	100.00
VC35B-VC-54809771	4720997.5	LTR86C:ERVL:LTR	75	1	4.00	4	100.00
VC35B-VC-54809771	4720997.5	LTR88b:Gypsy?:LTR	178	3	4.00	4	100.00
VC35B-VC-54809771	4720997.5	MamGypLTR3a:Gypsy:LTR	161	4	4.00	4	100.00
VC35B-VC-54809771	4720997.5	MamTip3:hAT-Tip100:DNA	180	3	4.00	4	100.00
VC35B-VC-54809771	4720997.5	MER129:LTR?:LTR?	63	2	4.00	4	100.00
VC35B-VC-54809771	4720997.5	MER4B-int:ERV1:LTR	52	2	4.00	4	100.00
VC35B-VC-54809771	4720997.5	MER51-int:ERV1:LTR	7	2	4.00	4	100.00
VC35B-VC-54809771	4720997.5	MER67D:ERV1:LTR	468	4	4.00	4	100.00
VC35B-VC-54809771	4720997.5	MERX:TcMar-Tigger:DNA	64	3	4.00	4	100.00
VC35B-VC-54809771	4720997.5	MLT1H1-int:ERVL-MaLR:LTR	49	1	4.00	4	100.00
VC35B-VC-54809771	4720997.5	ORR1G-int:ERVL-MaLR:LTR	70	1	4.00	4	100.00
VC35B-VC-54809771	4720997.5	RLTR19D:ERVK:LTR	64	0	4.00	4	100.00
VC35B-VC-54809771	4720997.5	RLTR1E_MM:ERV1:LTR	86	2	4.00	5	80.00
VC35B-VC-54809771	4720997.5	RLTR46B:ERVK:LTR	73	2	4.00	5	80.00
VC35B-VC-54809771	4720997.5	tRNA-Arg-CGA_:tRNA:tRNA	2	4	4.00	4	100.00
VC35B-VC-54809771	4720997.5	tRNA-Arg-CGY_:tRNA:tRNA	21	3	4.00	4	100.00
VC35B-VC-54809771	4720997.5	tRNA-Leu-CTG:tRNA:tRNA	16	2	4.00	4	100.00
VC35B-VC-54809771	4720997.5	tRNA-Leu-CTY:tRNA:tRNA	8	3	4.00	4	100.00
VC35B-VC-54809771	4720997.5	tRNA-Pro-CCG:tRNA:tRNA	4	2	4.00	4	100.00
VC35B-VC-54809771	4720997.5	tRNA-Thr-ACA:tRNA:tRNA	17	4	4.00	4	100.00
VC35B-VC-54809771	4720997.5	X5A_LINE:CR1:LINE	69	4	4.00	4	100.00
VC35B-VC-54809771	4720997.5	LTR34:ERV1:LTR	8	2	3.53	3	117.67
VC35B-VC-54809771	4720997.5	Helitron1Nb_Mam:Helitron:RC	92	3	3.50	4	87.50
VC35B-VC-54809771	4720997.5	Kanga1d:TcMar-Tc2:DNA	131	3	3.50	4	87.50
VC35B-VC-54809771	4720997.5	MLT1G1-int:ERVL-MaLR:LTR	51	0	3.50	4	87.50
VC35B-VC-54809771	4720997.5	MLT1H2-int:ERVL-MaLR:LTR	53	0	3.50	4	87.50
VC35B-VC-54809771	4720997.5	tRNA-Thr-ACY:tRNA:tRNA	14	3	3.33	4	83.33
VC35B-VC-54809771	4720997.5	ERVB2_1-I_MM-int:ERVK:LTR	83	0	3.21	5	64.21
VC35B-VC-54809771	4720997.5	IAPEY5_I-int:ERVK:LTR	184	0	3.14	4	78.57
VC35B-VC-54809771	4720997.5	BGLII_C:ERVK:LTR	74	1	3.00	3	100.00
VC35B-VC-54809771	4720997.5	C573_MM:Other:Other	1738	0	3.00	3	100.00
VC35B-VC-54809771	4720997.5	L1M3a:L1:LINE	120	2	3.00	3	100.00
VC35B-VC-54809771	4720997.5	L1MEg2:L1:LINE	112	1	3.00	3	100.00
VC35B-VC-54809771	4720997.5	LTR103b_Mam:ERV1?:LTR	57	2	3.00	3	100.00
VC35B-VC-54809771	4720997.5	LTR108c_Mam:ERVL:LTR	15	2	3.00	3	100.00
VC35B-VC-54809771	4720997.5	LTR68:ERV1:LTR	106	2	3.00	4	75.00
VC35B-VC-54809771	4720997.5	LTR90A:LTR:LTR	99	2	3.00	3	100.00
VC35B-VC-54809771	4720997.5	MamRep1879:hAT-Tip100?:DNA	105	3	3.00	3	100.00
VC35B-VC-54809771	4720997.5	MamRep1894:hAT:DNA	36	3	3.00	3	100.00
VC35B-VC-54809771	4720997.5	MER125:DNA:DNA	111	2	3.00	3	100.00
VC35B-VC-54809771	4720997.5	MER66C:ERV1:LTR	19	2	3.00	3	100.00
VC35B-VC-54809771	4720997.5	MER70-int:ERVL:LTR	56	1	3.00	3	100.00
VC35B-VC-54809771	4720997.5	MER97b:hAT-Tip100:DNA	55	1	3.00	3	100.00
VC35B-VC-54809771	4720997.5	MLT1J1-int:ERVL-MaLR:LTR	67	2	3.00	3	100.00
VC35B-VC-54809771	4720997.5	Tigger1a_Art:TcMar-Tigger:DNA	37	1	3.00	3	100.00
VC35B-VC-54809771	4720997.5	tRNA-Leu-CTA_:tRNA:tRNA	4	3	3.00	3	100.00
VC35B-VC-54809771	4720997.5	tRNA-Lys-AAA:tRNA:tRNA	22	3	3.00	3	100.00
VC35B-VC-54809771	4720997.5	tRNA-Met:tRNA:tRNA	21	3	3.00	3	100.00
VC35B-VC-54809771	4720997.5	tRNA-Pro-CCY:tRNA:tRNA	29	3	3.00	3	100.00
VC35B-VC-54809771	4720997.5	tRNA-Val-GTY:tRNA:tRNA	18	2	3.00	3	100.00
VC35B-VC-54809771	4720997.5	U13_:snRNA:snRNA	19	3	3.00	3	100.00
VC35B-VC-54809771	4720997.5	DNA1_Mam:TcMar:DNA	45	2	2.50	3	83.33
VC35B-VC-54809771	4720997.5	Eulor6E:DNA?:DNA?	18	1	2.50	3	83.33
VC35B-VC-54809771	4720997.5	Helitron1Na_Mam:Helitron:RC	62	2	2.50	3	83.33
VC35B-VC-54809771	4720997.5	L5:RTE-X:LINE	122	1	2.50	3	83.33
VC35B-VC-54809771	4720997.5	LTR52:ERVL:LTR	230	2	2.50	3	83.33
VC35B-VC-54809771	4720997.5	MER73:ERVL:LTR	135	1	2.50	3	83.33
VC35B-VC-54809771	4720997.5	MLT1F1-int:ERVL-MaLR:LTR	89	0	2.50	4	62.50
VC35B-VC-54809771	4720997.5	Helitron2Na_Mam:Helitron?:RC?	74	1	2.12	3	70.57
VC35B-VC-54809771	4720997.5	Charlie10b:hAT-Charlie:DNA	48	2	2.00	2	100.00
VC35B-VC-54809771	4720997.5	Cheshire_Mars:hAT-Charlie:DNA	3	1	2.00	2	100.00
VC35B-VC-54809771	4720997.5	Eulor6D:DNA?:DNA?	47	2	2.00	2	100.00
VC35B-VC-54809771	4720997.5	LTR40A1:ERVL:LTR	114	2	2.00	2	100.00
VC35B-VC-54809771	4720997.5	LTR53B:ERVL:LTR	83	1	2.00	2	100.00
VC35B-VC-54809771	4720997.5	MamGypLTR2c:Gypsy:LTR	110	2	2.00	2	100.00
VC35B-VC-54809771	4720997.5	MER110-int:ERV1:LTR	38	0	2.00	2	100.00
VC35B-VC-54809771	4720997.5	MER123:DNA:DNA	41	1	2.00	2	100.00
VC35B-VC-54809771	4720997.5	MER136:DNA:DNA	23	2	2.00	2	100.00
VC35B-VC-54809771	4720997.5	MER45C:hAT-Tip100:DNA	290	2	2.00	2	100.00
VC35B-VC-54809771	4720997.5	MER66-int:ERV1:LTR	23	1	2.00	2	100.00
VC35B-VC-54809771	4720997.5	MER88:ERVL:LTR	58	2	2.00	2	100.00
VC35B-VC-54809771	4720997.5	MER95:ERV1:LTR	54	0	2.00	2	100.00
VC35B-VC-54809771	4720997.5	MLT1A-int:ERVL-MaLR:LTR	123	0	2.00	2	100.00
VC35B-VC-54809771	4720997.5	MLT1E1A-int:ERVL-MaLR:LTR	28	0	2.00	2	100.00
VC35B-VC-54809771	4720997.5	Ricksha_a:MULE-MuDR:DNA	30	0	2.00	2	100.00
VC35B-VC-54809771	4720997.5	RLTR46A2:ERVK:LTR	58	2	2.00	2	100.00
VC35B-VC-54809771	4720997.5	RLTR47_MM:ERV1:LTR	45	2	2.00	2	100.00
VC35B-VC-54809771	4720997.5	tRNA-Arg-CGA:tRNA:tRNA	3	2	2.00	2	100.00
VC35B-VC-54809771	4720997.5	tRNA-Arg-CGG:tRNA:tRNA	3	1	2.00	2	100.00
VC35B-VC-54809771	4720997.5	tRNA-Gln-CAA:tRNA:tRNA	14	2	2.00	2	100.00
VC35B-VC-54809771	4720997.5	tRNA-Ser-TCA_:tRNA:tRNA	3	2	2.00	2	100.00
VC35B-VC-54809771	4720997.5	tRNA-Ser-TCG:tRNA:tRNA	5	2	2.00	2	100.00
VC35B-VC-54809771	4720997.5	tRNA-Thr-ACG_:tRNA:tRNA	20	1	2.00	3	66.67
VC35B-VC-54809771	4720997.5	U7:snRNA:snRNA	49	2	2.00	2	100.00
VC35B-VC-54809771	4720997.5	X5B_LINE:CR1:LINE	79	1	2.00	2	100.00
VC35B-VC-54809771	4720997.5	LTR88a:Gypsy?:LTR	64	0	1.50	2	75.00
VC35B-VC-54809771	4720997.5	LTRIS6:ERV1:LTR	149	0	1.50	2	75.00
VC35B-VC-54809771	4720997.5	MER97d:hAT-Tip100:DNA	28	1	1.50	2	75.00
VC35B-VC-54809771	4720997.5	tRNA-Val-GTA:tRNA:tRNA	13	1	1.50	2	75.00
VC35B-VC-54809771	4720997.5	Eulor10:DNA?:DNA?	29	0	1.00	1	100.00
VC35B-VC-54809771	4720997.5	Eulor11:DNA:DNA	49	1	1.00	1	100.00
VC35B-VC-54809771	4720997.5	Eulor12:DNA?:DNA?	35	1	1.00	1	100.00
VC35B-VC-54809771	4720997.5	Eulor1:DNA:DNA	56	1	1.00	1	100.00
VC35B-VC-54809771	4720997.5	Eulor2C:DNA?:DNA?	24	1	1.00	1	100.00
VC35B-VC-54809771	4720997.5	Eulor5B:DNA?:DNA?	37	1	1.00	1	100.00
VC35B-VC-54809771	4720997.5	Eulor6A:DNA?:DNA?	21	0	1.00	1	100.00
VC35B-VC-54809771	4720997.5	Eulor6B:DNA?:DNA?	56	1	1.00	1	100.00
VC35B-VC-54809771	4720997.5	Eulor8:TcMar?:DNA	110	1	1.00	1	100.00
VC35B-VC-54809771	4720997.5	Eulor9B:DNA:DNA	14	1	1.00	1	100.00
VC35B-VC-54809771	4720997.5	FordPrefect_a:hAT-Tip100:DNA	60	0	1.00	1	100.00
VC35B-VC-54809771	4720997.5	L1M6B:L1:LINE	43	1	1.00	1	100.00
VC35B-VC-54809771	4720997.5	LTR103_Mam:ERV1?:LTR	58	0	1.00	1	100.00
VC35B-VC-54809771	4720997.5	LTR109A2:ERV1:LTR	37	0	1.00	1	100.00
VC35B-VC-54809771	4720997.5	LTR28:ERV1:LTR	10	1	1.00	1	100.00
VC35B-VC-54809771	4720997.5	LTR29:ERV1:LTR	34	1	1.00	1	100.00
VC35B-VC-54809771	4720997.5	LTR52-int:ERVL:LTR	50	1	1.00	1	100.00
VC35B-VC-54809771	4720997.5	LTR64:ERV1:LTR	8	0	1.00	1	100.00
VC35B-VC-54809771	4720997.5	LTR75B:ERVL:LTR	69	1	1.00	1	100.00
VC35B-VC-54809771	4720997.5	LTR85b:Gypsy?:LTR	106	0	1.00	1	100.00
VC35B-VC-54809771	4720997.5	LTR86B2:ERVL:LTR	36	1	1.00	1	100.00
VC35B-VC-54809771	4720997.5	LTR9D:ERV1:LTR	11	1	1.00	1	100.00
VC35B-VC-54809771	4720997.5	MamGypLTR3:Gypsy:LTR	105	1	1.00	1	100.00
VC35B-VC-54809771	4720997.5	MamRep488:hAT-Tip100:DNA	29	1	1.00	1	100.00
VC35B-VC-54809771	4720997.5	MARINER1_EC:TcMar-Tigger:DNA	2	1	1.00	1	100.00
VC35B-VC-54809771	4720997.5	MER101B:ERV1:LTR	21	1	1.00	1	100.00
VC35B-VC-54809771	4720997.5	MER134:DNA?:DNA?	53	1	1.00	1	100.00
VC35B-VC-54809771	4720997.5	MER47C:TcMar-Tigger:DNA	14	1	1.00	1	100.00
VC35B-VC-54809771	4720997.5	MER4CL34:ERV1:LTR	6	1	1.00	1	100.00
VC35B-VC-54809771	4720997.5	MER50-int:ERV1:LTR	14	1	1.00	1	100.00
VC35B-VC-54809771	4720997.5	MER68C:ERVL:LTR	60	1	1.00	1	100.00
VC35B-VC-54809771	4720997.5	MER72B:ERV1:LTR	74	1	1.00	1	100.00
VC35B-VC-54809771	4720997.5	MER89-int:ERV1:LTR	98	1	1.00	1	100.00
VC35B-VC-54809771	4720997.5	MER91C:hAT-Tip100:DNA	110	1	1.00	1	100.00
VC35B-VC-54809771	4720997.5	MER92A:ERV1:LTR	37	1	1.00	1	100.00
VC35B-VC-54809771	4720997.5	MER92C:ERV1:LTR	72	0	1.00	1	100.00
VC35B-VC-54809771	4720997.5	MER92D:ERV1:LTR	70	1	1.00	1	100.00
VC35B-VC-54809771	4720997.5	MER94B:hAT-Blackjack:DNA	86	1	1.00	1	100.00
VC35B-VC-54809771	4720997.5	MER96B:hAT:DNA	8	1	1.00	1	100.00
VC35B-VC-54809771	4720997.5	MLT1G3-int:ERVL-MaLR:LTR	58	1	1.00	1	100.00
VC35B-VC-54809771	4720997.5	MLT1J2-int:ERVL-MaLR:LTR	27	1	1.00	1	100.00
VC35B-VC-54809771	4720997.5	ORSL-2a:hAT-Tip100:DNA	69	0	1.00	1	100.00
VC35B-VC-54809771	4720997.5	Ricksha_0:MULE-MuDR:DNA	82	1	1.00	1	100.00
VC35B-VC-54809771	4720997.5	Ricksha:MULE-MuDR:DNA	60	0	1.00	1	100.00
VC35B-VC-54809771	4720997.5	RMER3D3:ERVK:LTR	8	0	1.00	2	50.00
VC35B-VC-54809771	4720997.5	RMER3D4:ERVK:LTR	2	1	1.00	1	100.00
VC35B-VC-54809771	4720997.5	RNLTR23:ERVK:LTR	5	1	1.00	1	100.00
VC35B-VC-54809771	4720997.5	tRNA-Arg-AGA:tRNA:tRNA	30	1	1.00	1	100.00
VC35B-VC-54809771	4720997.5	tRNA-Arg-AGG:tRNA:tRNA	18	0	1.00	1	100.00
VC35B-VC-54809771	4720997.5	tRNA-Leu-CTA:tRNA:tRNA	3	1	1.00	1	100.00
VC35B-VC-54809771	4720997.5	tRNA-Met_:tRNA:tRNA	46	0	1.00	1	100.00
VC35B-VC-54809771	4720997.5	tRNA-SeC(e)-TGA:tRNA:tRNA	3	1	1.00	1	100.00
VC35B-VC-54809771	4720997.5	tRNA-Trp-TGG:tRNA:tRNA	16	1	1.00	1	100.00
VC35B-VC-54809771	4720997.5	UCON7:DNA?:DNA?	99	0	1.00	1	100.00
VC35B-VC-54809771	4720997.5	LTR77:ERV1:LTR	38	0	0.50	1	50.00
VC35B-VC-54809771	4720997.5	MER97a:hAT-Tip100:DNA	53	0	0.50	1	50.00
VC35B-VC-54809771	4720997.5	RLTR46A:ERVK:LTR	71	0	0.50	1	50.00
VC35B-VC-54809771	4720997.5	Charlie1b_Mars:hAT-Charlie:DNA	2	0	0.00	0	NA
VC35B-VC-54809771	4720997.5	Cheshire_Mars_:hAT-Charlie:DNA	6	0	0.00	0	NA
VC35B-VC-54809771	4720997.5	ERVB4_1-LTR_MM:ERVK:LTR	21	0	0.00	0	NA
VC35B-VC-54809771	4720997.5	Eulor2A:DNA?:DNA?	41	0	0.00	0	NA
VC35B-VC-54809771	4720997.5	Eulor3:DNA?:DNA?	28	0	0.00	0	NA
VC35B-VC-54809771	4720997.5	Eulor6C:DNA?:DNA?	15	0	0.00	0	NA
VC35B-VC-54809771	4720997.5	Eulor7:DNA?:DNA?	4	0	0.00	0	NA
VC35B-VC-54809771	4720997.5	HERVL32-int:ERVL:LTR	1	0	0.00	0	NA
VC35B-VC-54809771	4720997.5	HUERS-P3b-int:ERV1:LTR	3	0	0.00	0	NA
VC35B-VC-54809771	4720997.5	HY4:scRNA:scRNA	3	0	0.00	0	NA
VC35B-VC-54809771	4720997.5	HY5:scRNA:scRNA	1	0	0.00	0	NA
VC35B-VC-54809771	4720997.5	L1M2a1:L1:LINE	11	0	0.00	0	NA
VC35B-VC-54809771	4720997.5	LTR108d_Mam:ERVL:LTR	30	0	0.00	0	NA
VC35B-VC-54809771	4720997.5	LTR23-int:ERV1:LTR	11	0	0.00	0	NA
VC35B-VC-54809771	4720997.5	LTR27C:ERV1:LTR	7	0	0.00	0	NA
VC35B-VC-54809771	4720997.5	LTR32:ERVL:LTR	9	0	0.00	0	NA
VC35B-VC-54809771	4720997.5	LTR36:ERV1:LTR	5	0	0.00	0	NA
VC35B-VC-54809771	4720997.5	LTR39:ERV1:LTR	11	0	0.00	0	NA
VC35B-VC-54809771	4720997.5	LTR44:ERV1:LTR	3	0	0.00	0	NA
VC35B-VC-54809771	4720997.5	LTR45C:ERV1:LTR	24	0	0.00	0	NA
VC35B-VC-54809771	4720997.5	LTR58:ERV1:LTR	9	0	0.00	0	NA
VC35B-VC-54809771	4720997.5	LTR59:ERV1:LTR	8	0	0.00	0	NA
VC35B-VC-54809771	4720997.5	LTR75_1:ERV1:LTR	9	0	0.00	0	NA
VC35B-VC-54809771	4720997.5	LTR80B:ERVL:LTR	116	0	0.00	0	NA
VC35B-VC-54809771	4720997.5	LTR81A:Gypsy:LTR	180	0	0.00	0	NA
VC35B-VC-54809771	4720997.5	LTR81:Gypsy:LTR	70	0	0.00	0	NA
VC35B-VC-54809771	4720997.5	LTR86A2:ERVL:LTR	79	0	0.00	0	NA
VC35B-VC-54809771	4720997.5	LTR91:ERVL:LTR	57	0	0.00	0	NA
VC35B-VC-54809771	4720997.5	LTR9A1:ERV1:LTR	11	0	0.00	0	NA
VC35B-VC-54809771	4720997.5	MamGypLTR1d:Gypsy:LTR	116	0	0.00	0	NA
VC35B-VC-54809771	4720997.5	MamRep1161:TcMar:DNA	7	0	0.00	0	NA
VC35B-VC-54809771	4720997.5	MamRep137:TcMar?:DNA	4	0	0.00	0	NA
VC35B-VC-54809771	4720997.5	MamRep4096:hAT?:DNA	180	0	0.00	0	NA
VC35B-VC-54809771	4720997.5	MER113B:hAT-Charlie:DNA	72	0	0.00	0	NA
VC35B-VC-54809771	4720997.5	MER132:TcMar-Pogo:DNA	21	0	0.00	0	NA
VC35B-VC-54809771	4720997.5	MER133A:DNA?:DNA?	35	0	0.00	0	NA
VC35B-VC-54809771	4720997.5	MER133B:DNA?:DNA?	22	0	0.00	0	NA
VC35B-VC-54809771	4720997.5	MER49:ERV1:LTR	7	0	0.00	0	NA
VC35B-VC-54809771	4720997.5	MER57E2:ERV1:LTR	62	0	0.00	0	NA
VC35B-VC-54809771	4720997.5	MER57E3:ERV1:LTR	4	0	0.00	0	NA
VC35B-VC-54809771	4720997.5	MER66A:ERV1:LTR	5	0	0.00	0	NA
VC35B-VC-54809771	4720997.5	MER66B:ERV1:LTR	7	0	0.00	0	NA
VC35B-VC-54809771	4720997.5	MER72:ERV1:LTR	9	0	0.00	0	NA
VC35B-VC-54809771	4720997.5	MER74C:ERVL:LTR	114	0	0.00	0	NA
VC35B-VC-54809771	4720997.5	MER76-int:ERVL:LTR	16	0	0.00	0	NA
VC35B-VC-54809771	4720997.5	MER83A-int:ERV1:LTR	1	0	0.00	0	NA
VC35B-VC-54809771	4720997.5	MER83B-int:ERV1:LTR	9	0	0.00	0	NA
VC35B-VC-54809771	4720997.5	MER97c:hAT-Tip100:DNA	64	0	0.00	0	NA
VC35B-VC-54809771	4720997.5	MLT1E1-int:ERVL-MaLR:LTR	8	0	0.00	0	NA
VC35B-VC-54809771	4720997.5	MLT1E3-int:ERVL-MaLR:LTR	12	0	0.00	0	NA
VC35B-VC-54809771	4720997.5	MLT1E-int:ERVL-MaLR:LTR	9	0	0.00	0	NA
VC35B-VC-54809771	4720997.5	MLT1G-int:ERVL-MaLR:LTR	39	0	0.00	0	NA
VC35B-VC-54809771	4720997.5	MLT1I-int:ERVL-MaLR:LTR	57	0	0.00	0	NA
VC35B-VC-54809771	4720997.5	MLT1K-int:ERVL-MaLR:LTR	8	0	0.00	0	NA
VC35B-VC-54809771	4720997.5	MLT1L-int:ERVL-MaLR:LTR	13	0	0.00	0	NA
VC35B-VC-54809771	4720997.5	MLT1N2-int:ERVL-MaLR:LTR	3	0	0.00	0	NA
VC35B-VC-54809771	4720997.5	MLT1O-int:ERVL-MaLR:LTR	2	0	0.00	0	NA
VC35B-VC-54809771	4720997.5	nhAT5a_ML:hAT-Charlie:DNA	4	0	0.00	0	NA
VC35B-VC-54809771	4720997.5	Ricksha_0:MuDR:DNA	29	0	0.00	0	NA
VC35B-VC-54809771	4720997.5	Ricksha_a:MuDR:DNA	11	0	0.00	0	NA
VC35B-VC-54809771	4720997.5	Ricksha_b:MuDR:DNA	2	0	0.00	0	NA
VC35B-VC-54809771	4720997.5	Ricksha_b:MULE-MuDR:DNA	6	0	0.00	0	NA
VC35B-VC-54809771	4720997.5	RLTR12F:ERVK:LTR	60	0	0.00	0	NA
VC35B-VC-54809771	4720997.5	RLTR1:ERV1:LTR	62	0	0.00	0	NA
VC35B-VC-54809771	4720997.5	RLTR43A:ERVK:LTR	3	0	0.00	0	NA
VC35B-VC-54809771	4720997.5	RLTR43B:ERVK:LTR	1	0	0.00	0	NA
VC35B-VC-54809771	4720997.5	RLTR46:ERVK:LTR	46	0	0.00	0	NA
VC35B-VC-54809771	4720997.5	RLTR50A:ERVK:LTR	85	0	0.00	0	NA
VC35B-VC-54809771	4720997.5	RLTR9A4:ERVK:LTR	35	0	0.00	0	NA
VC35B-VC-54809771	4720997.5	RMER3D1:ERVK:LTR	1	0	0.00	0	NA
VC35B-VC-54809771	4720997.5	RMER3D2:ERVK:LTR	3	0	0.00	0	NA
VC35B-VC-54809771	4720997.5	Tigger1a_Mars:TcMar-Tigger:DNA	2	0	0.00	0	NA
VC35B-VC-54809771	4720997.5	tRNA-Glu-GAG:tRNA:tRNA	6	0	0.00	0	NA
VC35B-VC-54809771	4720997.5	tRNA-His-CAY:tRNA:tRNA	1	0	0.00	0	NA
VC35B-VC-54809771	4720997.5	tRNA-Leu-TTA(m):tRNA:tRNA	1	0	0.00	0	NA
VC35B-VC-54809771	4720997.5	tRNA-Met-i:tRNA:tRNA	19	0	0.00	0	NA
VC35B-VC-54809771	4720997.5	tRNA-Pro-CCA:tRNA:tRNA	10	0	0.00	0	NA
VC35B-VC-54809771	4720997.5	tRNA-Ser-TCA:tRNA:tRNA	1	0	0.00	0	NA
VC35B-VC-54809771	4720997.5	tRNA-Thr-ACG:tRNA:tRNA	3	0	0.00	0	NA
VC35B-VC-54809771	4720997.5	tRNA-Thr-ACY_:tRNA:tRNA	15	0	0.00	0	NA
VC35B-VC-54809771	4720997.5	tRNA-Tyr-TAT:tRNA:tRNA	3	0	0.00	0	NA
VC35B-VC-54809771	4720997.5	UCON13:Penelope?:LINE?	42	0	0.00	0	NA
VC35B-VC-54809771	4720997.5	UCON14:DNA?:DNA?	66	0	0.00	0	NA
VC35B-VC-54809771	4720997.5	UCON21:DNA?:DNA?	23	0	0.00	0	NA
VC35B-VC-54809771	4720997.5	X1_LINE:CR1:LINE	40	0	0.00	0	NA
VC35B-VC-54809771	4720997.5	X2_LINE:CR1:LINE	32	0	0.00	0	NA
VC35B-VC-54809771	4720997.5	X7D_LINE:CR1:LINE	10	0	0.00	0	NA
