Sample	aligned_libsize	Subfamily:Family:Class	copies	uniq_counts	tot_counts	tot_reads	avg_conf
VC35C-Ctrl-54799820	9333041.5	LSU-rRNA_Hsa:rRNA:rRNA	480	565546	3066304.53	3062463	100.13
VC35C-Ctrl-54799820	9333041.5	7SLRNA:srpRNA:srpRNA	437	3045	478824.91	477939	100.19
VC35C-Ctrl-54799820	9333041.5	U1:snRNA:snRNA	329	303	124824.13	85546	145.91
VC35C-Ctrl-54799820	9333041.5	U3:snRNA:snRNA	97	637	117986.12	94182	125.27
VC35C-Ctrl-54799820	9333041.5	7SK:RNA:RNA	691	2186	116061.73	115955	100.09
VC35C-Ctrl-54799820	9333041.5	FordPrefect:hAT-Tip100:DNA	291	42247	89110.43	89102	100.01
VC35C-Ctrl-54799820	9333041.5	U2:snRNA:snRNA	921	705	79731.86	71620	111.33
VC35C-Ctrl-54799820	9333041.5	MMETn-int:ERVK:LTR	980	285	58024.68	58319	99.50
VC35C-Ctrl-54799820	9333041.5	B3:B2:SINE	148427	18333	43075.57	45614	94.43
VC35C-Ctrl-54799820	9333041.5	B2_Mm1a:B2:SINE	18346	4908	42751.13	41269	103.59
VC35C-Ctrl-54799820	9333041.5	B2_Mm2:B2:SINE	90007	11538	38132.24	40279	94.67
VC35C-Ctrl-54799820	9333041.5	ID_B1:B4:SINE	110827	16540	30814.61	33363	92.36
VC35C-Ctrl-54799820	9333041.5	B1_Mus1:Alu:SINE	95081	13969	29665.98	32082	92.47
VC35C-Ctrl-54799820	9333041.5	B2_Mm1t:B2:SINE	23218	3993	29310.80	32540	90.08
VC35C-Ctrl-54799820	9333041.5	RSINE1:B4:SINE	115806	13272	24357.62	25668	94.89
VC35C-Ctrl-54799820	9333041.5	L1Md_T:L1:LINE	23688	1503	24016.13	26167	91.78
VC35C-Ctrl-54799820	9333041.5	B1_Mus2:Alu:SINE	70891	11618	23741.16	26061	91.10
VC35C-Ctrl-54799820	9333041.5	MMVL30-int:ERV1:LTR	956	22093	23333.44	23318	100.07
VC35C-Ctrl-54799820	9333041.5	B3A:B2:SINE	92925	9250	20152.51	21605	93.28
VC35C-Ctrl-54799820	9333041.5	U17:snRNA:snRNA	24	1012	19911.50	19905	100.03
VC35C-Ctrl-54799820	9333041.5	B4A:B4:SINE	107073	7885	19502.66	20749	93.99
VC35C-Ctrl-54799820	9333041.5	MMERVK10C-int:ERVK:LTR	3230	17629	19306.92	19247	100.31
VC35C-Ctrl-54799820	9333041.5	PB1D10:Alu:SINE	65054	11694	17675.35	18938	93.33
VC35C-Ctrl-54799820	9333041.5	L1Md_A:L1:LINE	16844	903	15499.89	16613	93.30
VC35C-Ctrl-54799820	9333041.5	PB1D9:Alu:SINE	28939	8119	13252.08	14037	94.41
VC35C-Ctrl-54799820	9333041.5	B1_Mm:Alu:SINE	42910	6039	12227.07	13368	91.47
VC35C-Ctrl-54799820	9333041.5	B1_Mur1:Alu:SINE	38058	6558	11868.29	12691	93.52
VC35C-Ctrl-54799820	9333041.5	B1F:Alu:SINE	45170	7220	11733.97	12557	93.45
VC35C-Ctrl-54799820	9333041.5	B1_Mur4:Alu:SINE	41031	6207	11633.92	12682	91.74
VC35C-Ctrl-54799820	9333041.5	L1Md_F2:L1:LINE	64898	1737	11050.13	13916	79.41
VC35C-Ctrl-54799820	9333041.5	B1_Mur2:Alu:SINE	31869	6096	10864.47	11648	93.27
VC35C-Ctrl-54799820	9333041.5	B4:B4:SINE	64020	4268	9625.07	10552	91.22
VC35C-Ctrl-54799820	9333041.5	L1_Mus1:L1:LINE	27252	1988	9531.51	10063	94.72
VC35C-Ctrl-54799820	9333041.5	B1_Mur3:Alu:SINE	24632	4961	9354.11	9850	94.97
VC35C-Ctrl-54799820	9333041.5	U4:snRNA:snRNA	108	185	8591.00	8594	99.97
VC35C-Ctrl-54799820	9333041.5	MTD:ERVL-MaLR:LTR	51544	2935	8192.76	8543	95.90
VC35C-Ctrl-54799820	9333041.5	PB1D7:Alu:SINE	24346	5361	8094.64	8675	93.31
VC35C-Ctrl-54799820	9333041.5	SSU-rRNA_Hsa:rRNA:rRNA	45	800	7849.34	7826	100.30
VC35C-Ctrl-54799820	9333041.5	ETnERV-int:ERVK:LTR	906	106	7832.45	28017	27.96
VC35C-Ctrl-54799820	9333041.5	Lx8:L1:LINE	49141	1999	7434.17	7265	102.33
VC35C-Ctrl-54799820	9333041.5	MIRb:MIR:SINE	42160	4426	7266.85	7524	96.58
VC35C-Ctrl-54799820	9333041.5	L1_Mus3:L1:LINE	48489	1035	6955.41	7546	92.17
VC35C-Ctrl-54799820	9333041.5	RLTR1B-int:ERV1:LTR	798	334	6507.30	5901	110.27
VC35C-Ctrl-54799820	9333041.5	B1F1:Alu:SINE	19678	4057	6461.30	6838	94.49
VC35C-Ctrl-54799820	9333041.5	ID4:ID:SINE	23970	4508	6035.27	6379	94.61
VC35C-Ctrl-54799820	9333041.5	ID4_:ID:SINE	26384	4130	5779.72	6143	94.09
VC35C-Ctrl-54799820	9333041.5	MTA_Mm-int:ERVL-MaLR:LTR	3027	147	5660.91	5448	103.91
VC35C-Ctrl-54799820	9333041.5	Lx7:L1:LINE	40190	1113	5592.59	4955	112.87
VC35C-Ctrl-54799820	9333041.5	Lx3B:L1:LINE	5993	284	5350.18	5385	99.35
VC35C-Ctrl-54799820	9333041.5	MIR:MIR:SINE	38978	3340	5281.24	5467	96.60
VC35C-Ctrl-54799820	9333041.5	MTC:ERVL-MaLR:LTR	27489	1939	5146.36	5394	95.41
VC35C-Ctrl-54799820	9333041.5	MTA_Mm:ERVL-MaLR:LTR	15623	821	5073.72	5384	94.24
VC35C-Ctrl-54799820	9333041.5	B1F2:Alu:SINE	16513	2914	4911.29	5340	91.97
VC35C-Ctrl-54799820	9333041.5	L2a:L2:LINE	24277	2727	4677.73	4774	97.98
VC35C-Ctrl-54799820	9333041.5	RLTR19-int:ERVK:LTR	2407	765	4657.24	3568	130.53
VC35C-Ctrl-54799820	9333041.5	RMER15:ERVL:LTR	18077	1204	4630.62	4259	108.73
VC35C-Ctrl-54799820	9333041.5	Lx:L1:LINE	24834	736	4505.11	4823	93.41
VC35C-Ctrl-54799820	9333041.5	MIRc:MIR:SINE	23213	3050	4336.71	4421	98.09
VC35C-Ctrl-54799820	9333041.5	PB1D11:Alu:SINE	18484	2888	4243.35	4616	91.93
VC35C-Ctrl-54799820	9333041.5	Lx9:L1:LINE	49160	958	4101.42	4214	97.33
VC35C-Ctrl-54799820	9333041.5	IAPEz-int:ERVK:LTR	7319	226	4058.18	3516	115.42
VC35C-Ctrl-54799820	9333041.5	U5:snRNA:snRNA	85	866	3789.31	2479	152.86
VC35C-Ctrl-54799820	9333041.5	PB1:Alu:SINE	11784	2253	3744.42	4002	93.56
VC35C-Ctrl-54799820	9333041.5	ORR1D1:ERVL-MaLR:LTR	21507	1453	3732.42	3880	96.20
VC35C-Ctrl-54799820	9333041.5	L1_Mus2:L1:LINE	21079	522	3698.37	4206	87.93
VC35C-Ctrl-54799820	9333041.5	MERVL-int:ERVL:LTR	2600	569	3458.42	3291	105.09
VC35C-Ctrl-54799820	9333041.5	URR1B:hAT-Charlie:DNA	16889	1709	3331.08	3539	94.12
VC35C-Ctrl-54799820	9333041.5	L1M4:L1:LINE	13935	1221	3287.00	3551	92.57
VC35C-Ctrl-54799820	9333041.5	ORR1E:ERVL-MaLR:LTR	22742	1187	3269.10	3372	96.95
VC35C-Ctrl-54799820	9333041.5	L2:L2:LINE	17614	1895	3107.20	3170	98.02
VC35C-Ctrl-54799820	9333041.5	MIR3:MIR:SINE	16085	2129	3033.29	3122	97.16
VC35C-Ctrl-54799820	9333041.5	L1Md_F3:L1:LINE	16146	341	2978.89	4141	71.94
VC35C-Ctrl-54799820	9333041.5	ORR1A2:ERVL-MaLR:LTR	14843	749	2879.93	3018	95.42
VC35C-Ctrl-54799820	9333041.5	ORR1B1:ERVL-MaLR:LTR	17313	739	2792.12	2959	94.36
VC35C-Ctrl-54799820	9333041.5	L3:CR1:LINE	9732	2167	2787.67	2799	99.60
VC35C-Ctrl-54799820	9333041.5	L2c:L2:LINE	12298	1918	2749.79	2824	97.37
VC35C-Ctrl-54799820	9333041.5	MT2B:ERVL:LTR	13977	1486	2723.23	3690	73.80
VC35C-Ctrl-54799820	9333041.5	Lx5:L1:LINE	16339	397	2700.83	2800	96.46
VC35C-Ctrl-54799820	9333041.5	L1_Mur3:L1:LINE	27399	451	2682.12	2809	95.48
VC35C-Ctrl-54799820	9333041.5	MTEa:ERVL-MaLR:LTR	20061	1099	2678.84	2813	95.23
VC35C-Ctrl-54799820	9333041.5	RLTR13G:ERVK:LTR	877	28	2635.56	3131	84.18
VC35C-Ctrl-54799820	9333041.5	URR1A:hAT-Charlie:DNA	17621	1399	2609.64	2772	94.14
VC35C-Ctrl-54799820	9333041.5	RMER6A:ERVK:LTR	3983	484	2564.05	2651	96.72
VC35C-Ctrl-54799820	9333041.5	MTE2a:ERVL-MaLR:LTR	15148	783	2436.52	2520	96.69
VC35C-Ctrl-54799820	9333041.5	ORR1F:ERVL-MaLR:LTR	23086	992	2435.40	2517	96.76
VC35C-Ctrl-54799820	9333041.5	ERVB7_1-LTR_MM:ERVK:LTR	770	49	2315.30	4381	52.85
VC35C-Ctrl-54799820	9333041.5	ORR1D2:ERVL-MaLR:LTR	15061	716	2243.66	2284	98.23
VC35C-Ctrl-54799820	9333041.5	LTRIS2:ERV1:LTR	1423	157	2003.22	1432	139.89
VC35C-Ctrl-54799820	9333041.5	MTB:ERVL-MaLR:LTR	6419	408	1996.73	2257	88.47
VC35C-Ctrl-54799820	9333041.5	Lx8b:L1:LINE	24166	502	1994.52	2068	96.45
VC35C-Ctrl-54799820	9333041.5	L1_Mm:L1:LINE	5429	374	1978.08	3614	54.73
VC35C-Ctrl-54799820	9333041.5	BC1_Mm:scRNA:scRNA	6758	999	1940.11	2047	94.78
VC35C-Ctrl-54799820	9333041.5	tRNA-Ser-TCA(m):tRNA:tRNA	4	1067	1929.85	1854	104.09
VC35C-Ctrl-54799820	9333041.5	L1MB7:L1:LINE	6956	709	1927.10	2006	96.07
VC35C-Ctrl-54799820	9333041.5	Lx6:L1:LINE	18164	324	1922.23	1989	96.64
VC35C-Ctrl-54799820	9333041.5	MERVL_2A-int:ERVL:LTR	3899	197	1913.17	2349	81.45
VC35C-Ctrl-54799820	9333041.5	L2b:L2:LINE	13720	1215	1875.83	1928	97.29
VC35C-Ctrl-54799820	9333041.5	Lx2:L1:LINE	18521	312	1831.27	1950	93.91
VC35C-Ctrl-54799820	9333041.5	L1M5:L1:LINE	16596	822	1822.48	1962	92.89
VC35C-Ctrl-54799820	9333041.5	RMER19B:ERVK:LTR	5640	289	1806.80	1870	96.62
VC35C-Ctrl-54799820	9333041.5	L1M2:L1:LINE	18488	506	1799.40	1923	93.57
VC35C-Ctrl-54799820	9333041.5	L1_Mur2:L1:LINE	20769	348	1797.42	1969	91.29
VC35C-Ctrl-54799820	9333041.5	MMERVK9C_I-int:ERVK:LTR	1807	259	1777.00	1848	96.16
VC35C-Ctrl-54799820	9333041.5	ORR1A4:ERVL-MaLR:LTR	7791	441	1736.06	1860	93.34
VC35C-Ctrl-54799820	9333041.5	MTE2b:ERVL-MaLR:LTR	14367	632	1726.98	1827	94.53
VC35C-Ctrl-54799820	9333041.5	RMER16-int:ERVK:LTR	2599	83	1715.92	1731	99.13
VC35C-Ctrl-54799820	9333041.5	ORR1C2:ERVL-MaLR:LTR	12473	523	1715.73	1797	95.48
VC35C-Ctrl-54799820	9333041.5	ORR1A2-int:ERVL-MaLR:LTR	2132	369	1624.20	1701	95.48
VC35C-Ctrl-54799820	9333041.5	MT2_Mm:ERVL:LTR	2667	520	1582.43	1493	105.99
VC35C-Ctrl-54799820	9333041.5	MT2A:ERVL:LTR	10140	473	1576.02	1684	93.59
VC35C-Ctrl-54799820	9333041.5	Lx5c:L1:LINE	16422	333	1571.88	1665	94.41
VC35C-Ctrl-54799820	9333041.5	RLTRETN_Mm:ERVK:LTR	1355	152	1540.84	2369	65.04
VC35C-Ctrl-54799820	9333041.5	ORR1B2:ERVL-MaLR:LTR	8528	516	1491.56	1566	95.25
VC35C-Ctrl-54799820	9333041.5	MER2:TcMar-Tigger:DNA	10246	625	1405.15	1477	95.14
VC35C-Ctrl-54799820	9333041.5	L1VL2:L1:LINE	4697	274	1390.53	1434	96.97
VC35C-Ctrl-54799820	9333041.5	MTEb:ERVL-MaLR:LTR	10811	566	1378.82	1430	96.42
VC35C-Ctrl-54799820	9333041.5	L1MEi:L1:LINE	478	288	1362.72	1418	96.10
VC35C-Ctrl-54799820	9333041.5	MER5A:hAT-Charlie:DNA	8982	940	1360.90	1412	96.38
VC35C-Ctrl-54799820	9333041.5	RMER1A:Other:Other	3854	131	1347.40	1365	98.71
VC35C-Ctrl-54799820	9333041.5	MT2B1:ERVL:LTR	7248	360	1339.51	1394	96.09
VC35C-Ctrl-54799820	9333041.5	Lx2B2:L1:LINE	11012	138	1331.42	1415	94.09
VC35C-Ctrl-54799820	9333041.5	ID2:ID:SINE	5671	1005	1329.70	1398	95.11
VC35C-Ctrl-54799820	9333041.5	RMER1B:Other:Other	7511	306	1323.83	1403	94.36
VC35C-Ctrl-54799820	9333041.5	MER20:hAT-Charlie:DNA	5994	766	1305.43	1363	95.78
VC35C-Ctrl-54799820	9333041.5	RLTR9E:ERVK:LTR	1318	175	1265.38	1226	103.21
VC35C-Ctrl-54799820	9333041.5	L1_Mus4:L1:LINE	11880	197	1221.93	1324	92.29
VC35C-Ctrl-54799820	9333041.5	ORR1A0-int:ERVL-MaLR:LTR	456	29	1219.71	1250	97.58
VC35C-Ctrl-54799820	9333041.5	4.5SRNA:scRNA:scRNA	1517	236	1207.20	1252	96.42
VC35C-Ctrl-54799820	9333041.5	MLT1A1:ERVL-MaLR:LTR	9015	585	1196.77	1294	92.49
VC35C-Ctrl-54799820	9333041.5	RLTR17B_Mm:ERVK:LTR	27369	701	1191.38	1269	93.88
VC35C-Ctrl-54799820	9333041.5	RMER4B:ERVK:LTR	5158	393	1179.89	1223	96.47
VC35C-Ctrl-54799820	9333041.5	ORR1C1:ERVL-MaLR:LTR	7423	321	1177.55	1250	94.20
VC35C-Ctrl-54799820	9333041.5	RCHARR1:hAT-Charlie:DNA	6811	312	1169.80	1249	93.66
VC35C-Ctrl-54799820	9333041.5	MER34B-int:ERV1:LTR	81	315	1169.00	1166	100.26
VC35C-Ctrl-54799820	9333041.5	MT2B2:ERVL:LTR	3655	502	1139.27	1319	86.37
VC35C-Ctrl-54799820	9333041.5	ID:ID:SINE	8022	772	1120.70	1238	90.53
VC35C-Ctrl-54799820	9333041.5	L1MB8:L1:LINE	6000	372	1110.41	1179	94.18
VC35C-Ctrl-54799820	9333041.5	MLT1B:ERVL-MaLR:LTR	9316	450	1096.42	1134	96.69
VC35C-Ctrl-54799820	9333041.5	RLTR17:ERVK:LTR	1758	178	1074.37	1126	95.42
VC35C-Ctrl-54799820	9333041.5	MLT1D:ERVL-MaLR:LTR	8368	431	1070.69	1104	96.98
VC35C-Ctrl-54799820	9333041.5	L1Md_Gf:L1:LINE	1080	54	1065.33	3576	29.79
VC35C-Ctrl-54799820	9333041.5	L1MC4:L1:LINE	5589	469	1065.09	1106	96.30
VC35C-Ctrl-54799820	9333041.5	ORR1B1-int:ERVL-MaLR:LTR	2965	160	1056.47	1212	87.17
VC35C-Ctrl-54799820	9333041.5	ERVB4_1C-LTR_Mm:ERVK:LTR	961	23	1025.98	1799	57.03
VC35C-Ctrl-54799820	9333041.5	ORR1A4-int:ERVL-MaLR:LTR	1326	56	1018.85	1130	90.16
VC35C-Ctrl-54799820	9333041.5	ORR1A0:ERVL-MaLR:LTR	2133	116	1018.77	1117	91.21
VC35C-Ctrl-54799820	9333041.5	RMER10A:ERVL:LTR	4464	399	1013.63	1033	98.12
VC35C-Ctrl-54799820	9333041.5	L1ME1:L1:LINE	5261	297	1000.16	1054	94.89
VC35C-Ctrl-54799820	9333041.5	RMER5:ERV1:LTR	7418	346	997.47	1023	97.50
VC35C-Ctrl-54799820	9333041.5	Lx3A:L1:LINE	9223	264	991.00	1054	94.02
VC35C-Ctrl-54799820	9333041.5	L1VL4:L1:LINE	6091	137	984.99	1067	92.31
VC35C-Ctrl-54799820	9333041.5	Lx3_Mus:L1:LINE	12651	126	961.64	1018	94.46
VC35C-Ctrl-54799820	9333041.5	MTB_Mm:ERVL-MaLR:LTR	4963	306	945.30	1000	94.53
VC35C-Ctrl-54799820	9333041.5	MTE-int:ERVL-MaLR:LTR	4958	308	945.23	996	94.90
VC35C-Ctrl-54799820	9333041.5	L1MB3:L1:LINE	5343	390	940.15	1006	93.45
VC35C-Ctrl-54799820	9333041.5	L1_Rod:L1:LINE	11315	195	940.02	1000	94.00
VC35C-Ctrl-54799820	9333041.5	Lx4A:L1:LINE	10564	192	939.92	1003	93.71
VC35C-Ctrl-54799820	9333041.5	MLT1A0:ERVL-MaLR:LTR	10413	400	928.18	985	94.23
VC35C-Ctrl-54799820	9333041.5	ORR1A3:ERVL-MaLR:LTR	4381	241	909.02	1013	89.74
VC35C-Ctrl-54799820	9333041.5	MLTR14:ERV1:LTR	6798	338	902.33	944	95.59
VC35C-Ctrl-54799820	9333041.5	L1Md_F:L1:LINE	4016	77	877.11	1534	57.18
VC35C-Ctrl-54799820	9333041.5	RMER4A:ERVK:LTR	3287	339	873.71	909	96.12
VC35C-Ctrl-54799820	9333041.5	L1MA4:L1:LINE	7467	258	854.98	909	94.06
VC35C-Ctrl-54799820	9333041.5	RLTR25B:ERVK:LTR	3674	372	838.44	1094	76.64
VC35C-Ctrl-54799820	9333041.5	Lx4B:L1:LINE	5680	99	832.65	887	93.87
VC35C-Ctrl-54799820	9333041.5	L1MD:L1:LINE	6361	408	828.48	888	93.30
VC35C-Ctrl-54799820	9333041.5	MYSERV6-int:ERVK:LTR	3183	97	826.96	865	95.60
VC35C-Ctrl-54799820	9333041.5	MLT1C:ERVL-MaLR:LTR	7791	342	824.62	855	96.45
VC35C-Ctrl-54799820	9333041.5	MER58A:hAT-Charlie:DNA	3714	449	823.96	843	97.74
VC35C-Ctrl-54799820	9333041.5	Lx5b:L1:LINE	7975	149	820.89	861	95.34
VC35C-Ctrl-54799820	9333041.5	L1MEg:L1:LINE	3797	563	813.40	840	96.83
VC35C-Ctrl-54799820	9333041.5	Tigger7:TcMar-Tigger:DNA	5206	325	802.23	833	96.31
VC35C-Ctrl-54799820	9333041.5	L1MB2:L1:LINE	2927	264	789.78	816	96.79
VC35C-Ctrl-54799820	9333041.5	RLTR11A:ERVK:LTR	2655	291	781.37	814	95.99
VC35C-Ctrl-54799820	9333041.5	RMER6C:ERVK:LTR	4887	201	758.53	816	92.96
VC35C-Ctrl-54799820	9333041.5	ORR1A1:ERVL-MaLR:LTR	4414	245	752.11	845	89.01
VC35C-Ctrl-54799820	9333041.5	MTD-int:ERVL-MaLR:LTR	2521	80	751.30	810	92.75
VC35C-Ctrl-54799820	9333041.5	L1MB5:L1:LINE	3766	275	748.23	780	95.93
VC35C-Ctrl-54799820	9333041.5	L1MC1:L1:LINE	5571	262	745.42	783	95.20
VC35C-Ctrl-54799820	9333041.5	L1MC5:L1:LINE	3476	310	742.40	793	93.62
VC35C-Ctrl-54799820	9333041.5	MER5B:hAT-Charlie:DNA	5140	460	735.03	739	99.46
VC35C-Ctrl-54799820	9333041.5	MTC-int:ERVL-MaLR:LTR	3520	102	713.00	766	93.08
VC35C-Ctrl-54799820	9333041.5	Charlie1a:hAT-Charlie:DNA	2660	221	695.55	732	95.02
VC35C-Ctrl-54799820	9333041.5	Lx2B:L1:LINE	6191	110	690.84	714	96.76
VC35C-Ctrl-54799820	9333041.5	MMERVK9E_I-int:ERVK:LTR	1568	34	684.36	719	95.18
VC35C-Ctrl-54799820	9333041.5	L1M3:L1:LINE	7043	254	674.26	731	92.24
VC35C-Ctrl-54799820	9333041.5	L1MC3:L1:LINE	5288	223	671.85	706	95.16
VC35C-Ctrl-54799820	9333041.5	MLTR25A:ERVK:LTR	2168	159	645.23	704	91.65
VC35C-Ctrl-54799820	9333041.5	MurERV4-int:ERVK:LTR	1525	63	643.95	673	95.68
VC35C-Ctrl-54799820	9333041.5	L1MEd:L1:LINE	3245	460	633.13	659	96.07
VC35C-Ctrl-54799820	9333041.5	MER21B:ERVL:LTR	1618	220	628.53	639	98.36
VC35C-Ctrl-54799820	9333041.5	L1MA6:L1:LINE	6985	229	619.79	648	95.65
VC35C-Ctrl-54799820	9333041.5	L1MA8:L1:LINE	3882	272	618.30	639	96.76
VC35C-Ctrl-54799820	9333041.5	MLTR18B_MM:ERVK:LTR	468	97	613.92	618	99.34
VC35C-Ctrl-54799820	9333041.5	RLTR11B:ERVK:LTR	1049	326	613.04	628	97.62
VC35C-Ctrl-54799820	9333041.5	MER58B:hAT-Charlie:DNA	2843	320	607.04	618	98.23
VC35C-Ctrl-54799820	9333041.5	RLTR6-int:ERV1:LTR	1220	72	596.58	564	105.78
VC35C-Ctrl-54799820	9333041.5	MMERGLN-int:ERV1:LTR	856	41	593.61	587	101.13
VC35C-Ctrl-54799820	9333041.5	U6:snRNA:snRNA	1353	193	591.87	566	104.57
VC35C-Ctrl-54799820	9333041.5	MER3:hAT-Charlie:DNA	2967	368	582.16	600	97.03
VC35C-Ctrl-54799820	9333041.5	Charlie5:hAT-Charlie:DNA	1547	509	578.95	602	96.17
VC35C-Ctrl-54799820	9333041.5	HY3:scRNA:scRNA	15	365	564.00	564	100.00
VC35C-Ctrl-54799820	9333041.5	RLTR4_MM-int:ERV1:LTR	432	105	561.64	519	108.22
VC35C-Ctrl-54799820	9333041.5	RMER30:hAT-Charlie:DNA	3588	370	561.34	592	94.82
VC35C-Ctrl-54799820	9333041.5	MLT1K:ERVL-MaLR:LTR	2759	214	559.76	569	98.38
VC35C-Ctrl-54799820	9333041.5	L1MC:L1:LINE	5426	243	552.96	599	92.31
VC35C-Ctrl-54799820	9333041.5	L1MD2:L1:LINE	3227	208	547.14	567	96.50
VC35C-Ctrl-54799820	9333041.5	ORR1G:ERVL-MaLR:LTR	4680	219	544.40	561	97.04
VC35C-Ctrl-54799820	9333041.5	tRNA-Ala-GCY_:tRNA:tRNA	2580	425	539.40	575	93.81
VC35C-Ctrl-54799820	9333041.5	MusHAL1:L1:LINE	3890	164	539.32	563	95.79
VC35C-Ctrl-54799820	9333041.5	RLTR16B_MM:ERVK:LTR	635	161	535.15	541	98.92
VC35C-Ctrl-54799820	9333041.5	L1_Mur1:L1:LINE	7793	54	534.42	716	74.64
VC35C-Ctrl-54799820	9333041.5	RLTR31D_MM:ERVK:LTR	8270	234	532.65	784	67.94
VC35C-Ctrl-54799820	9333041.5	L1MEc:L1:LINE	5378	226	529.92	569	93.13
VC35C-Ctrl-54799820	9333041.5	Lx10:L1:LINE	10010	158	529.61	553	95.77
VC35C-Ctrl-54799820	9333041.5	LTRIS_Mus:ERV1:LTR	919	99	528.10	525	100.59
VC35C-Ctrl-54799820	9333041.5	HAL1:L1:LINE	3550	234	527.34	548	96.23
VC35C-Ctrl-54799820	9333041.5	L1MC4a:L1:LINE	3077	191	526.34	546	96.40
VC35C-Ctrl-54799820	9333041.5	ORR1A1-int:ERVL-MaLR:LTR	859	55	525.91	610	86.21
VC35C-Ctrl-54799820	9333041.5	RLTR11A2:ERVK:LTR	2676	136	517.46	534	96.90
VC35C-Ctrl-54799820	9333041.5	RMER17C:ERVK:LTR	6479	199	513.87	548	93.77
VC35C-Ctrl-54799820	9333041.5	MER21C:ERVL:LTR	2261	202	510.81	530	96.38
VC35C-Ctrl-54799820	9333041.5	BGLII:ERVK:LTR	2269	169	500.37	494	101.29
VC35C-Ctrl-54799820	9333041.5	RMER15-int:ERVL:LTR	3100	108	499.02	520	95.97
VC35C-Ctrl-54799820	9333041.5	L1MA5:L1:LINE	4952	176	498.63	528	94.44
VC35C-Ctrl-54799820	9333041.5	RLTR10-int:ERVK:LTR	2617	23	498.34	446	111.74
VC35C-Ctrl-54799820	9333041.5	MTB-int:ERVL-MaLR:LTR	592	18	497.31	597	83.30
VC35C-Ctrl-54799820	9333041.5	Lx3C:L1:LINE	6475	80	491.28	508	96.71
VC35C-Ctrl-54799820	9333041.5	RLTR45-int:ERVK:LTR	1317	38	489.43	469	104.36
VC35C-Ctrl-54799820	9333041.5	RLTR42-int:ERVK:LTR	2473	188	488.97	499	97.99
VC35C-Ctrl-54799820	9333041.5	RLTR20A4:ERVK:LTR	11527	330	484.95	517	93.80
VC35C-Ctrl-54799820	9333041.5	MamSINE1:tRNA:SINE	410	351	482.85	484	99.76
VC35C-Ctrl-54799820	9333041.5	RMER10B:ERVL:LTR	3002	177	478.80	507	94.44
VC35C-Ctrl-54799820	9333041.5	RLTR28:ERVL:LTR	1949	196	475.91	485	98.13
VC35C-Ctrl-54799820	9333041.5	LFSINE_Vert:tRNA:SINE	1208	391	470.50	471	99.89
VC35C-Ctrl-54799820	9333041.5	RMER1C:Other:Other	6347	165	465.04	483	96.28
VC35C-Ctrl-54799820	9333041.5	ORR1D1-int:ERVL-MaLR:LTR	1715	69	463.31	541	85.64
VC35C-Ctrl-54799820	9333041.5	MER33:hAT-Charlie:DNA	2719	207	461.34	480	96.11
VC35C-Ctrl-54799820	9333041.5	L1VL1:L1:LINE	1797	60	458.77	550	83.41
VC35C-Ctrl-54799820	9333041.5	MT2C_Mm:ERVL:LTR	1982	103	454.79	476	95.54
VC35C-Ctrl-54799820	9333041.5	L3b:CR1:LINE	2304	337	450.93	460	98.03
VC35C-Ctrl-54799820	9333041.5	RMER17B:ERVK:LTR	2898	97	450.82	460	98.00
VC35C-Ctrl-54799820	9333041.5	MER5A1:hAT-Charlie:DNA	3905	274	445.63	435	102.44
VC35C-Ctrl-54799820	9333041.5	RLTR40:ERVK:LTR	2651	101	441.49	455	97.03
VC35C-Ctrl-54799820	9333041.5	L1MCa:L1:LINE	3565	195	439.81	458	96.03
VC35C-Ctrl-54799820	9333041.5	ORR1A3-int:ERVL-MaLR:LTR	2435	53	437.21	475	92.04
VC35C-Ctrl-54799820	9333041.5	RLTR22_Mur:ERVK:LTR	2503	109	434.75	437	99.48
VC35C-Ctrl-54799820	9333041.5	L1MB4:L1:LINE	2690	181	434.74	452	96.18
VC35C-Ctrl-54799820	9333041.5	IAPLTR1_Mm:ERVK:LTR	1492	11	431.33	463	93.16
VC35C-Ctrl-54799820	9333041.5	RLTR25A:ERVK:LTR	1781	196	429.99	488	88.11
VC35C-Ctrl-54799820	9333041.5	MER44B:TcMar-Tigger:DNA	1493	217	428.77	447	95.92
VC35C-Ctrl-54799820	9333041.5	RMER6D:ERVK:LTR	2411	112	425.69	448	95.02
VC35C-Ctrl-54799820	9333041.5	Tigger1:TcMar-Tigger:DNA	1025	121	424.89	433	98.13
VC35C-Ctrl-54799820	9333041.5	LTR50:ERVL:LTR	549	83	422.86	365	115.85
VC35C-Ctrl-54799820	9333041.5	MamGyp-int:Gypsy:LTR	28	59	417.52	411	101.59
VC35C-Ctrl-54799820	9333041.5	RLTR21:ERVK:LTR	3816	78	417.30	441	94.63
VC35C-Ctrl-54799820	9333041.5	RLTR12C:ERVK:LTR	319	215	417.29	420	99.36
VC35C-Ctrl-54799820	9333041.5	L1ME4a:L1:LINE	1560	240	416.95	443	94.12
VC35C-Ctrl-54799820	9333041.5	RMER12:ERVK:LTR	3319	99	414.98	437	94.96
VC35C-Ctrl-54799820	9333041.5	U8:snRNA:snRNA	5	62	412.76	412	100.18
VC35C-Ctrl-54799820	9333041.5	RLTR49:ERVK:LTR	933	257	408.17	429	95.14
VC35C-Ctrl-54799820	9333041.5	RMER21A:ERV1:LTR	622	211	406.13	414	98.10
VC35C-Ctrl-54799820	9333041.5	MYSERV16_I-int:ERVK:LTR	2516	63	400.18	416	96.20
VC35C-Ctrl-54799820	9333041.5	MLTR11A:ERVK:LTR	2124	121	395.50	407	97.17
VC35C-Ctrl-54799820	9333041.5	RMER19A:ERVK:LTR	2095	99	388.62	397	97.89
VC35C-Ctrl-54799820	9333041.5	RMER19B2:ERVK:LTR	2296	69	387.32	412	94.01
VC35C-Ctrl-54799820	9333041.5	RLTR15:ERVK:LTR	2437	94	383.53	409	93.77
VC35C-Ctrl-54799820	9333041.5	MER58C:hAT-Charlie:DNA	436	275	379.08	385	98.46
VC35C-Ctrl-54799820	9333041.5	MER68:ERVL:LTR	637	159	376.11	386	97.44
VC35C-Ctrl-54799820	9333041.5	AmnSINE1:Deu:SINE	1311	305	373.88	379	98.65
VC35C-Ctrl-54799820	9333041.5	RMER13B:ERVK:LTR	2134	78	373.70	384	97.32
VC35C-Ctrl-54799820	9333041.5	L1MC5a:L1:LINE	2588	182	371.88	391	95.11
VC35C-Ctrl-54799820	9333041.5	MLT1J:ERVL-MaLR:LTR	2943	186	371.05	381	97.39
VC35C-Ctrl-54799820	9333041.5	RLTR14:ERV1:LTR	2341	123	369.98	377	98.14
VC35C-Ctrl-54799820	9333041.5	MLT1A:ERVL-MaLR:LTR	4950	188	365.72	381	95.99
VC35C-Ctrl-54799820	9333041.5	MLT1F:ERVL-MaLR:LTR	1561	229	362.56	371	97.73
VC35C-Ctrl-54799820	9333041.5	Charlie1:hAT-Charlie:DNA	977	121	362.18	393	92.16
VC35C-Ctrl-54799820	9333041.5	ETnERV3-int:ERVK:LTR	560	30	360.03	353	101.99
VC35C-Ctrl-54799820	9333041.5	L1MC2:L1:LINE	2252	150	359.09	394	91.14
VC35C-Ctrl-54799820	9333041.5	HAL1ME:L1:LINE	900	166	350.14	400	87.53
VC35C-Ctrl-54799820	9333041.5	ORR1D2-int:ERVL-MaLR:LTR	1361	50	348.54	378	92.21
VC35C-Ctrl-54799820	9333041.5	RLTR14-int:ERV1:LTR	1816	119	347.17	353	98.35
VC35C-Ctrl-54799820	9333041.5	RLTR20C1_MM:ERVK:LTR	5561	241	341.51	360	94.86
VC35C-Ctrl-54799820	9333041.5	L1M4b:L1:LINE	2190	147	341.35	346	98.66
VC35C-Ctrl-54799820	9333041.5	RLTR20B1:ERVK:LTR	668	59	339.30	346	98.06
VC35C-Ctrl-54799820	9333041.5	ORR1E-int:ERVL-MaLR:LTR	1446	38	332.24	356	93.33
VC35C-Ctrl-54799820	9333041.5	ETnERV2-int:ERVK:LTR	1805	25	328.51	353	93.06
VC35C-Ctrl-54799820	9333041.5	U13:snRNA:snRNA	13	160	328.00	328	100.00
VC35C-Ctrl-54799820	9333041.5	RMER13A2:ERVK:LTR	1473	98	324.84	336	96.68
VC35C-Ctrl-54799820	9333041.5	RLTR33:ERVK:LTR	1336	49	321.15	336	95.58
VC35C-Ctrl-54799820	9333041.5	RMER6B:ERVK:LTR	1360	89	321.04	340	94.42
VC35C-Ctrl-54799820	9333041.5	L1MD3:L1:LINE	2480	140	316.99	333	95.19
VC35C-Ctrl-54799820	9333041.5	RMER12C:ERVK:LTR	4954	121	315.42	342	92.23
VC35C-Ctrl-54799820	9333041.5	RLTR18:ERVK:LTR	610	41	315.15	349	90.30
VC35C-Ctrl-54799820	9333041.5	L1MEf:L1:LINE	3127	115	313.28	332	94.36
VC35C-Ctrl-54799820	9333041.5	L1MA9:L1:LINE	4587	95	312.01	334	93.42
VC35C-Ctrl-54799820	9333041.5	MLT1E2:ERVL-MaLR:LTR	1821	122	310.21	325	95.45
VC35C-Ctrl-54799820	9333041.5	MRLTR33:ERVK:LTR	624	127	305.02	304	100.34
VC35C-Ctrl-54799820	9333041.5	RLTR41:ERV1:LTR	1121	95	302.78	322	94.03
VC35C-Ctrl-54799820	9333041.5	L1MA7:L1:LINE	3250	96	302.24	326	92.71
VC35C-Ctrl-54799820	9333041.5	MLTR11B:ERVK:LTR	2985	93	299.79	310	96.71
VC35C-Ctrl-54799820	9333041.5	IAP1-MM_I-int:ERVK:LTR	479	95	299.34	298	100.45
VC35C-Ctrl-54799820	9333041.5	ORR1C2-int:ERVL-MaLR:LTR	914	28	295.12	319	92.51
VC35C-Ctrl-54799820	9333041.5	RLTR14_RN:ERV1:LTR	1148	74	294.94	309	95.45
VC35C-Ctrl-54799820	9333041.5	MER89:ERV1:LTR	614	15	293.14	110	266.49
VC35C-Ctrl-54799820	9333041.5	RMER17D:ERVK:LTR	1166	86	292.88	291	100.64
VC35C-Ctrl-54799820	9333041.5	RLTR13B1:ERVK:LTR	1029	39	291.71	308	94.71
VC35C-Ctrl-54799820	9333041.5	Tigger19a:TcMar-Tigger:DNA	771	244	289.62	298	97.19
VC35C-Ctrl-54799820	9333041.5	RMER20A:ERVK:LTR	1559	54	288.59	316	91.33
VC35C-Ctrl-54799820	9333041.5	L1M4c:L1:LINE	2049	73	286.26	306	93.55
VC35C-Ctrl-54799820	9333041.5	L1ME4b:L1:LINE	1818	127	284.71	307	92.74
VC35C-Ctrl-54799820	9333041.5	MLT1G1:ERVL-MaLR:LTR	1080	33	282.85	286	98.90
VC35C-Ctrl-54799820	9333041.5	L1MD1:L1:LINE	2268	87	278.10	294	94.59
VC35C-Ctrl-54799820	9333041.5	MARNA:TcMar-Mariner:DNA	562	144	278.00	280	99.29
VC35C-Ctrl-54799820	9333041.5	L1ME2:L1:LINE	2633	95	276.77	294	94.14
VC35C-Ctrl-54799820	9333041.5	RLTR18B:ERVK:LTR	989	71	276.09	290	95.20
VC35C-Ctrl-54799820	9333041.5	L1ME3A:L1:LINE	2086	116	274.35	278	98.69
VC35C-Ctrl-54799820	9333041.5	RMER3D-int:ERVK:LTR	2711	36	273.80	285	96.07
VC35C-Ctrl-54799820	9333041.5	ORR1D-int:ERVL-MaLR:LTR	878	47	271.66	293	92.72
VC35C-Ctrl-54799820	9333041.5	RLTR10F:ERVK:LTR	482	38	270.99	203	133.49
VC35C-Ctrl-54799820	9333041.5	Tigger10:TcMar-Tigger:DNA	242	65	269.37	271	99.40
VC35C-Ctrl-54799820	9333041.5	RLTR13A2:ERVK:LTR	151	14	269.14	270	99.68
VC35C-Ctrl-54799820	9333041.5	MERV1_LTR:ERV1:LTR	615	186	268.59	274	98.03
VC35C-Ctrl-54799820	9333041.5	MERV1_I-int:ERV1:LTR	1365	63	263.32	269	97.89
VC35C-Ctrl-54799820	9333041.5	MurERV4_19-int:ERVK:LTR	969	26	262.26	278	94.34
VC35C-Ctrl-54799820	9333041.5	RLTR31B2:ERVK:LTR	1192	84	262.13	272	96.37
VC35C-Ctrl-54799820	9333041.5	MLT1F2:ERVL-MaLR:LTR	2297	101	260.92	271	96.28
VC35C-Ctrl-54799820	9333041.5	RMER20B:ERVK:LTR	1949	73	260.65	272	95.83
VC35C-Ctrl-54799820	9333041.5	RLTR10C:ERVK:LTR	1779	67	260.39	268	97.16
VC35C-Ctrl-54799820	9333041.5	RLTR44-int:ERVK:LTR	653	33	258.68	273	94.76
VC35C-Ctrl-54799820	9333041.5	Charlie6:hAT-Charlie:DNA	148	76	257.50	258	99.81
VC35C-Ctrl-54799820	9333041.5	RMER17C-int:ERVK:LTR	1940	70	255.55	278	91.93
VC35C-Ctrl-54799820	9333041.5	L1MDa:L1:LINE	3451	100	254.92	276	92.36
VC35C-Ctrl-54799820	9333041.5	Tigger5:TcMar-Tigger:DNA	1975	107	254.79	278	91.65
VC35C-Ctrl-54799820	9333041.5	Charlie8:hAT-Charlie:DNA	728	115	254.54	265	96.05
VC35C-Ctrl-54799820	9333041.5	RLTR22_Mus:ERVK:LTR	1191	37	252.32	259	97.42
VC35C-Ctrl-54799820	9333041.5	RLTR9D:ERVK:LTR	803	66	250.83	294	85.32
VC35C-Ctrl-54799820	9333041.5	RLTR1B:ERV1:LTR	893	31	250.20	269	93.01
VC35C-Ctrl-54799820	9333041.5	RMER19C:ERVK:LTR	2729	34	249.01	260	95.77
VC35C-Ctrl-54799820	9333041.5	MLT1M:ERVL-MaLR:LTR	212	174	243.50	245	99.39
VC35C-Ctrl-54799820	9333041.5	RLTR23:ERV1:LTR	1524	68	242.00	257	94.16
VC35C-Ctrl-54799820	9333041.5	Tigger5b:TcMar-Tigger:DNA	2473	140	241.87	261	92.67
VC35C-Ctrl-54799820	9333041.5	Tigger15a:TcMar-Tigger:DNA	704	147	240.41	249	96.55
VC35C-Ctrl-54799820	9333041.5	IAPEY4_I-int:ERVK:LTR	521	4	239.48	236	101.47
VC35C-Ctrl-54799820	9333041.5	RLTR13E:ERVK:LTR	603	19	238.51	303	78.71
VC35C-Ctrl-54799820	9333041.5	RLTR12BD_Mm:ERVK:LTR	883	69	234.21	244	95.99
VC35C-Ctrl-54799820	9333041.5	RLTR12B:ERVK:LTR	909	70	233.34	242	96.42
VC35C-Ctrl-54799820	9333041.5	MuRRS4-int:ERV1:LTR	2735	32	233.06	339	68.75
VC35C-Ctrl-54799820	9333041.5	MLT1H:ERVL-MaLR:LTR	2322	100	232.66	243	95.74
VC35C-Ctrl-54799820	9333041.5	MER34A1:ERV1:LTR	541	63	232.00	234	99.15
VC35C-Ctrl-54799820	9333041.5	RLTR13D3A1:ERVK:LTR	613	61	231.33	249	92.90
VC35C-Ctrl-54799820	9333041.5	L1MA4A:L1:LINE	2709	62	230.33	251	91.77
VC35C-Ctrl-54799820	9333041.5	RLTR12D:ERVK:LTR	647	111	227.11	236	96.23
VC35C-Ctrl-54799820	9333041.5	MLT1J2:ERVL-MaLR:LTR	1110	175	224.87	227	99.06
VC35C-Ctrl-54799820	9333041.5	RLTR20D:ERVK:LTR	777	22	224.61	140	160.44
VC35C-Ctrl-54799820	9333041.5	MTEa-int:ERVL-MaLR:LTR	1368	31	222.77	234	95.20
VC35C-Ctrl-54799820	9333041.5	L1MB1:L1:LINE	2524	76	222.65	241	92.39
VC35C-Ctrl-54799820	9333041.5	tRNA-His-CAY_:tRNA:tRNA	16	31	221.40	167	132.57
VC35C-Ctrl-54799820	9333041.5	RMER17A2:ERVK:LTR	2598	30	220.66	235	93.90
VC35C-Ctrl-54799820	9333041.5	Tigger17a:TcMar-Tigger:DNA	908	65	220.41	234	94.19
VC35C-Ctrl-54799820	9333041.5	RMER17A:ERVK:LTR	1819	43	219.54	230	95.45
VC35C-Ctrl-54799820	9333041.5	U14:snRNA:snRNA	4	130	219.00	219	100.00
VC35C-Ctrl-54799820	9333041.5	Cheshire:hAT-Charlie:DNA	1091	90	218.08	229	95.23
VC35C-Ctrl-54799820	9333041.5	RLTR12E:ERVK:LTR	615	84	215.57	229	94.13
VC35C-Ctrl-54799820	9333041.5	MLT1L:ERVL-MaLR:LTR	1535	126	213.12	215	99.13
VC35C-Ctrl-54799820	9333041.5	MURVY-LTR:ERV1:LTR	1910	58	209.82	211	99.44
VC35C-Ctrl-54799820	9333041.5	RLTR26_Mus:ERVK:LTR	1091	68	209.17	207	101.05
VC35C-Ctrl-54799820	9333041.5	RodERV21-int:ERV1:LTR	1856	31	208.97	216	96.74
VC35C-Ctrl-54799820	9333041.5	RMER13A1:ERVK:LTR	1082	28	208.49	214	97.42
VC35C-Ctrl-54799820	9333041.5	RLTR10:ERVK:LTR	2930	21	208.33	219	95.13
VC35C-Ctrl-54799820	9333041.5	tRNA-Glu-GAA:tRNA:tRNA	9	5	206.00	206	100.00
VC35C-Ctrl-54799820	9333041.5	LTR72_RN:ERV1:LTR	1000	83	205.88	202	101.92
VC35C-Ctrl-54799820	9333041.5	MYSERV-int:ERVK:LTR	1435	38	205.73	215	95.69
VC35C-Ctrl-54799820	9333041.5	L1ME3Cz:L1:LINE	1051	110	198.10	205	96.63
VC35C-Ctrl-54799820	9333041.5	RLTR13B2:ERVK:LTR	314	26	197.07	169	116.61
VC35C-Ctrl-54799820	9333041.5	MLT1F1:ERVL-MaLR:LTR	1608	92	196.99	203	97.04
VC35C-Ctrl-54799820	9333041.5	HY1:scRNA:scRNA	38	69	196.57	196	100.29
VC35C-Ctrl-54799820	9333041.5	Charlie1b:hAT-Charlie:DNA	952	87	194.32	203	95.73
VC35C-Ctrl-54799820	9333041.5	IAPLTR2_Mm:ERVK:LTR	1388	20	192.11	217	88.53
VC35C-Ctrl-54799820	9333041.5	Tigger6a:TcMar-Tigger:DNA	369	62	191.92	194	98.93
VC35C-Ctrl-54799820	9333041.5	RLTR13C2:ERVK:LTR	844	25	190.90	206	92.67
VC35C-Ctrl-54799820	9333041.5	L1ME3:L1:LINE	1527	66	189.44	202	93.78
VC35C-Ctrl-54799820	9333041.5	RMER17B2:ERVK:LTR	898	27	188.19	201	93.63
VC35C-Ctrl-54799820	9333041.5	MER20B:hAT-Charlie:DNA	831	100	185.57	192	96.65
VC35C-Ctrl-54799820	9333041.5	RLTR13D6:ERVK:LTR	805	28	184.37	190	97.03
VC35C-Ctrl-54799820	9333041.5	tRNA-Ala-GCA:tRNA:tRNA	749	142	182.68	192	95.15
VC35C-Ctrl-54799820	9333041.5	MER53:hAT:DNA	1693	113	180.58	177	102.02
VC35C-Ctrl-54799820	9333041.5	MER2B:TcMar-Tigger:DNA	1093	119	180.09	184	97.88
VC35C-Ctrl-54799820	9333041.5	L1ME2z:L1:LINE	1533	94	177.81	189	94.08
VC35C-Ctrl-54799820	9333041.5	RLTR9A:ERVK:LTR	648	32	177.20	203	87.29
VC35C-Ctrl-54799820	9333041.5	BGLII_B:ERVK:LTR	960	47	175.22	182	96.27
VC35C-Ctrl-54799820	9333041.5	X7B_LINE:CR1:LINE	162	32	174.66	163	107.15
VC35C-Ctrl-54799820	9333041.5	L1MA5A:L1:LINE	1231	33	172.10	184	93.53
VC35C-Ctrl-54799820	9333041.5	RLTR20C2_MM:ERVK:LTR	3620	72	169.62	193	87.89
VC35C-Ctrl-54799820	9333041.5	LTR10_RN:ERVK:LTR	546	47	168.88	172	98.18
VC35C-Ctrl-54799820	9333041.5	MMAR1:TcMar-Mariner:DNA	309	43	167.51	177	94.64
VC35C-Ctrl-54799820	9333041.5	Charlie2b:hAT-Charlie:DNA	884	82	166.56	172	96.84
VC35C-Ctrl-54799820	9333041.5	MER46C:TcMar-Tigger:DNA	788	96	166.49	170	97.93
VC35C-Ctrl-54799820	9333041.5	MER103C:hAT-Charlie:DNA	1072	112	165.50	169	97.93
VC35C-Ctrl-54799820	9333041.5	RLTR19:ERVK:LTR	944	34	164.27	168	97.78
VC35C-Ctrl-54799820	9333041.5	RLTR44C:ERVK:LTR	198	23	163.22	175	93.27
VC35C-Ctrl-54799820	9333041.5	MLT-int:ERVL-MaLR:LTR	846	67	162.42	175	92.81
VC35C-Ctrl-54799820	9333041.5	LTR78B:ERV1:LTR	405	127	161.64	163	99.17
VC35C-Ctrl-54799820	9333041.5	RLTR41C:ERV1:LTR	157	102	160.64	164	97.95
VC35C-Ctrl-54799820	9333041.5	RMER2:ERV1:LTR	2358	47	159.96	169	94.65
VC35C-Ctrl-54799820	9333041.5	AmnSINE2:Deu:SINE	391	129	159.83	163	98.06
VC35C-Ctrl-54799820	9333041.5	LTR40b:ERVL:LTR	577	39	159.42	141	113.06
VC35C-Ctrl-54799820	9333041.5	RLTR16:ERVK:LTR	1350	39	159.31	163	97.74
VC35C-Ctrl-54799820	9333041.5	L1M3e:L1:LINE	652	70	159.21	163	97.67
VC35C-Ctrl-54799820	9333041.5	LTR82A:ERVL:LTR	341	61	158.69	158	100.44
VC35C-Ctrl-54799820	9333041.5	MER31B:ERV1:LTR	558	51	157.80	162	97.41
VC35C-Ctrl-54799820	9333041.5	RMER12B:ERVK:LTR	1011	28	154.31	156	98.92
VC35C-Ctrl-54799820	9333041.5	ORR1B2-int:ERVL-MaLR:LTR	857	20	154.01	163	94.49
VC35C-Ctrl-54799820	9333041.5	RLTR45:ERVK:LTR	1557	19	153.75	174	88.36
VC35C-Ctrl-54799820	9333041.5	ERVB2_1A-I_MM-int:ERVK:LTR	289	35	152.97	163	93.84
VC35C-Ctrl-54799820	9333041.5	Tigger12:TcMar-Tigger:DNA	155	115	152.01	149	102.02
VC35C-Ctrl-54799820	9333041.5	RLTR30D2_MM:ERV1:LTR	741	33	151.75	154	98.54
VC35C-Ctrl-54799820	9333041.5	RLTR24:ERV1:LTR	1240	44	151.69	172	88.19
VC35C-Ctrl-54799820	9333041.5	L1ME3G:L1:LINE	1161	58	147.22	150	98.15
VC35C-Ctrl-54799820	9333041.5	RMER17C2:ERVK:LTR	3413	69	146.77	159	92.31
VC35C-Ctrl-54799820	9333041.5	RLTR17D_Mm:ERVK:LTR	1225	26	144.32	151	95.58
VC35C-Ctrl-54799820	9333041.5	Charlie4a:hAT-Charlie:DNA	1121	68	143.92	161	89.39
VC35C-Ctrl-54799820	9333041.5	ERVB4_1B-LTR_MM:ERVK:LTR	648	99	143.33	142	100.93
VC35C-Ctrl-54799820	9333041.5	L4_A_Mam:RTE-X:LINE	630	111	143.00	145	98.62
VC35C-Ctrl-54799820	9333041.5	RLTR51A_Mm:ERVK?:LTR	3523	80	140.32	152	92.31
VC35C-Ctrl-54799820	9333041.5	MT-int:ERVL-MaLR:LTR	438	19	140.21	463	30.28
VC35C-Ctrl-54799820	9333041.5	MLTR73:ERV1:LTR	956	89	140.00	143	97.90
VC35C-Ctrl-54799820	9333041.5	IAPEY3-int:ERVK:LTR	2345	6	138.13	145	95.27
VC35C-Ctrl-54799820	9333041.5	RMER6BA:ERVK:LTR	957	49	137.76	155	88.88
VC35C-Ctrl-54799820	9333041.5	MamTip2:hAT-Tip100:DNA	892	104	136.96	140	97.83
VC35C-Ctrl-54799820	9333041.5	RMER20C_Mm:ERVK:LTR	1595	35	136.18	144	94.57
VC35C-Ctrl-54799820	9333041.5	RLTR11C_MM:ERVK:LTR	858	41	135.68	143	94.88
VC35C-Ctrl-54799820	9333041.5	MLT1G3:ERVL-MaLR:LTR	1075	62	135.51	145	93.46
VC35C-Ctrl-54799820	9333041.5	MLT2B2:ERVL:LTR	1351	52	135.43	138	98.14
VC35C-Ctrl-54799820	9333041.5	MLTR18A_MM:ERVK:LTR	299	27	134.94	146	92.42
VC35C-Ctrl-54799820	9333041.5	Charlie24:hAT-Charlie:DNA	374	57	133.57	137	97.49
VC35C-Ctrl-54799820	9333041.5	IAPLTR2a2_Mm:ERVK:LTR	1541	19	132.99	138	96.37
VC35C-Ctrl-54799820	9333041.5	RLTR13D5:ERVK:LTR	745	35	132.67	142	93.43
VC35C-Ctrl-54799820	9333041.5	Charlie15a:hAT-Charlie:DNA	217	69	131.53	132	99.64
VC35C-Ctrl-54799820	9333041.5	L1ME3B:L1:LINE	735	46	131.27	136	96.53
VC35C-Ctrl-54799820	9333041.5	MTE2a-int:ERVL-MaLR:LTR	795	33	130.75	160	81.72
VC35C-Ctrl-54799820	9333041.5	RLTR26C_MM:ERVK:LTR	454	83	128.64	131	98.20
VC35C-Ctrl-54799820	9333041.5	MLTR18D_MM:ERVK:LTR	620	33	127.96	130	98.43
VC35C-Ctrl-54799820	9333041.5	ERVL-B4-int:ERVL:LTR	1384	33	127.91	143	89.45
VC35C-Ctrl-54799820	9333041.5	RLTR12A:ERVK:LTR	829	27	127.51	136	93.75
VC35C-Ctrl-54799820	9333041.5	ORR1C1-int:ERVL-MaLR:LTR	783	13	127.19	134	94.92
VC35C-Ctrl-54799820	9333041.5	RLTR1A2_MM:ERV1:LTR	406	14	126.62	129	98.15
VC35C-Ctrl-54799820	9333041.5	MLTR31F_MM:ERVK:LTR	403	76	126.39	125	101.11
VC35C-Ctrl-54799820	9333041.5	MER112:hAT-Charlie:DNA	358	81	125.83	129	97.55
VC35C-Ctrl-54799820	9333041.5	IAP-d-int:ERVK:LTR	1323	6	125.00	128	97.65
VC35C-Ctrl-54799820	9333041.5	L1M2b:L1:LINE	16	86	125.00	125	100.00
VC35C-Ctrl-54799820	9333041.5	RLTR20B3A_MM:ERVK:LTR	843	53	124.50	130	95.77
VC35C-Ctrl-54799820	9333041.5	RMER21B:ERV1:LTR	1252	49	123.46	132	93.53
VC35C-Ctrl-54799820	9333041.5	RLTR48A:ERV1:LTR	635	12	122.44	127	96.41
VC35C-Ctrl-54799820	9333041.5	MER31A:ERV1:LTR	707	47	121.65	129	94.30
VC35C-Ctrl-54799820	9333041.5	MLT1E1A:ERVL-MaLR:LTR	1154	46	121.55	125	97.24
VC35C-Ctrl-54799820	9333041.5	IAPLTR2b:ERVK:LTR	1017	31	121.41	157	77.33
VC35C-Ctrl-54799820	9333041.5	RLTR30D_RN:ERV1:LTR	64	34	121.22	130	93.25
VC35C-Ctrl-54799820	9333041.5	Lx2A1:L1:LINE	2739	43	120.96	141	85.78
VC35C-Ctrl-54799820	9333041.5	RLTR13C3:ERVK:LTR	538	31	120.17	125	96.14
VC35C-Ctrl-54799820	9333041.5	MER102b:hAT-Charlie:DNA	507	69	119.72	122	98.13
VC35C-Ctrl-54799820	9333041.5	HAL1M8:L1:LINE	710	41	119.28	124	96.19
VC35C-Ctrl-54799820	9333041.5	MLT2F:ERVL:LTR	574	51	119.12	122	97.64
VC35C-Ctrl-54799820	9333041.5	MER117:hAT-Charlie:DNA	745	100	119.07	121	98.40
VC35C-Ctrl-54799820	9333041.5	MLT1H-int:ERVL-MaLR:LTR	379	89	118.75	120	98.96
VC35C-Ctrl-54799820	9333041.5	RLTR18-int:ERVK:LTR	506	20	118.70	120	98.91
VC35C-Ctrl-54799820	9333041.5	Charlie12:hAT-Charlie:DNA	902	51	118.58	126	94.11
VC35C-Ctrl-54799820	9333041.5	MLT2D:ERVL:LTR	1567	56	115.02	119	96.66
VC35C-Ctrl-54799820	9333041.5	MLT2B5:ERVL:LTR	442	75	115.00	117	98.29
VC35C-Ctrl-54799820	9333041.5	RLTR34B_MM:ERVK:LTR	527	29	114.33	119	96.07
VC35C-Ctrl-54799820	9333041.5	MMERVK10D3_I-int:ERVK:LTR	458	9	113.23	121	93.57
VC35C-Ctrl-54799820	9333041.5	MamRep605:LTR?:LTR?	629	60	112.11	114	98.34
VC35C-Ctrl-54799820	9333041.5	ERVB4_1B-I_MM-int:ERVK:LTR	1368	9	111.88	133	84.12
VC35C-Ctrl-54799820	9333041.5	RMER13A:ERVK:LTR	1010	29	111.67	120	93.06
VC35C-Ctrl-54799820	9333041.5	RLTR13C1:ERVK:LTR	309	12	109.86	119	92.32
VC35C-Ctrl-54799820	9333041.5	MTE2b-int:ERVL-MaLR:LTR	729	12	108.65	112	97.01
VC35C-Ctrl-54799820	9333041.5	CR1_Mam:CR1:LINE	257	55	108.12	110	98.29
VC35C-Ctrl-54799820	9333041.5	RLTR13A3:ERVK:LTR	243	18	107.73	116	92.87
VC35C-Ctrl-54799820	9333041.5	RLTR13A:ERVK:LTR	211	56	107.62	134	80.31
VC35C-Ctrl-54799820	9333041.5	Tigger17c:TcMar-Tigger:DNA	649	38	106.90	111	96.31
VC35C-Ctrl-54799820	9333041.5	RLTR16C_MM:ERVK:LTR	360	14	106.86	113	94.57
VC35C-Ctrl-54799820	9333041.5	MERVK26-int:ERVK:LTR	1001	14	105.67	113	93.51
VC35C-Ctrl-54799820	9333041.5	RLTR9A3:ERVK:LTR	774	31	105.02	115	91.32
VC35C-Ctrl-54799820	9333041.5	MTB_Mm-int:ERVL-MaLR:LTR	379	6	104.39	113	92.38
VC35C-Ctrl-54799820	9333041.5	IAPLTR1a_Mm:ERVK:LTR	1786	9	103.26	150	68.84
VC35C-Ctrl-54799820	9333041.5	RLTR10E:ERVK:LTR	227	19	103.08	86	119.86
VC35C-Ctrl-54799820	9333041.5	IAPLTR3-int:ERVK:LTR	1773	10	102.54	115	89.16
VC35C-Ctrl-54799820	9333041.5	MLT2B1:ERVL:LTR	1637	32	102.50	105	97.62
VC35C-Ctrl-54799820	9333041.5	BGLII_Mur:ERVK:LTR	611	21	102.48	112	91.50
VC35C-Ctrl-54799820	9333041.5	RLTR4_Mm:ERV1:LTR	239	5	101.78	97	104.93
VC35C-Ctrl-54799820	9333041.5	MLT2B4:ERVL:LTR	1871	31	100.85	105	96.05
VC35C-Ctrl-54799820	9333041.5	MER44C:TcMar-Tigger:DNA	185	24	99.87	106	94.22
VC35C-Ctrl-54799820	9333041.5	Charlie4z:hAT-Charlie:DNA	431	74	99.64	105	94.89
VC35C-Ctrl-54799820	9333041.5	MLT1E3:ERVL-MaLR:LTR	1020	45	98.56	99	99.56
VC35C-Ctrl-54799820	9333041.5	MLT1I:ERVL-MaLR:LTR	1777	51	98.09	102	96.16
VC35C-Ctrl-54799820	9333041.5	RMER17D2:ERVK:LTR	1783	25	97.40	101	96.44
VC35C-Ctrl-54799820	9333041.5	RLTR20A3_MM:ERVK:LTR	880	23	97.30	101	96.34
VC35C-Ctrl-54799820	9333041.5	RLTR31C_MM:ERVK:LTR	726	35	96.38	122	79.00
VC35C-Ctrl-54799820	9333041.5	MER74A:ERVL:LTR	731	51	96.34	99	97.31
VC35C-Ctrl-54799820	9333041.5	5S:rRNA:rRNA	1038	69	96.33	106	90.88
VC35C-Ctrl-54799820	9333041.5	L1ME4c:L1:LINE	968	68	96.00	96	100.00
VC35C-Ctrl-54799820	9333041.5	MTEb-int:ERVL-MaLR:LTR	635	10	95.67	96	99.65
VC35C-Ctrl-54799820	9333041.5	RLTR30E_MM:ERV1:LTR	320	36	95.67	98	97.62
VC35C-Ctrl-54799820	9333041.5	RLTR20B2:ERVK:LTR	880	28	95.36	101	94.41
VC35C-Ctrl-54799820	9333041.5	LTR41:ERVL:LTR	506	51	95.00	96	98.96
VC35C-Ctrl-54799820	9333041.5	Charlie18a:hAT-Charlie:DNA	242	60	93.82	96	97.73
VC35C-Ctrl-54799820	9333041.5	RLTR24B_MM:ERV1:LTR	1018	45	93.16	98	95.06
VC35C-Ctrl-54799820	9333041.5	MER113:hAT-Charlie:DNA	643	56	92.50	94	98.40
VC35C-Ctrl-54799820	9333041.5	LTR16A:ERVL:LTR	1472	37	92.00	94	97.87
VC35C-Ctrl-54799820	9333041.5	MMERGLN_LTR:ERV1:LTR	435	16	91.65	88	104.15
VC35C-Ctrl-54799820	9333041.5	IAPLTR2a:ERVK:LTR	627	11	91.18	116	78.61
VC35C-Ctrl-54799820	9333041.5	MuLV-int:ERV1:LTR	392	67	90.24	122	73.97
VC35C-Ctrl-54799820	9333041.5	RMER16C:ERVK:LTR	190	20	89.54	91	98.40
VC35C-Ctrl-54799820	9333041.5	MER77B:ERVL:LTR	505	39	89.19	92	96.94
VC35C-Ctrl-54799820	9333041.5	RLTR53_Mm:ERVK:LTR	481	31	88.31	94	93.95
VC35C-Ctrl-54799820	9333041.5	MER45B:hAT-Tip100:DNA	688	29	87.60	90	97.33
VC35C-Ctrl-54799820	9333041.5	MamRep137:TcMar-Tigger:DNA	339	64	87.00	87	100.00
VC35C-Ctrl-54799820	9333041.5	MER77:ERVL:LTR	570	33	86.50	88	98.30
VC35C-Ctrl-54799820	9333041.5	ERVB3_1-I_MM-int:ERVK:LTR	134	15	86.13	85	101.33
VC35C-Ctrl-54799820	9333041.5	MLT2B3:ERVL:LTR	1483	26	86.07	92	93.55
VC35C-Ctrl-54799820	9333041.5	X9_LINE:L1?:LINE	52	82	86.00	86	100.00
VC35C-Ctrl-54799820	9333041.5	tRNA-Gln-CAG:tRNA:tRNA	25	73	84.00	84	100.00
VC35C-Ctrl-54799820	9333041.5	RLTR20A:ERVK:LTR	361	36	83.00	85	97.65
VC35C-Ctrl-54799820	9333041.5	Lx2A:L1:LINE	1364	11	82.79	195	42.45
VC35C-Ctrl-54799820	9333041.5	tRNA-Leu-TTA:tRNA:tRNA	18	29	82.00	82	100.00
VC35C-Ctrl-54799820	9333041.5	MLT1E:ERVL-MaLR:LTR	534	21	81.65	91	89.72
VC35C-Ctrl-54799820	9333041.5	MER119:hAT-Charlie:DNA	404	36	81.33	85	95.69
VC35C-Ctrl-54799820	9333041.5	RLTR10A:ERVK:LTR	800	44	80.79	90	89.77
VC35C-Ctrl-54799820	9333041.5	L1ME3D:L1:LINE	323	35	80.50	82	98.17
VC35C-Ctrl-54799820	9333041.5	RLTR1C:ERV1:LTR	697	9	80.49	79	101.89
VC35C-Ctrl-54799820	9333041.5	BGLII_B2:ERVK:LTR	359	35	80.15	84	95.41
VC35C-Ctrl-54799820	9333041.5	ERVL-E-int:ERVL:LTR	1044	38	80.00	81	98.77
VC35C-Ctrl-54799820	9333041.5	RNERVK23-int:ERVK:LTR	45	24	79.68	107	74.47
VC35C-Ctrl-54799820	9333041.5	IAPLTR4:ERVK:LTR	663	8	79.47	81	98.11
VC35C-Ctrl-54799820	9333041.5	MER57D:ERV1:LTR	300	35	78.65	78	100.84
VC35C-Ctrl-54799820	9333041.5	ERVB4_2-I_MM-int:ERVK:LTR	313	4	78.27	394	19.87
VC35C-Ctrl-54799820	9333041.5	MLT1H2:ERVL-MaLR:LTR	1034	38	78.23	82	95.41
VC35C-Ctrl-54799820	9333041.5	RLTR13D2:ERVK:LTR	270	13	78.22	81	96.57
VC35C-Ctrl-54799820	9333041.5	IAPEY_LTR:ERVK:LTR	1410	43	77.59	80	96.98
VC35C-Ctrl-54799820	9333041.5	MLTR13:ERVK:LTR	205	12	77.47	87	89.04
VC35C-Ctrl-54799820	9333041.5	tRNA-Glu-GAG_:tRNA:tRNA	39	22	76.69	72	106.51
VC35C-Ctrl-54799820	9333041.5	tRNA-Tyr-TAC:tRNA:tRNA	20	53	76.00	76	100.00
VC35C-Ctrl-54799820	9333041.5	MLT1G:ERVL-MaLR:LTR	896	35	75.99	78	97.42
VC35C-Ctrl-54799820	9333041.5	MER44D:TcMar-Tigger:DNA	940	35	75.67	81	93.42
VC35C-Ctrl-54799820	9333041.5	ERVB7_2-LTR_MM:ERVK:LTR	425	45	74.66	81	92.18
VC35C-Ctrl-54799820	9333041.5	Tigger9b:TcMar-Tigger:DNA	360	33	74.49	82	90.84
VC35C-Ctrl-54799820	9333041.5	HERVL40-int:ERVL:LTR	204	42	73.94	77	96.03
VC35C-Ctrl-54799820	9333041.5	RLTR19C:ERVK:LTR	248	15	73.79	75	98.39
VC35C-Ctrl-54799820	9333041.5	RLTR13D3:ERVK:LTR	339	16	73.65	74	99.52
VC35C-Ctrl-54799820	9333041.5	MLTR18_MM:ERVK:LTR	427	16	73.46	76	96.66
VC35C-Ctrl-54799820	9333041.5	MuRRS-int:ERV1:LTR	996	2	72.76	75	97.01
VC35C-Ctrl-54799820	9333041.5	RLTR20B5_MM:ERVK:LTR	868	17	72.12	79	91.29
VC35C-Ctrl-54799820	9333041.5	LTR88c:Gypsy?:LTR	118	28	72.01	76	94.75
VC35C-Ctrl-54799820	9333041.5	Zaphod2:hAT-Tip100:DNA	169	11	72.00	72	100.00
VC35C-Ctrl-54799820	9333041.5	MLT1H1:ERVL-MaLR:LTR	1001	33	71.82	76	94.50
VC35C-Ctrl-54799820	9333041.5	RLTR13A1:ERVK:LTR	205	2	71.54	72	99.36
VC35C-Ctrl-54799820	9333041.5	Charlie16a:hAT-Charlie:DNA	197	39	71.00	71	100.00
VC35C-Ctrl-54799820	9333041.5	RLTR11D:ERVK:LTR	529	25	70.92	73	97.15
VC35C-Ctrl-54799820	9333041.5	tRNA-Gly-GGA:tRNA:tRNA	86	26	70.70	67	105.53
VC35C-Ctrl-54799820	9333041.5	LTRIS3:ERV1:LTR	165	14	70.52	81	87.07
VC35C-Ctrl-54799820	9333041.5	BGLII_Mus:ERVK:LTR	615	26	70.38	75	93.84
VC35C-Ctrl-54799820	9333041.5	Kanga1:TcMar-Tc2:DNA	321	24	70.30	73	96.31
VC35C-Ctrl-54799820	9333041.5	MLTR12:ERV1:LTR	477	27	70.24	79	88.91
VC35C-Ctrl-54799820	9333041.5	MER102a:hAT-Charlie:DNA	386	38	70.00	72	97.22
VC35C-Ctrl-54799820	9333041.5	ERVB7_3-LTR_MM:ERVK:LTR	319	12	69.61	73	95.36
VC35C-Ctrl-54799820	9333041.5	Plat_L3:CR1:LINE	579	45	68.73	69	99.61
VC35C-Ctrl-54799820	9333041.5	LTR45:ERV1:LTR	31	9	68.72	94	73.10
VC35C-Ctrl-54799820	9333041.5	RLTR31_Mur:ERVK:LTR	354	18	68.54	70	97.92
VC35C-Ctrl-54799820	9333041.5	LTRIS_Mm:ERV1:LTR	555	6	68.40	67	102.08
VC35C-Ctrl-54799820	9333041.5	RLTR13B3:ERVK:LTR	265	14	68.36	74	92.38
VC35C-Ctrl-54799820	9333041.5	MLTR31FA_MM:ERVK:LTR	525	11	68.10	72	94.58
VC35C-Ctrl-54799820	9333041.5	MER34:ERV1:LTR	737	28	67.57	68	99.36
VC35C-Ctrl-54799820	9333041.5	Tigger13a:TcMar-Tigger:DNA	645	27	67.13	70	95.89
VC35C-Ctrl-54799820	9333041.5	Charlie2a:hAT-Charlie:DNA	505	30	67.05	69	97.18
VC35C-Ctrl-54799820	9333041.5	LTR40a:ERVL:LTR	709	31	67.00	68	98.53
VC35C-Ctrl-54799820	9333041.5	MER44A:TcMar-Tigger:DNA	661	40	67.00	70	95.71
VC35C-Ctrl-54799820	9333041.5	MER47B:TcMar-Tigger:DNA	509	28	67.00	70	95.71
VC35C-Ctrl-54799820	9333041.5	Charlie7:hAT-Charlie:DNA	844	38	66.85	70	95.50
VC35C-Ctrl-54799820	9333041.5	Kanga2_a:TcMar-Tc2:DNA	356	37	66.57	70	95.09
VC35C-Ctrl-54799820	9333041.5	MLTR18C_MM:ERVK:LTR	468	8	66.17	74	89.42
VC35C-Ctrl-54799820	9333041.5	L1M4a2:L1:LINE	736	32	65.97	68	97.01
VC35C-Ctrl-54799820	9333041.5	MER68B:ERVL:LTR	237	37	65.77	66	99.65
VC35C-Ctrl-54799820	9333041.5	LTR33:ERVL:LTR	1466	27	65.01	69	94.22
VC35C-Ctrl-54799820	9333041.5	RMER16A3:ERVK:LTR	699	13	64.88	84	77.23
VC35C-Ctrl-54799820	9333041.5	LTRIS4A:ERV1:LTR	228	7	64.04	61	104.99
VC35C-Ctrl-54799820	9333041.5	tRNA-Asp-GAY:tRNA:tRNA	33	23	63.42	60	105.70
VC35C-Ctrl-54799820	9333041.5	ORR1F-int:ERVL-MaLR:LTR	395	7	63.16	66	95.70
VC35C-Ctrl-54799820	9333041.5	RLTR19A:ERVK:LTR	153	23	62.79	67	93.72
VC35C-Ctrl-54799820	9333041.5	LTR48:ERV1:LTR	651	45	62.50	63	99.21
VC35C-Ctrl-54799820	9333041.5	MLT2C1:ERVL:LTR	872	35	62.50	64	97.66
VC35C-Ctrl-54799820	9333041.5	Tigger18a:TcMar-Tigger:DNA	240	28	62.50	63	99.21
VC35C-Ctrl-54799820	9333041.5	RLTR51B_Mm:ERVK?:LTR	662	26	62.38	65	95.98
VC35C-Ctrl-54799820	9333041.5	MLT1J1:ERVL-MaLR:LTR	1135	25	62.36	72	86.62
VC35C-Ctrl-54799820	9333041.5	L1MEb:L1:LINE	352	34	62.09	82	75.72
VC35C-Ctrl-54799820	9333041.5	RLTR20B3:ERVK:LTR	974	23	61.13	62	98.60
VC35C-Ctrl-54799820	9333041.5	MLT1E1:ERVL-MaLR:LTR	576	23	61.03	65	93.90
VC35C-Ctrl-54799820	9333041.5	RLTR26D_MM:ERVK:LTR	247	13	60.65	64	94.76
VC35C-Ctrl-54799820	9333041.5	MER92B:ERV1:LTR	238	33	60.00	62	96.77
VC35C-Ctrl-54799820	9333041.5	LTR16C:ERVL:LTR	1352	28	59.75	61	97.96
VC35C-Ctrl-54799820	9333041.5	Tigger16b:TcMar-Tigger:DNA	197	29	59.50	61	97.54
VC35C-Ctrl-54799820	9333041.5	IAPEY2_LTR:ERVK:LTR	1062	12	59.41	66	90.02
VC35C-Ctrl-54799820	9333041.5	RLTR13B4:ERVK:LTR	412	23	59.09	61	96.87
VC35C-Ctrl-54799820	9333041.5	MER34A:ERV1:LTR	694	32	58.93	63	93.54
VC35C-Ctrl-54799820	9333041.5	RMER16B2:ERVK:LTR	329	14	58.83	70	84.04
VC35C-Ctrl-54799820	9333041.5	MER104:TcMar-Tc2:DNA	295	39	58.50	60	97.50
VC35C-Ctrl-54799820	9333041.5	MURVY-int:ERV1:LTR	544	0	58.46	61	95.84
VC35C-Ctrl-54799820	9333041.5	HAL1b:L1:LINE	763	25	58.41	61	95.76
VC35C-Ctrl-54799820	9333041.5	Tigger17:TcMar-Tigger:DNA	315	22	58.29	67	87.00
VC35C-Ctrl-54799820	9333041.5	RMER6-int:ERVK:LTR	607	10	57.83	58	99.71
VC35C-Ctrl-54799820	9333041.5	MER102c:hAT-Charlie:DNA	363	34	57.67	63	91.54
VC35C-Ctrl-54799820	9333041.5	LTR101_Mam:ERVL:LTR	157	36	57.00	57	100.00
VC35C-Ctrl-54799820	9333041.5	ERVB4_1-I_MM-int:ERVK:LTR	296	3	56.50	57	99.12
VC35C-Ctrl-54799820	9333041.5	RMER16:ERVK:LTR	471	15	56.48	58	97.39
VC35C-Ctrl-54799820	9333041.5	RLTR6_Mm:ERV1:LTR	237	5	56.22	55	102.22
VC35C-Ctrl-54799820	9333041.5	RLTR30:ERV1:LTR	390	20	56.07	58	96.68
VC35C-Ctrl-54799820	9333041.5	LTR87:ERVL?:LTR	214	32	56.03	57	98.30
VC35C-Ctrl-54799820	9333041.5	Ricksha_c:MULE-MuDR:DNA	405	29	55.28	68	81.29
VC35C-Ctrl-54799820	9333041.5	RLTR20A2:ERVK:LTR	368	9	55.16	57	96.78
VC35C-Ctrl-54799820	9333041.5	Charlie15b:hAT-Charlie:DNA	272	25	55.08	57	96.63
VC35C-Ctrl-54799820	9333041.5	RLTR6B_Mm:ERV1:LTR	646	2	54.35	59	92.12
VC35C-Ctrl-54799820	9333041.5	RLTR10D:ERVK:LTR	491	8	54.10	55	98.36
VC35C-Ctrl-54799820	9333041.5	MER91B:hAT-Tip100:DNA	229	41	54.00	54	100.00
VC35C-Ctrl-54799820	9333041.5	IAPEy-int:ERVK:LTR	755	0	53.53	49	109.25
VC35C-Ctrl-54799820	9333041.5	BLACKJACK:hAT-Blackjack:DNA	716	17	53.50	55	97.27
VC35C-Ctrl-54799820	9333041.5	RLTR9D2:ERVK:LTR	194	18	52.92	56	94.50
VC35C-Ctrl-54799820	9333041.5	MER81:hAT-Blackjack:DNA	512	41	52.69	56	94.09
VC35C-Ctrl-54799820	9333041.5	L1M1:L1:LINE	881	16	52.30	59	88.65
VC35C-Ctrl-54799820	9333041.5	RLTR8:ERVK:LTR	241	16	51.98	55	94.50
VC35C-Ctrl-54799820	9333041.5	Arthur1:hAT-Tip100:DNA	920	18	51.65	59	87.54
VC35C-Ctrl-54799820	9333041.5	RLTR41A2:ERV1:LTR	440	6	51.53	60	85.88
VC35C-Ctrl-54799820	9333041.5	MER45A:hAT-Tip100:DNA	769	38	51.50	52	99.04
VC35C-Ctrl-54799820	9333041.5	MLT1N2:ERVL-MaLR:LTR	692	27	51.50	52	99.04
VC35C-Ctrl-54799820	9333041.5	X6B_LINE:CR1:LINE	274	46	51.35	52	98.76
VC35C-Ctrl-54799820	9333041.5	MLTR25C:ERVK:LTR	504	17	51.12	53	96.46
VC35C-Ctrl-54799820	9333041.5	Charlie10:hAT-Charlie:DNA	371	17	51.00	52	98.08
VC35C-Ctrl-54799820	9333041.5	Charlie17b:hAT-Charlie:DNA	130	24	51.00	51	100.00
VC35C-Ctrl-54799820	9333041.5	L1MDb:L1:LINE	583	24	51.00	54	94.44
VC35C-Ctrl-54799820	9333041.5	LTR40c:ERVL:LTR	248	32	51.00	52	98.08
VC35C-Ctrl-54799820	9333041.5	MER63D:hAT-Blackjack:DNA	1034	26	50.07	55	91.04
VC35C-Ctrl-54799820	9333041.5	RLTR26:ERVK:LTR	408	9	49.89	51	97.83
VC35C-Ctrl-54799820	9333041.5	tRNA-Gly-GGY:tRNA:tRNA	52	15	49.52	46	107.64
VC35C-Ctrl-54799820	9333041.5	HERVL74-int:ERVL:LTR	149	21	49.17	53	92.77
VC35C-Ctrl-54799820	9333041.5	MER58D:hAT-Charlie:DNA	292	35	49.00	50	98.00
VC35C-Ctrl-54799820	9333041.5	RLTR44E:ERVK:LTR	122	9	48.92	49	99.84
VC35C-Ctrl-54799820	9333041.5	RLTR13D3A:ERVK:LTR	162	16	48.64	49	99.26
VC35C-Ctrl-54799820	9333041.5	MLTR31D_MM:ERVK:LTR	318	12	48.48	50	96.96
VC35C-Ctrl-54799820	9333041.5	Kanga1c:TcMar-Tc2:DNA	184	27	48.05	48	100.10
VC35C-Ctrl-54799820	9333041.5	RLTR27:ERVK:LTR	1621	13	48.03	60	80.05
VC35C-Ctrl-54799820	9333041.5	RLTR10B2:ERVK:LTR	854	15	48.00	53	90.57
VC35C-Ctrl-54799820	9333041.5	RLTR30D_MM:ERV1:LTR	268	11	47.95	50	95.89
VC35C-Ctrl-54799820	9333041.5	LTR67B:ERVL:LTR	632	22	47.66	51	93.45
VC35C-Ctrl-54799820	9333041.5	RLTR1D:ERV1:LTR	305	12	47.64	47	101.35
VC35C-Ctrl-54799820	9333041.5	LTR41B:ERVL:LTR	290	31	47.42	53	89.46
VC35C-Ctrl-54799820	9333041.5	RMER16_Mm:ERVK:LTR	435	15	47.00	50	94.00
VC35C-Ctrl-54799820	9333041.5	Tigger16a:TcMar-Tigger:DNA	290	29	47.00	47	100.00
VC35C-Ctrl-54799820	9333041.5	RLTR1D2_MM:ERV1:LTR	192	5	46.94	47	99.87
VC35C-Ctrl-54799820	9333041.5	ERVB7_2B-LTR_MM:ERVK:LTR	710	9	46.84	55	85.16
VC35C-Ctrl-54799820	9333041.5	LTR33A:ERVL:LTR	504	22	46.36	47	98.64
VC35C-Ctrl-54799820	9333041.5	RLTR28B:ERVL:LTR	428	11	45.41	49	92.67
VC35C-Ctrl-54799820	9333041.5	IAPEY4_LTR:ERVK:LTR	95	4	45.14	49	92.11
VC35C-Ctrl-54799820	9333041.5	tRNA-Gln-CAA_:tRNA:tRNA	4	40	45.00	45	100.00
VC35C-Ctrl-54799820	9333041.5	RMER16A2:ERVK:LTR	273	6	44.63	233	19.16
VC35C-Ctrl-54799820	9333041.5	L1M7:L1:LINE	207	21	44.10	46	95.87
VC35C-Ctrl-54799820	9333041.5	RLTR12G:ERVK:LTR	238	5	44.08	45	97.96
VC35C-Ctrl-54799820	9333041.5	L4_C_Mam:RTE-X:LINE	590	22	44.00	44	100.00
VC35C-Ctrl-54799820	9333041.5	RLTR26B_MM:ERVK:LTR	507	7	43.82	44	99.59
VC35C-Ctrl-54799820	9333041.5	LTR33C:ERVL:LTR	232	28	43.38	42	103.28
VC35C-Ctrl-54799820	9333041.5	MER96B:hAT-Tip100:DNA	410	20	43.33	46	94.20
VC35C-Ctrl-54799820	9333041.5	BGLII_A:ERVK:LTR	292	16	43.14	48	89.88
VC35C-Ctrl-54799820	9333041.5	MER63C:hAT-Blackjack:DNA	414	7	43.07	47	91.65
VC35C-Ctrl-54799820	9333041.5	L1MCc:L1:LINE	529	18	43.05	47	91.59
VC35C-Ctrl-54799820	9333041.5	tRNA-Lys-AAG:tRNA:tRNA	184	30	43.02	45	95.60
VC35C-Ctrl-54799820	9333041.5	L1ME3E:L1:LINE	327	17	42.72	46	92.88
VC35C-Ctrl-54799820	9333041.5	RLTR20A2B_MM:ERVK:LTR	438	12	42.67	46	92.75
VC35C-Ctrl-54799820	9333041.5	L1ME3F:L1:LINE	308	10	42.50	45	94.44
VC35C-Ctrl-54799820	9333041.5	MER99:hAT?:DNA	198	8	42.50	43	98.84
VC35C-Ctrl-54799820	9333041.5	MLT1-int:ERVL-MaLR:LTR	285	16	42.34	46	92.04
VC35C-Ctrl-54799820	9333041.5	Looper:PiggyBac:DNA	209	13	41.76	47	88.85
VC35C-Ctrl-54799820	9333041.5	MLT2C2:ERVL:LTR	651	12	41.50	43	96.51
VC35C-Ctrl-54799820	9333041.5	MLTR31C_MM:ERVK:LTR	227	12	41.44	42	98.66
VC35C-Ctrl-54799820	9333041.5	RLTR9F:ERVK:LTR	411	11	41.41	47	88.12
VC35C-Ctrl-54799820	9333041.5	MLT1D-int:ERVL-MaLR:LTR	176	9	41.25	45	91.66
VC35C-Ctrl-54799820	9333041.5	Tigger2b:TcMar-Tigger:DNA	176	18	41.14	44	93.49
VC35C-Ctrl-54799820	9333041.5	L1M:L1:LINE	459	26	40.83	42	97.22
VC35C-Ctrl-54799820	9333041.5	RLTR30B_MM:ERV1:LTR	283	9	40.76	42	97.04
VC35C-Ctrl-54799820	9333041.5	SRV_MM-int:ERVK:LTR	129	15	40.55	40	101.36
VC35C-Ctrl-54799820	9333041.5	RLTR13F:ERVK:LTR	98	12	40.28	41	98.25
VC35C-Ctrl-54799820	9333041.5	MLT1F-int:ERVL-MaLR:LTR	417	16	40.03	42	95.31
VC35C-Ctrl-54799820	9333041.5	LTR104_Mam:Gypsy:LTR	254	33	40.00	40	100.00
VC35C-Ctrl-54799820	9333041.5	tRNA-Ser-TCG:tRNA:tRNA	5	25	40.00	40	100.00
VC35C-Ctrl-54799820	9333041.5	tRNA-Asn-AAC:tRNA:tRNA	27	19	39.97	39	102.49
VC35C-Ctrl-54799820	9333041.5	MER63B:hAT-Blackjack:DNA	701	25	39.53	44	89.85
VC35C-Ctrl-54799820	9333041.5	MER90a:ERV1:LTR	581	15	39.23	42	93.41
VC35C-Ctrl-54799820	9333041.5	RLTR34C_MM:ERVK:LTR	402	8	39.19	41	95.58
VC35C-Ctrl-54799820	9333041.5	MMTV-int:ERVK:LTR	35	4	38.94	38	102.48
VC35C-Ctrl-54799820	9333041.5	L1MA10:L1:LINE	866	22	38.71	43	90.03
VC35C-Ctrl-54799820	9333041.5	Charlie19a:hAT-Charlie:DNA	240	23	38.50	39	98.72
VC35C-Ctrl-54799820	9333041.5	MER63A:hAT-Blackjack:DNA	635	19	38.50	39	98.72
VC35C-Ctrl-54799820	9333041.5	Tigger14a:TcMar-Tigger:DNA	225	29	38.50	39	98.72
VC35C-Ctrl-54799820	9333041.5	RLTR12H:ERVK:LTR	188	13	38.38	39	98.41
VC35C-Ctrl-54799820	9333041.5	L1M4a1:L1:LINE	607	20	38.17	41	93.09
VC35C-Ctrl-54799820	9333041.5	Arthur1B:hAT-Tip100:DNA	597	16	38.00	39	97.44
VC35C-Ctrl-54799820	9333041.5	LTR16D2:ERVL:LTR	65	23	38.00	38	100.00
VC35C-Ctrl-54799820	9333041.5	LTR37-int:ERV1:LTR	239	14	38.00	38	100.00
VC35C-Ctrl-54799820	9333041.5	MER67B:ERV1:LTR	220	17	38.00	39	97.44
VC35C-Ctrl-54799820	9333041.5	MER91A:hAT-Tip100:DNA	370	29	38.00	38	100.00
VC35C-Ctrl-54799820	9333041.5	MER76:ERVL:LTR	247	15	37.59	37	101.60
VC35C-Ctrl-54799820	9333041.5	Helitron3Na_Mam:Helitron:RC	191	21	37.47	39	96.08
VC35C-Ctrl-54799820	9333041.5	MER113A:hAT-Charlie:DNA	140	20	37.00	37	100.00
VC35C-Ctrl-54799820	9333041.5	RMER17A-int:ERVK:LTR	409	12	36.86	37	99.63
VC35C-Ctrl-54799820	9333041.5	MER54A:ERVL:LTR	273	15	36.65	37	99.05
VC35C-Ctrl-54799820	9333041.5	tRNA-Val-GTG:tRNA:tRNA	25	23	36.63	37	99.01
VC35C-Ctrl-54799820	9333041.5	Tigger9a:TcMar-Tigger:DNA	200	24	36.42	38	95.85
VC35C-Ctrl-54799820	9333041.5	L1M3de:L1:LINE	157	15	36.07	36	100.19
VC35C-Ctrl-54799820	9333041.5	ERVB5_1-I_MM-int:ERVK:LTR	292	5	36.00	35	102.86
VC35C-Ctrl-54799820	9333041.5	tRNA-Ile-ATA:tRNA:tRNA	26	9	36.00	36	100.00
VC35C-Ctrl-54799820	9333041.5	RLTR19B:ERVK:LTR	224	6	35.72	42	85.05
VC35C-Ctrl-54799820	9333041.5	tRNA-Val-GTY:tRNA:tRNA	18	31	35.57	37	96.14
VC35C-Ctrl-54799820	9333041.5	tRNA-Ser-AGY:tRNA:tRNA	15	23	35.50	36	98.61
VC35C-Ctrl-54799820	9333041.5	Ricksha_c:MuDR:DNA	26	22	35.22	49	71.88
VC35C-Ctrl-54799820	9333041.5	RLTR9A2:ERVK:LTR	227	14	35.00	36	97.22
VC35C-Ctrl-54799820	9333041.5	MLTR31A_MM:ERVK:LTR	352	2	34.73	36	96.49
VC35C-Ctrl-54799820	9333041.5	MER115:hAT-Tip100:DNA	521	17	34.50	35	98.57
VC35C-Ctrl-54799820	9333041.5	MLT1O:ERVL-MaLR:LTR	538	22	34.00	35	97.14
VC35C-Ctrl-54799820	9333041.5	tRNA-Ala-GCY:tRNA:tRNA	12	18	34.00	34	100.00
VC35C-Ctrl-54799820	9333041.5	Zaphod:hAT-Tip100:DNA	728	8	33.79	42	80.45
VC35C-Ctrl-54799820	9333041.5	MamRep434:TcMar-Tigger:DNA	518	15	33.50	34	98.53
VC35C-Ctrl-54799820	9333041.5	MER105:DNA:DNA	171	20	33.00	35	94.29
VC35C-Ctrl-54799820	9333041.5	RLTR35B_MM:ERVL:LTR	492	16	33.00	34	97.06
VC35C-Ctrl-54799820	9333041.5	MER45R:hAT-Tip100:DNA	375	26	32.99	34	97.02
VC35C-Ctrl-54799820	9333041.5	RLTR31_Mm:ERVK:LTR	145	13	32.99	36	91.63
VC35C-Ctrl-54799820	9333041.5	L4_B_Mam:RTE-X:LINE	361	18	32.77	36	91.02
VC35C-Ctrl-54799820	9333041.5	RLTR20B4_MM:ERVK:LTR	416	8	32.75	36	90.97
VC35C-Ctrl-54799820	9333041.5	L1M2c:L1:LINE	321	7	32.49	35	92.83
VC35C-Ctrl-54799820	9333041.5	LTR31:ERV1:LTR	187	14	32.00	33	96.97
VC35C-Ctrl-54799820	9333041.5	MER50B:ERV1:LTR	14	26	32.00	32	100.00
VC35C-Ctrl-54799820	9333041.5	LTR33A_:ERVL:LTR	474	17	31.86	32	99.56
VC35C-Ctrl-54799820	9333041.5	tRNA-Ser-TCY:tRNA:tRNA	12	27	31.78	31	102.53
VC35C-Ctrl-54799820	9333041.5	ERVL-int:ERVL:LTR	721	10	31.50	32	98.44
VC35C-Ctrl-54799820	9333041.5	RLTR20C:ERVK:LTR	263	16	31.50	32	98.44
VC35C-Ctrl-54799820	9333041.5	RLTR9C:ERVK:LTR	477	7	31.33	33	94.93
VC35C-Ctrl-54799820	9333041.5	ERVB5_2-LTR_MM:ERVK:LTR	520	9	31.01	34	91.21
VC35C-Ctrl-54799820	9333041.5	L1MCb:L1:LINE	713	10	31.00	34	91.18
VC35C-Ctrl-54799820	9333041.5	LTR84b:ERVL:LTR	187	21	31.00	32	96.88
VC35C-Ctrl-54799820	9333041.5	RLTR9B:ERVK:LTR	206	10	31.00	32	96.88
VC35C-Ctrl-54799820	9333041.5	LTR78:ERV1:LTR	583	14	30.91	34	90.90
VC35C-Ctrl-54799820	9333041.5	RLTR10D2:ERVK:LTR	225	8	30.91	33	93.66
VC35C-Ctrl-54799820	9333041.5	Chap1_Mam:hAT-Charlie:DNA	153	18	30.90	39	79.22
VC35C-Ctrl-54799820	9333041.5	MLT1J-int:ERVL-MaLR:LTR	506	24	30.83	32	96.35
VC35C-Ctrl-54799820	9333041.5	RLTR44A:ERVK:LTR	259	9	30.73	30	102.43
VC35C-Ctrl-54799820	9333041.5	Charlie29a:hAT-Charlie:DNA	324	14	30.68	32	95.88
VC35C-Ctrl-54799820	9333041.5	Ricksha:MuDR:DNA	85	10	30.57	31	98.61
VC35C-Ctrl-54799820	9333041.5	ERVB7_4-LTR_MM:ERVK:LTR	166	6	30.00	31	96.77
VC35C-Ctrl-54799820	9333041.5	Tigger8:TcMar-Tigger:DNA	121	17	29.50	30	98.33
VC35C-Ctrl-54799820	9333041.5	MLT1A0-int:ERVL-MaLR:LTR	206	4	29.49	30	98.32
VC35C-Ctrl-54799820	9333041.5	MER94:hAT-Blackjack:DNA	466	23	29.40	29	101.37
VC35C-Ctrl-54799820	9333041.5	LTR79:ERVL:LTR	380	19	29.32	42	69.82
VC35C-Ctrl-54799820	9333041.5	RLTR34D_MM:ERVK:LTR	410	9	29.02	33	87.94
VC35C-Ctrl-54799820	9333041.5	Tigger6b:TcMar-Tigger:DNA	217	17	29.01	31	93.57
VC35C-Ctrl-54799820	9333041.5	MER124:DNA?:DNA?	252	15	29.00	29	100.00
VC35C-Ctrl-54799820	9333041.5	MER50:ERV1:LTR	13	26	29.00	29	100.00
VC35C-Ctrl-54799820	9333041.5	RLTR48B:ERV1:LTR	110	8	29.00	29	100.00
VC35C-Ctrl-54799820	9333041.5	MLT1B-int:ERVL-MaLR:LTR	165	12	28.88	31	93.15
VC35C-Ctrl-54799820	9333041.5	ORSL:hAT-Tip100:DNA	281	20	28.64	30	95.47
VC35C-Ctrl-54799820	9333041.5	RLTR13D1:ERVK:LTR	255	1	28.07	29	96.79
VC35C-Ctrl-54799820	9333041.5	Charlie9:hAT-Charlie:DNA	232	15	28.00	29	96.55
VC35C-Ctrl-54799820	9333041.5	LTR16E1:ERVL:LTR	514	13	28.00	29	96.55
VC35C-Ctrl-54799820	9333041.5	MER131:SINE?:SINE?	274	17	28.00	28	100.00
VC35C-Ctrl-54799820	9333041.5	UCON29:PiggyBac?:DNA	141	15	28.00	28	100.00
VC35C-Ctrl-54799820	9333041.5	IAPEY3_LTR:ERVK:LTR	553	14	27.50	28	98.21
VC35C-Ctrl-54799820	9333041.5	MamRep38:hAT:DNA	212	21	27.33	28	97.62
VC35C-Ctrl-54799820	9333041.5	RLTR31B_Mm:ERVK:LTR	349	4	27.17	29	93.69
VC35C-Ctrl-54799820	9333041.5	X6A_LINE:CR1:LINE	145	25	27.00	27	100.00
VC35C-Ctrl-54799820	9333041.5	RLTR5_Mm:ERV1:LTR	601	5	26.86	28	95.94
VC35C-Ctrl-54799820	9333041.5	Charlie17:hAT-Charlie:DNA	134	7	26.53	31	85.57
VC35C-Ctrl-54799820	9333041.5	MER106A:hAT-Charlie:DNA	115	20	26.50	27	98.15
VC35C-Ctrl-54799820	9333041.5	MER135:DNA:DNA	287	17	26.50	27	98.15
VC35C-Ctrl-54799820	9333041.5	X7C_LINE:CR1:LINE	155	17	26.41	28	94.32
VC35C-Ctrl-54799820	9333041.5	MLTR32C_MM:ERVK:LTR	127	13	26.40	28	94.29
VC35C-Ctrl-54799820	9333041.5	IAP1-MM_LTR:ERVK:LTR	420	5	26.39	31	85.14
VC35C-Ctrl-54799820	9333041.5	tRNA-Ile-ATT:tRNA:tRNA	40	18	26.28	25	105.12
VC35C-Ctrl-54799820	9333041.5	Charlie20a:hAT-Charlie:DNA	161	17	26.00	26	100.00
VC35C-Ctrl-54799820	9333041.5	L1M2a:L1:LINE	208	8	26.00	27	96.30
VC35C-Ctrl-54799820	9333041.5	LTR65:ERV1:LTR	162	13	26.00	27	96.30
VC35C-Ctrl-54799820	9333041.5	MER74B:ERVL:LTR	324	13	26.00	27	96.30
VC35C-Ctrl-54799820	9333041.5	RLTR12B2:ERVK:LTR	95	5	26.00	28	92.86
VC35C-Ctrl-54799820	9333041.5	tRNA-Leu-TTG:tRNA:tRNA	24	9	26.00	26	100.00
VC35C-Ctrl-54799820	9333041.5	LTR33B:ERVL:LTR	268	14	25.82	26	99.31
VC35C-Ctrl-54799820	9333041.5	MER31-int:ERV1:LTR	149	5	25.72	30	85.73
VC35C-Ctrl-54799820	9333041.5	Kanga1b:TcMar-Tc2:DNA	121	8	25.67	25	102.67
VC35C-Ctrl-54799820	9333041.5	LTRIS4:ERV1:LTR	147	0	25.26	30	84.19
VC35C-Ctrl-54799820	9333041.5	L1ME3C:L1:LINE	326	16	25.00	26	96.15
VC35C-Ctrl-54799820	9333041.5	MER106B:hAT-Charlie:DNA	242	17	24.30	27	90.00
VC35C-Ctrl-54799820	9333041.5	L1MEj:L1:LINE	178	15	24.02	25	96.10
VC35C-Ctrl-54799820	9333041.5	IAPEY3C_LTR:ERVK:LTR	475	12	24.00	24	100.00
VC35C-Ctrl-54799820	9333041.5	LTR37A:ERV1:LTR	549	10	24.00	25	96.00
VC35C-Ctrl-54799820	9333041.5	LTR81C:Gypsy:LTR	99	20	24.00	24	100.00
VC35C-Ctrl-54799820	9333041.5	MLT1F2-int:ERVL-MaLR:LTR	68	3	24.00	24	100.00
VC35C-Ctrl-54799820	9333041.5	RLTR31A_Mm:ERVK:LTR	209	8	23.80	24	99.16
VC35C-Ctrl-54799820	9333041.5	LTR16B1:ERVL:LTR	299	12	23.50	24	97.92
VC35C-Ctrl-54799820	9333041.5	HAL1_SS:L1:LINE	79	8	23.00	23	100.00
VC35C-Ctrl-54799820	9333041.5	LTR16A2:ERVL:LTR	416	14	23.00	24	95.83
VC35C-Ctrl-54799820	9333041.5	LTR89:ERVL?:LTR	146	16	23.00	23	100.00
VC35C-Ctrl-54799820	9333041.5	Zaphod3:hAT-Tip100:DNA	454	13	23.00	23	100.00
VC35C-Ctrl-54799820	9333041.5	Charlie22a:hAT-Charlie:DNA	163	11	22.72	25	90.90
VC35C-Ctrl-54799820	9333041.5	RLTR17C_Mm:ERVK:LTR	218	3	22.70	25	90.79
VC35C-Ctrl-54799820	9333041.5	ERVB3_1-LTR_MM:ERVK:LTR	158	7	22.68	25	90.71
VC35C-Ctrl-54799820	9333041.5	Mam_R4:Dong-R4:LINE	138	15	22.00	22	100.00
VC35C-Ctrl-54799820	9333041.5	MER57C2:ERV1:LTR	415	10	21.96	26	84.45
VC35C-Ctrl-54799820	9333041.5	hAT-N1_Mam:hAT?:DNA	185	11	21.86	22	99.36
VC35C-Ctrl-54799820	9333041.5	Tigger20a:TcMar-Tigger:DNA	188	12	21.50	23	93.48
VC35C-Ctrl-54799820	9333041.5	L1M3c:L1:LINE	337	7	21.15	23	91.97
VC35C-Ctrl-54799820	9333041.5	Charlie26a:hAT-Charlie:DNA	98	15	21.07	22	95.76
VC35C-Ctrl-54799820	9333041.5	LTR48B:ERV1:LTR	302	9	21.00	23	91.30
VC35C-Ctrl-54799820	9333041.5	MER90:ERV1:LTR	245	7	21.00	21	100.00
VC35C-Ctrl-54799820	9333041.5	RLTR31M:ERVK:LTR	264	7	21.00	21	100.00
VC35C-Ctrl-54799820	9333041.5	RLTR10B:ERVK:LTR	477	4	20.95	30	69.82
VC35C-Ctrl-54799820	9333041.5	tRNA-Arg-CGY_:tRNA:tRNA	21	12	20.58	20	102.90
VC35C-Ctrl-54799820	9333041.5	L1ME5:L1:LINE	146	5	20.54	21	97.79
VC35C-Ctrl-54799820	9333041.5	MER92-int:ERV1:LTR	324	5	20.50	22	93.18
VC35C-Ctrl-54799820	9333041.5	X7A_LINE:CR1:LINE	159	16	20.50	21	97.62
VC35C-Ctrl-54799820	9333041.5	ERV3-16A3_I-int:ERVL:LTR	908	10	20.35	22	92.48
VC35C-Ctrl-54799820	9333041.5	MER34-int:ERV1:LTR	66	9	20.00	20	100.00
VC35C-Ctrl-54799820	9333041.5	MER67C:ERV1:LTR	620	10	20.00	20	100.00
VC35C-Ctrl-54799820	9333041.5	MMERVK10D3_LTR:ERVK:LTR	174	2	19.52	21	92.94
VC35C-Ctrl-54799820	9333041.5	Charlie13a:hAT-Charlie:DNA	184	9	19.50	19	102.63
VC35C-Ctrl-54799820	9333041.5	L1MEa:L1:LINE	169	5	19.50	20	97.50
VC35C-Ctrl-54799820	9333041.5	Charlie4:hAT-Charlie:DNA	161	8	19.00	20	95.00
VC35C-Ctrl-54799820	9333041.5	LTR53:ERVL:LTR	226	9	19.00	19	100.00
VC35C-Ctrl-54799820	9333041.5	LTR73:ERV1:LTR	137	5	19.00	20	95.00
VC35C-Ctrl-54799820	9333041.5	MER68-int:ERVL:LTR	77	7	19.00	19	100.00
VC35C-Ctrl-54799820	9333041.5	UCON23:hAT?:DNA	22	18	19.00	19	100.00
VC35C-Ctrl-54799820	9333041.5	RLTR13D4:ERVK:LTR	205	6	18.52	20	92.58
VC35C-Ctrl-54799820	9333041.5	LTR16A1:ERVL:LTR	654	7	18.50	19	97.37
VC35C-Ctrl-54799820	9333041.5	ORSL-2b:hAT-Tip100:DNA	210	11	18.47	19	97.20
VC35C-Ctrl-54799820	9333041.5	tRNA-Leu-CTY:tRNA:tRNA	8	13	18.37	20	91.83
VC35C-Ctrl-54799820	9333041.5	MER54B:ERVL:LTR	114	8	18.00	18	100.00
VC35C-Ctrl-54799820	9333041.5	ERV3-16A3_LTR:ERVL:LTR	279	4	17.83	19	93.86
VC35C-Ctrl-54799820	9333041.5	RLTR47:ERVK:LTR	209	5	17.56	19	92.40
VC35C-Ctrl-54799820	9333041.5	MER5C:hAT-Charlie:DNA	242	9	17.51	19	92.16
VC35C-Ctrl-54799820	9333041.5	X8_LINE:CR1:LINE	158	12	17.50	20	87.50
VC35C-Ctrl-54799820	9333041.5	L1M8:L1:LINE	201	12	17.36	19	91.37
VC35C-Ctrl-54799820	9333041.5	RLTR42:ERVK:LTR	266	7	17.26	19	90.83
VC35C-Ctrl-54799820	9333041.5	IAPA_MM-int:ERVK:LTR	126	1	17.12	60	28.53
VC35C-Ctrl-54799820	9333041.5	Eulor2B:DNA?:DNA?	42	17	17.00	17	100.00
VC35C-Ctrl-54799820	9333041.5	IAPLTR3:ERVK:LTR	959	4	17.00	18	94.44
VC35C-Ctrl-54799820	9333041.5	Kanga1a:TcMar-Tc2:DNA	191	10	17.00	17	100.00
VC35C-Ctrl-54799820	9333041.5	MER70B:ERVL:LTR	254	8	17.00	17	100.00
VC35C-Ctrl-54799820	9333041.5	tRNA-Cys-TGY:tRNA:tRNA	89	14	17.00	17	100.00
VC35C-Ctrl-54799820	9333041.5	tRNA-Met-i:tRNA:tRNA	19	13	17.00	16	106.25
VC35C-Ctrl-54799820	9333041.5	Kanga1d:TcMar-Tc2:DNA	131	5	16.97	19	89.33
VC35C-Ctrl-54799820	9333041.5	MLTR31E_MM:ERVK:LTR	164	8	16.61	18	92.28
VC35C-Ctrl-54799820	9333041.5	RLTR48C:ERV1:LTR	149	3	16.50	17	97.06
VC35C-Ctrl-54799820	9333041.5	X3_LINE:RTE-BovB:LINE	260	10	16.50	18	91.67
VC35C-Ctrl-54799820	9333041.5	tRNA-Pro-CCY:tRNA:tRNA	29	9	16.40	15	109.36
VC35C-Ctrl-54799820	9333041.5	RLTR43C:ERVK:LTR	264	4	16.23	19	85.39
VC35C-Ctrl-54799820	9333041.5	Arthur1A:hAT-Tip100:DNA	148	8	16.18	17	95.19
VC35C-Ctrl-54799820	9333041.5	LTR84a:ERVL:LTR	136	10	16.00	16	100.00
VC35C-Ctrl-54799820	9333041.5	tRNA-Ala-GCG:tRNA:tRNA	194	12	16.00	17	94.12
VC35C-Ctrl-54799820	9333041.5	ERVB4_2-LTR_MM:ERVK:LTR	144	2	15.93	17	93.71
VC35C-Ctrl-54799820	9333041.5	Tigger17b:TcMar-Tigger:DNA	72	5	15.93	22	72.39
VC35C-Ctrl-54799820	9333041.5	RLTR9A3A:ERVK:LTR	222	2	15.83	17	93.14
VC35C-Ctrl-54799820	9333041.5	RLTR9A3B:ERVK:LTR	346	9	15.70	17	92.35
VC35C-Ctrl-54799820	9333041.5	RLTR1F_Mm:ERVK:LTR	83	6	15.66	17	92.14
VC35C-Ctrl-54799820	9333041.5	HERV16-int:ERVL:LTR	277	9	15.50	16	96.88
VC35C-Ctrl-54799820	9333041.5	Kanga11a:TcMar-Tc2:DNA	187	9	15.50	16	96.88
VC35C-Ctrl-54799820	9333041.5	LTR28B:ERV1:LTR	144	9	15.50	17	91.18
VC35C-Ctrl-54799820	9333041.5	LTR81B:Gypsy:LTR	204	11	15.10	18	83.87
VC35C-Ctrl-54799820	9333041.5	L1PB4:L1:LINE	144	3	15.00	15	100.00
VC35C-Ctrl-54799820	9333041.5	LTR16B2:ERVL:LTR	384	9	15.00	16	93.75
VC35C-Ctrl-54799820	9333041.5	MER65D:ERV1:LTR	101	8	15.00	15	100.00
VC35C-Ctrl-54799820	9333041.5	MER67A:ERV1:LTR	176	6	15.00	15	100.00
VC35C-Ctrl-54799820	9333041.5	tRNA-Lys-AAA:tRNA:tRNA	22	14	15.00	15	100.00
VC35C-Ctrl-54799820	9333041.5	tRNA-Pro-CCG:tRNA:tRNA	4	9	15.00	15	100.00
VC35C-Ctrl-54799820	9333041.5	MamGypLTR1b:Gypsy:LTR	141	13	14.95	15	99.68
VC35C-Ctrl-54799820	9333041.5	RLTR41B:ERV1:LTR	98	4	14.54	17	85.56
VC35C-Ctrl-54799820	9333041.5	RLTR53B_Mm:ERVK:LTR	160	6	14.52	15	96.82
VC35C-Ctrl-54799820	9333041.5	L1M6:L1:LINE	329	8	14.50	15	96.67
VC35C-Ctrl-54799820	9333041.5	MamRep1527:LTR:LTR	372	9	14.50	16	90.62
VC35C-Ctrl-54799820	9333041.5	MamTip3:hAT-Tip100:DNA	180	11	14.50	15	96.67
VC35C-Ctrl-54799820	9333041.5	tRNA-Gly-GGG:tRNA:tRNA	24	5	14.50	15	96.67
VC35C-Ctrl-54799820	9333041.5	L1M3b:L1:LINE	169	3	14.06	18	78.12
VC35C-Ctrl-54799820	9333041.5	Charlie13b:hAT-Charlie:DNA	114	5	14.00	14	100.00
VC35C-Ctrl-54799820	9333041.5	Charlie25:hAT-Charlie:DNA	301	3	14.00	14	100.00
VC35C-Ctrl-54799820	9333041.5	ERVB5_1-LTR_MM:ERVK:LTR	143	3	14.00	14	100.00
VC35C-Ctrl-54799820	9333041.5	LTR16E2:ERVL:LTR	423	8	14.00	14	100.00
VC35C-Ctrl-54799820	9333041.5	LTR86B1:ERVL:LTR	49	13	14.00	14	100.00
VC35C-Ctrl-54799820	9333041.5	RLTR9B2:ERVK:LTR	178	0	14.00	15	93.33
VC35C-Ctrl-54799820	9333041.5	LTR37B:ERV1:LTR	386	8	13.91	15	92.75
VC35C-Ctrl-54799820	9333041.5	FAM:Alu:SINE	117	9	13.73	18	76.29
VC35C-Ctrl-54799820	9333041.5	MER47A:TcMar-Tigger:DNA	127	5	13.50	14	96.43
VC35C-Ctrl-54799820	9333041.5	RLTR50B:ERVK:LTR	334	1	13.50	14	96.43
VC35C-Ctrl-54799820	9333041.5	Tigger12c:TcMar-Tigger:DNA	97	6	13.50	14	96.43
VC35C-Ctrl-54799820	9333041.5	Charlie10a:hAT-Charlie:DNA	61	10	13.00	13	100.00
VC35C-Ctrl-54799820	9333041.5	LTR82B:ERVL:LTR	290	10	13.00	13	100.00
VC35C-Ctrl-54799820	9333041.5	MER127:TcMar-Tigger:DNA	119	9	13.00	13	100.00
VC35C-Ctrl-54799820	9333041.5	MER70A:ERVL:LTR	184	1	13.00	14	92.86
VC35C-Ctrl-54799820	9333041.5	RLTR46B:ERVK:LTR	73	4	13.00	13	100.00
VC35C-Ctrl-54799820	9333041.5	Charlie23a:hAT-Charlie:DNA	157	5	12.50	13	96.15
VC35C-Ctrl-54799820	9333041.5	MER126:DNA:DNA	118	9	12.50	13	96.15
VC35C-Ctrl-54799820	9333041.5	tRNA-Pro-CCA:tRNA:tRNA	10	12	12.26	14	87.59
VC35C-Ctrl-54799820	9333041.5	RLTR19A2:ERVK:LTR	94	4	12.21	14	87.25
VC35C-Ctrl-54799820	9333041.5	Eulor2A:DNA?:DNA?	41	9	12.00	12	100.00
VC35C-Ctrl-54799820	9333041.5	Eulor5A:DNA?:DNA?	80	9	12.00	12	100.00
VC35C-Ctrl-54799820	9333041.5	MamRep1151:LTR?:LTR?	249	3	12.00	12	100.00
VC35C-Ctrl-54799820	9333041.5	RLTR20A1:ERVK:LTR	98	0	12.00	13	92.31
VC35C-Ctrl-54799820	9333041.5	RMER16B3:ERVK:LTR	101	0	11.95	13	91.95
VC35C-Ctrl-54799820	9333041.5	MLT1C-int:ERVL-MaLR:LTR	122	4	11.50	13	88.46
VC35C-Ctrl-54799820	9333041.5	tRNA-Thr-ACA:tRNA:tRNA	17	11	11.23	13	86.41
VC35C-Ctrl-54799820	9333041.5	ERVB4_3-I_MM-int:ERVK:LTR	99	6	11.12	12	92.71
VC35C-Ctrl-54799820	9333041.5	Charlie7a:hAT-Charlie:DNA	102	7	11.00	11	100.00
VC35C-Ctrl-54799820	9333041.5	LTR90B:LTR:LTR	91	7	11.00	11	100.00
VC35C-Ctrl-54799820	9333041.5	MamGypLTR1c:Gypsy:LTR	145	4	11.00	11	100.00
VC35C-Ctrl-54799820	9333041.5	MER67D:ERV1:LTR	468	6	11.00	12	91.67
VC35C-Ctrl-54799820	9333041.5	RMER16B:ERVK:LTR	84	0	11.00	12	91.67
VC35C-Ctrl-54799820	9333041.5	Tigger11a:TcMar-Tigger:DNA	75	6	11.00	11	100.00
VC35C-Ctrl-54799820	9333041.5	RLTR6C_Mm:ERV1:LTR	102	2	10.43	13	80.26
VC35C-Ctrl-54799820	9333041.5	LTR9:ERV1:LTR	13	9	10.00	10	100.00
VC35C-Ctrl-54799820	9333041.5	MamRep1879:hAT-Tip100?:DNA	105	7	10.00	10	100.00
VC35C-Ctrl-54799820	9333041.5	MER57-int:ERV1:LTR	202	7	10.00	11	90.91
VC35C-Ctrl-54799820	9333041.5	Ricksha_0:MULE-MuDR:DNA	82	4	10.00	10	100.00
VC35C-Ctrl-54799820	9333041.5	MER57E1:ERV1:LTR	210	3	9.74	11	88.52
VC35C-Ctrl-54799820	9333041.5	L1M3d:L1:LINE	171	3	9.35	11	84.97
VC35C-Ctrl-54799820	9333041.5	IAPLTR4_I:ERVK:LTR	183	0	9.27	10	92.66
VC35C-Ctrl-54799820	9333041.5	Charlie21a:hAT-Charlie:DNA	174	4	9.00	10	90.00
VC35C-Ctrl-54799820	9333041.5	L1MEg1:L1:LINE	92	5	9.00	10	90.00
VC35C-Ctrl-54799820	9333041.5	L1P5:L1:LINE	166	2	9.00	10	90.00
VC35C-Ctrl-54799820	9333041.5	LTR102_Mam:ERVL:LTR	215	4	9.00	9	100.00
VC35C-Ctrl-54799820	9333041.5	LTR16B:ERVL:LTR	260	4	9.00	10	90.00
VC35C-Ctrl-54799820	9333041.5	MADE2:TcMar-Mariner:DNA	208	6	9.00	9	100.00
VC35C-Ctrl-54799820	9333041.5	MamGypLTR3a:Gypsy:LTR	161	7	9.00	9	100.00
VC35C-Ctrl-54799820	9333041.5	MamRep4096:hAT?:DNA	180	5	9.00	9	100.00
VC35C-Ctrl-54799820	9333041.5	MER121:TcMar?:DNA	588	6	9.00	9	100.00
VC35C-Ctrl-54799820	9333041.5	MER52-int:ERV1:LTR	206	2	9.00	9	100.00
VC35C-Ctrl-54799820	9333041.5	MER66-int:ERV1:LTR	23	5	9.00	9	100.00
VC35C-Ctrl-54799820	9333041.5	RLTR30C_MM:ERV1:LTR	124	4	9.00	9	100.00
VC35C-Ctrl-54799820	9333041.5	tRNA-Arg-CGA_:tRNA:tRNA	2	8	9.00	9	100.00
VC35C-Ctrl-54799820	9333041.5	tRNA-Arg-CGG:tRNA:tRNA	3	9	9.00	9	100.00
VC35C-Ctrl-54799820	9333041.5	tRNA-Trp-TGG:tRNA:tRNA	16	6	9.00	9	100.00
VC35C-Ctrl-54799820	9333041.5	tRNA-Leu-CTG:tRNA:tRNA	16	3	8.53	7	121.90
VC35C-Ctrl-54799820	9333041.5	LTR108a_Mam:ERVL:LTR	39	1	8.50	9	94.44
VC35C-Ctrl-54799820	9333041.5	LTR16D:ERVL:LTR	185	4	8.50	9	94.44
VC35C-Ctrl-54799820	9333041.5	LTR75:ERVL:LTR	94	3	8.50	9	94.44
VC35C-Ctrl-54799820	9333041.5	MER21-int:ERVL:LTR	105	4	8.50	9	94.44
VC35C-Ctrl-54799820	9333041.5	MER57E2:ERV1:LTR	62	5	8.50	9	94.44
VC35C-Ctrl-54799820	9333041.5	MLT1F1-int:ERVL-MaLR:LTR	89	2	8.50	11	77.27
VC35C-Ctrl-54799820	9333041.5	RLTR44B:ERVK:LTR	275	1	8.50	8	106.25
VC35C-Ctrl-54799820	9333041.5	tRNA-Gln-CAA:tRNA:tRNA	14	6	8.50	10	85.00
VC35C-Ctrl-54799820	9333041.5	RLTR3_Mm:ERVK:LTR	31	5	8.33	9	92.59
VC35C-Ctrl-54799820	9333041.5	Charlie14a:hAT-Charlie:DNA	72	4	8.00	8	100.00
VC35C-Ctrl-54799820	9333041.5	Helitron1Nb_Mam:Helitron:RC	92	3	8.00	8	100.00
VC35C-Ctrl-54799820	9333041.5	L1M3f:L1:LINE	100	6	8.00	8	100.00
VC35C-Ctrl-54799820	9333041.5	L1MEg2:L1:LINE	112	4	8.00	8	100.00
VC35C-Ctrl-54799820	9333041.5	LTR105_Mam:ERVL:LTR	124	6	8.00	8	100.00
VC35C-Ctrl-54799820	9333041.5	LTR107_Mam:LTR:LTR	93	2	8.00	8	100.00
VC35C-Ctrl-54799820	9333041.5	LTR108b_Mam:ERVL:LTR	19	7	8.00	8	100.00
VC35C-Ctrl-54799820	9333041.5	LTR88b:Gypsy?:LTR	178	5	8.00	8	100.00
VC35C-Ctrl-54799820	9333041.5	tRNA-SeC(e)-TGA:tRNA:tRNA	3	5	8.00	8	100.00
VC35C-Ctrl-54799820	9333041.5	tRNA-Ser-TCA_:tRNA:tRNA	3	7	8.00	8	100.00
VC35C-Ctrl-54799820	9333041.5	LTRIS4B:ERV1:LTR	71	3	7.99	11	72.59
VC35C-Ctrl-54799820	9333041.5	LTR108e_Mam:ERVL:LTR	36	5	7.50	7	107.17
VC35C-Ctrl-54799820	9333041.5	LTR68:ERV1:LTR	106	2	7.50	8	93.75
VC35C-Ctrl-54799820	9333041.5	Charlie11:hAT-Charlie:DNA	52	4	7.00	7	100.00
VC35C-Ctrl-54799820	9333041.5	LTR40A1:ERVL:LTR	114	4	7.00	7	100.00
VC35C-Ctrl-54799820	9333041.5	LTRIS5:ERV1:LTR	85	0	7.00	7	100.00
VC35C-Ctrl-54799820	9333041.5	MER110:ERV1:LTR	147	3	7.00	7	100.00
VC35C-Ctrl-54799820	9333041.5	MER96:hAT-Tip100:DNA	104	3	7.00	7	100.00
VC35C-Ctrl-54799820	9333041.5	MERX:TcMar-Tigger:DNA	64	6	7.00	8	87.50
VC35C-Ctrl-54799820	9333041.5	Tigger1a_Art:TcMar-Tigger:DNA	37	3	7.00	7	100.00
VC35C-Ctrl-54799820	9333041.5	tRNA-Arg-AGG:tRNA:tRNA	18	5	7.00	7	100.00
VC35C-Ctrl-54799820	9333041.5	tRNA-Leu-CTA_:tRNA:tRNA	4	5	7.00	7	100.04
VC35C-Ctrl-54799820	9333041.5	tRNA-Phe-TTY:tRNA:tRNA	47	7	7.00	7	100.00
VC35C-Ctrl-54799820	9333041.5	MER70-int:ERVL:LTR	56	4	6.84	8	85.45
VC35C-Ctrl-54799820	9333041.5	BGLII_C:ERVK:LTR	74	4	6.50	7	92.86
VC35C-Ctrl-54799820	9333041.5	L1MEh:L1:LINE	202	3	6.50	7	92.86
VC35C-Ctrl-54799820	9333041.5	LTR106_Mam:LTR:LTR	164	1	6.50	7	92.86
VC35C-Ctrl-54799820	9333041.5	LTR85c:Gypsy?:LTR	119	5	6.50	7	92.86
VC35C-Ctrl-54799820	9333041.5	RLTR13D:ERVK:LTR	45	0	6.10	7	87.12
VC35C-Ctrl-54799820	9333041.5	Arthur1C:hAT-Tip100:DNA	155	4	6.00	6	100.00
VC35C-Ctrl-54799820	9333041.5	Eulor6B:DNA?:DNA?	56	4	6.00	6	100.00
VC35C-Ctrl-54799820	9333041.5	Eulor9A:DNA:DNA	60	2	6.00	6	100.00
VC35C-Ctrl-54799820	9333041.5	LTR86A1:ERVL:LTR	92	4	6.00	6	100.00
VC35C-Ctrl-54799820	9333041.5	LTR86B2:ERVL:LTR	36	5	6.00	6	100.00
VC35C-Ctrl-54799820	9333041.5	MER45C:hAT-Tip100:DNA	290	3	6.00	6	100.00
VC35C-Ctrl-54799820	9333041.5	MER49:ERV1:LTR	7	4	6.00	6	100.00
VC35C-Ctrl-54799820	9333041.5	MER65-int:ERV1:LTR	49	4	6.00	6	100.00
VC35C-Ctrl-54799820	9333041.5	MLT1J1-int:ERVL-MaLR:LTR	67	3	6.00	6	100.00
VC35C-Ctrl-54799820	9333041.5	Tigger12A:TcMar-Tigger:DNA	86	4	6.00	6	100.00
VC35C-Ctrl-54799820	9333041.5	tRNA-Leu-CTA:tRNA:tRNA	3	3	6.00	6	100.00
VC35C-Ctrl-54799820	9333041.5	tRNA-Thr-ACY:tRNA:tRNA	14	6	6.00	6	100.00
VC35C-Ctrl-54799820	9333041.5	tRNA-Thr-ACY_:tRNA:tRNA	15	4	6.00	6	100.00
VC35C-Ctrl-54799820	9333041.5	Charlie17a:hAT-Charlie:DNA	63	3	5.50	6	91.67
VC35C-Ctrl-54799820	9333041.5	MamTip1:hAT-Tip100:DNA	82	2	5.50	6	91.67
VC35C-Ctrl-54799820	9333041.5	MER110A:ERV1:LTR	196	2	5.50	6	91.67
VC35C-Ctrl-54799820	9333041.5	MER4B-int:ERV1:LTR	52	3	5.50	6	91.67
VC35C-Ctrl-54799820	9333041.5	ERVB2_1-I_MM-int:ERVK:LTR	83	2	5.11	7	73.03
VC35C-Ctrl-54799820	9333041.5	ERVB4_3-LTR_MM:ERVK:LTR	137	3	5.00	5	100.00
VC35C-Ctrl-54799820	9333041.5	IAPEY5_I-int:ERVK:LTR	184	0	5.00	6	83.33
VC35C-Ctrl-54799820	9333041.5	IAPEY5_LTR:ERVK:LTR	237	2	5.00	5	100.00
VC35C-Ctrl-54799820	9333041.5	L5:RTE-X:LINE	122	4	5.00	5	100.00
VC35C-Ctrl-54799820	9333041.5	LTR86C:ERVL:LTR	75	4	5.00	5	100.00
VC35C-Ctrl-54799820	9333041.5	MamGypLTR2b:Gypsy:LTR	109	2	5.00	5	100.00
VC35C-Ctrl-54799820	9333041.5	ORSL-2a:hAT-Tip100:DNA	69	3	5.00	5	100.00
VC35C-Ctrl-54799820	9333041.5	tRNA-Val-GTA:tRNA:tRNA	13	5	5.00	5	100.00
VC35C-Ctrl-54799820	9333041.5	MLT1H1-int:ERVL-MaLR:LTR	49	0	4.80	5	95.97
VC35C-Ctrl-54799820	9333041.5	LTR85a:Gypsy?:LTR	234	2	4.51	5	90.22
VC35C-Ctrl-54799820	9333041.5	LTR55:ERVL?:LTR	160	1	4.50	5	90.00
VC35C-Ctrl-54799820	9333041.5	MER5C1:hAT-Charlie:DNA	75	0	4.50	5	90.00
VC35C-Ctrl-54799820	9333041.5	tRNA-Arg-AGA:tRNA:tRNA	30	2	4.50	5	90.00
VC35C-Ctrl-54799820	9333041.5	DNA1_Mam:TcMar:DNA	45	2	4.00	4	100.00
VC35C-Ctrl-54799820	9333041.5	Eulor9C:DNA:DNA	71	2	4.00	4	100.00
VC35C-Ctrl-54799820	9333041.5	Helitron1Na_Mam:Helitron:RC	62	2	4.00	4	100.00
VC35C-Ctrl-54799820	9333041.5	LTR103b_Mam:ERV1?:LTR	57	4	4.00	4	100.00
VC35C-Ctrl-54799820	9333041.5	LTR109A2:ERV1:LTR	37	2	4.00	4	100.00
VC35C-Ctrl-54799820	9333041.5	LTR39:ERV1:LTR	11	3	4.00	4	100.00
VC35C-Ctrl-54799820	9333041.5	LTR52:ERVL:LTR	230	3	4.00	5	80.00
VC35C-Ctrl-54799820	9333041.5	LTR69:ERVL:LTR	74	3	4.00	4	100.00
VC35C-Ctrl-54799820	9333041.5	LTR81A:Gypsy:LTR	180	4	4.00	4	100.00
VC35C-Ctrl-54799820	9333041.5	LTR83:ERVL:LTR	161	4	4.00	4	100.00
VC35C-Ctrl-54799820	9333041.5	LTR90A:LTR:LTR	99	3	4.00	4	100.00
VC35C-Ctrl-54799820	9333041.5	MER129:LTR?:LTR?	63	1	4.00	4	100.00
VC35C-Ctrl-54799820	9333041.5	MER136:DNA:DNA	23	3	4.00	4	100.00
VC35C-Ctrl-54799820	9333041.5	MER74C:ERVL:LTR	114	2	4.00	4	100.00
VC35C-Ctrl-54799820	9333041.5	MLT1E2-int:ERVL-MaLR:LTR	35	2	4.00	4	100.00
VC35C-Ctrl-54799820	9333041.5	RLTR44D:ERVK:LTR	100	1	4.00	4	100.00
VC35C-Ctrl-54799820	9333041.5	U13_:snRNA:snRNA	19	3	4.00	5	80.00
VC35C-Ctrl-54799820	9333041.5	X1_LINE:CR1:LINE	40	1	4.00	4	100.00
VC35C-Ctrl-54799820	9333041.5	X2_LINE:CR1:LINE	32	3	4.00	4	100.00
VC35C-Ctrl-54799820	9333041.5	LTR53B:ERVL:LTR	83	3	3.50	4	87.50
VC35C-Ctrl-54799820	9333041.5	MamGypLTR1d:Gypsy:LTR	116	3	3.20	5	63.97
VC35C-Ctrl-54799820	9333041.5	RLTR47_MM:ERV1:LTR	45	1	3.17	4	79.17
VC35C-Ctrl-54799820	9333041.5	MER88:ERVL:LTR	58	0	3.04	5	60.80
VC35C-Ctrl-54799820	9333041.5	Charlie10b:hAT-Charlie:DNA	48	3	3.00	3	100.00
VC35C-Ctrl-54799820	9333041.5	Eulor1:DNA:DNA	56	2	3.00	3	100.00
VC35C-Ctrl-54799820	9333041.5	Helitron2Na_Mam:Helitron?:RC?	74	2	3.00	3	100.00
VC35C-Ctrl-54799820	9333041.5	LTR108d_Mam:ERVL:LTR	30	2	3.00	3	100.00
VC35C-Ctrl-54799820	9333041.5	LTR34:ERV1:LTR	8	1	3.00	3	100.00
VC35C-Ctrl-54799820	9333041.5	LTR80B:ERVL:LTR	116	3	3.00	3	100.00
VC35C-Ctrl-54799820	9333041.5	MamGypLTR1a:Gypsy:LTR	137	0	3.00	3	100.00
VC35C-Ctrl-54799820	9333041.5	MamGypLTR3:Gypsy:LTR	105	2	3.00	3	100.00
VC35C-Ctrl-54799820	9333041.5	MER113B:hAT-Charlie:DNA	72	1	3.00	3	100.00
VC35C-Ctrl-54799820	9333041.5	MER123:DNA:DNA	41	1	3.00	3	100.00
VC35C-Ctrl-54799820	9333041.5	MER125:DNA:DNA	111	2	3.00	3	100.00
VC35C-Ctrl-54799820	9333041.5	MER51-int:ERV1:LTR	7	2	3.00	3	100.00
VC35C-Ctrl-54799820	9333041.5	MER73:ERVL:LTR	135	1	3.00	4	75.00
VC35C-Ctrl-54799820	9333041.5	MER87:ERV1:LTR	46	3	3.00	3	100.00
VC35C-Ctrl-54799820	9333041.5	ORR1G-int:ERVL-MaLR:LTR	70	0	3.00	3	100.00
VC35C-Ctrl-54799820	9333041.5	RLTR19D:ERVK:LTR	64	0	3.00	3	100.00
VC35C-Ctrl-54799820	9333041.5	tRNA-Met:tRNA:tRNA	21	2	3.00	3	100.00
VC35C-Ctrl-54799820	9333041.5	tRNA-Thr-ACG_:tRNA:tRNA	20	3	3.00	3	100.00
VC35C-Ctrl-54799820	9333041.5	tRNA-Thr-ACG:tRNA:tRNA	3	3	3.00	3	100.00
VC35C-Ctrl-54799820	9333041.5	UCON21:DNA?:DNA?	23	3	3.00	3	100.00
VC35C-Ctrl-54799820	9333041.5	Eulor6E:DNA?:DNA?	18	1	2.50	3	83.33
VC35C-Ctrl-54799820	9333041.5	RLTR46A2:ERVK:LTR	58	1	2.50	3	83.33
VC35C-Ctrl-54799820	9333041.5	RLTR46A:ERVK:LTR	71	0	2.50	3	83.33
VC35C-Ctrl-54799820	9333041.5	MER134:DNA?:DNA?	53	1	2.23	4	55.83
VC35C-Ctrl-54799820	9333041.5	Eulor10:DNA?:DNA?	29	2	2.00	2	100.00
VC35C-Ctrl-54799820	9333041.5	Eulor2C:DNA?:DNA?	24	1	2.00	2	100.00
VC35C-Ctrl-54799820	9333041.5	FordPrefect_a:hAT-Tip100:DNA	60	1	2.00	2	100.00
VC35C-Ctrl-54799820	9333041.5	L1M3a:L1:LINE	120	2	2.00	2	100.00
VC35C-Ctrl-54799820	9333041.5	LTR103_Mam:ERV1?:LTR	58	1	2.00	2	100.00
VC35C-Ctrl-54799820	9333041.5	LTR108c_Mam:ERVL:LTR	15	1	2.00	2	100.00
VC35C-Ctrl-54799820	9333041.5	LTR75B:ERVL:LTR	69	2	2.00	2	100.00
VC35C-Ctrl-54799820	9333041.5	LTR80A:ERVL:LTR	112	0	2.00	2	100.00
VC35C-Ctrl-54799820	9333041.5	LTR85b:Gypsy?:LTR	106	1	2.00	2	100.00
VC35C-Ctrl-54799820	9333041.5	LTR88a:Gypsy?:LTR	64	2	2.00	2	100.00
VC35C-Ctrl-54799820	9333041.5	MER101B:ERV1:LTR	21	0	2.00	0	NA
VC35C-Ctrl-54799820	9333041.5	MER110-int:ERV1:LTR	38	0	2.00	2	100.00
VC35C-Ctrl-54799820	9333041.5	MER133A:DNA?:DNA?	35	1	2.00	2	100.00
VC35C-Ctrl-54799820	9333041.5	MER68C:ERVL:LTR	60	1	2.00	2	100.00
VC35C-Ctrl-54799820	9333041.5	MER89-int:ERV1:LTR	98	0	2.00	2	100.00
VC35C-Ctrl-54799820	9333041.5	MER92A:ERV1:LTR	37	1	2.00	2	100.00
VC35C-Ctrl-54799820	9333041.5	MER92C:ERV1:LTR	72	0	2.00	2	100.00
VC35C-Ctrl-54799820	9333041.5	MER92D:ERV1:LTR	70	1	2.00	2	100.00
VC35C-Ctrl-54799820	9333041.5	MER96B:hAT:DNA	8	2	2.00	2	100.00
VC35C-Ctrl-54799820	9333041.5	MER97a:hAT-Tip100:DNA	53	0	2.00	2	100.00
VC35C-Ctrl-54799820	9333041.5	MER97b:hAT-Tip100:DNA	55	0	2.00	2	100.00
VC35C-Ctrl-54799820	9333041.5	MLT2E:ERVL:LTR	126	1	2.00	2	100.00
VC35C-Ctrl-54799820	9333041.5	Ricksha:MULE-MuDR:DNA	60	1	2.00	2	100.00
VC35C-Ctrl-54799820	9333041.5	RLTR46:ERVK:LTR	46	1	2.00	2	100.00
VC35C-Ctrl-54799820	9333041.5	RMER3D4:ERVK:LTR	2	1	2.00	2	100.00
VC35C-Ctrl-54799820	9333041.5	tRNA-Arg-CGA:tRNA:tRNA	3	2	2.00	2	100.00
VC35C-Ctrl-54799820	9333041.5	UCON13:Penelope?:LINE?	42	1	2.00	2	100.00
VC35C-Ctrl-54799820	9333041.5	X5B_LINE:CR1:LINE	79	1	2.00	2	100.00
VC35C-Ctrl-54799820	9333041.5	RLTR1:ERV1:LTR	62	0	1.57	3	52.38
VC35C-Ctrl-54799820	9333041.5	C573_MM:Other:Other	1738	0	1.50	2	75.00
VC35C-Ctrl-54799820	9333041.5	MER50-int:ERV1:LTR	14	1	1.50	2	75.00
VC35C-Ctrl-54799820	9333041.5	MER94B:hAT-Blackjack:DNA	86	1	1.50	2	75.00
VC35C-Ctrl-54799820	9333041.5	MLT1G1-int:ERVL-MaLR:LTR	51	1	1.50	2	75.00
VC35C-Ctrl-54799820	9333041.5	MLT1G3-int:ERVL-MaLR:LTR	58	0	1.50	2	75.00
VC35C-Ctrl-54799820	9333041.5	Ricksha_a:MULE-MuDR:DNA	30	1	1.50	2	75.00
VC35C-Ctrl-54799820	9333041.5	RLTR1E_MM:ERV1:LTR	86	1	1.50	2	75.00
VC35C-Ctrl-54799820	9333041.5	tRNA-Met_:tRNA:tRNA	46	0	1.50	2	75.00
VC35C-Ctrl-54799820	9333041.5	MER72B:ERV1:LTR	74	1	1.13	3	37.65
VC35C-Ctrl-54799820	9333041.5	Cheshire_Mars:hAT-Charlie:DNA	3	1	1.00	1	100.00
VC35C-Ctrl-54799820	9333041.5	Eulor12:DNA?:DNA?	35	1	1.00	1	100.00
VC35C-Ctrl-54799820	9333041.5	Eulor6D:DNA?:DNA?	47	1	1.00	1	100.00
VC35C-Ctrl-54799820	9333041.5	HUERS-P3b-int:ERV1:LTR	3	0	1.00	1	100.00
VC35C-Ctrl-54799820	9333041.5	LTR16D1:ERVL:LTR	90	1	1.00	1	100.00
VC35C-Ctrl-54799820	9333041.5	LTR27C:ERV1:LTR	7	1	1.00	1	100.00
VC35C-Ctrl-54799820	9333041.5	LTR29:ERV1:LTR	34	1	1.00	1	100.00
VC35C-Ctrl-54799820	9333041.5	LTR32:ERVL:LTR	9	1	1.00	1	100.00
VC35C-Ctrl-54799820	9333041.5	LTR45C:ERV1:LTR	24	0	1.00	1	100.00
VC35C-Ctrl-54799820	9333041.5	LTR52-int:ERVL:LTR	50	0	1.00	1	100.00
VC35C-Ctrl-54799820	9333041.5	LTR81:Gypsy:LTR	70	0	1.00	1	100.00
VC35C-Ctrl-54799820	9333041.5	LTR86A2:ERVL:LTR	79	1	1.00	1	100.00
VC35C-Ctrl-54799820	9333041.5	LTR9A1:ERV1:LTR	11	1	1.00	1	100.00
VC35C-Ctrl-54799820	9333041.5	LTRIS6:ERV1:LTR	149	0	1.00	1	100.00
VC35C-Ctrl-54799820	9333041.5	MamGypLTR2c:Gypsy:LTR	110	0	1.00	1	100.00
VC35C-Ctrl-54799820	9333041.5	MamRep1161:TcMar:DNA	7	1	1.00	1	100.00
VC35C-Ctrl-54799820	9333041.5	MamRep1894:hAT:DNA	36	1	1.00	1	100.00
VC35C-Ctrl-54799820	9333041.5	MER66B:ERV1:LTR	7	1	1.00	1	100.00
VC35C-Ctrl-54799820	9333041.5	MER76-int:ERVL:LTR	16	0	1.00	1	100.00
VC35C-Ctrl-54799820	9333041.5	MER91C:hAT-Tip100:DNA	110	1	1.00	1	100.00
VC35C-Ctrl-54799820	9333041.5	MER95:ERV1:LTR	54	1	1.00	1	100.00
VC35C-Ctrl-54799820	9333041.5	MLT1A1-int:ERVL-MaLR:LTR	130	0	1.00	1	100.00
VC35C-Ctrl-54799820	9333041.5	MLT1H2-int:ERVL-MaLR:LTR	53	1	1.00	1	100.00
VC35C-Ctrl-54799820	9333041.5	Ricksha_a:MuDR:DNA	11	1	1.00	1	100.00
VC35C-Ctrl-54799820	9333041.5	RLTR50A:ERVK:LTR	85	0	1.00	1	100.00
VC35C-Ctrl-54799820	9333041.5	RMER3D1:ERVK:LTR	1	1	1.00	1	100.00
VC35C-Ctrl-54799820	9333041.5	tRNA-Glu-GAG:tRNA:tRNA	6	0	1.00	1	100.00
VC35C-Ctrl-54799820	9333041.5	UCON14:DNA?:DNA?	66	1	1.00	1	100.00
VC35C-Ctrl-54799820	9333041.5	UCON7:DNA?:DNA?	99	0	1.00	1	100.00
VC35C-Ctrl-54799820	9333041.5	X5A_LINE:CR1:LINE	69	1	1.00	1	100.00
VC35C-Ctrl-54799820	9333041.5	MLT1G-int:ERVL-MaLR:LTR	39	0	0.83	2	41.67
VC35C-Ctrl-54799820	9333041.5	RMER3D3:ERVK:LTR	8	0	0.73	2	36.71
VC35C-Ctrl-54799820	9333041.5	L1M6B:L1:LINE	43	0	0.50	1	50.00
VC35C-Ctrl-54799820	9333041.5	MLT1A-int:ERVL-MaLR:LTR	123	0	0.50	1	50.00
VC35C-Ctrl-54799820	9333041.5	MLT1E1A-int:ERVL-MaLR:LTR	28	0	0.50	1	50.00
VC35C-Ctrl-54799820	9333041.5	Charlie1b_Mars:hAT-Charlie:DNA	2	0	0.00	0	NA
VC35C-Ctrl-54799820	9333041.5	Cheshire_Mars_:hAT-Charlie:DNA	6	0	0.00	0	NA
VC35C-Ctrl-54799820	9333041.5	ERVB4_1-LTR_MM:ERVK:LTR	21	0	0.00	0	NA
VC35C-Ctrl-54799820	9333041.5	Eulor11:DNA:DNA	49	0	0.00	0	NA
VC35C-Ctrl-54799820	9333041.5	Eulor3:DNA?:DNA?	28	0	0.00	0	NA
VC35C-Ctrl-54799820	9333041.5	Eulor5B:DNA?:DNA?	37	0	0.00	0	NA
VC35C-Ctrl-54799820	9333041.5	Eulor6A:DNA?:DNA?	21	0	0.00	0	NA
VC35C-Ctrl-54799820	9333041.5	Eulor6C:DNA?:DNA?	15	0	0.00	0	NA
VC35C-Ctrl-54799820	9333041.5	Eulor7:DNA?:DNA?	4	0	0.00	0	NA
VC35C-Ctrl-54799820	9333041.5	Eulor8:TcMar?:DNA	110	0	0.00	0	NA
VC35C-Ctrl-54799820	9333041.5	Eulor9B:DNA:DNA	14	0	0.00	0	NA
VC35C-Ctrl-54799820	9333041.5	HERVL32-int:ERVL:LTR	1	0	0.00	0	NA
VC35C-Ctrl-54799820	9333041.5	HY4:scRNA:scRNA	3	0	0.00	0	NA
VC35C-Ctrl-54799820	9333041.5	HY5:scRNA:scRNA	1	0	0.00	0	NA
VC35C-Ctrl-54799820	9333041.5	L1M2a1:L1:LINE	11	0	0.00	0	NA
VC35C-Ctrl-54799820	9333041.5	LTR23-int:ERV1:LTR	11	0	0.00	0	NA
VC35C-Ctrl-54799820	9333041.5	LTR28:ERV1:LTR	10	0	0.00	0	NA
VC35C-Ctrl-54799820	9333041.5	LTR36:ERV1:LTR	5	0	0.00	0	NA
VC35C-Ctrl-54799820	9333041.5	LTR44:ERV1:LTR	3	0	0.00	0	NA
VC35C-Ctrl-54799820	9333041.5	LTR58:ERV1:LTR	9	0	0.00	0	NA
VC35C-Ctrl-54799820	9333041.5	LTR59:ERV1:LTR	8	0	0.00	0	NA
VC35C-Ctrl-54799820	9333041.5	LTR64:ERV1:LTR	8	0	0.00	0	NA
VC35C-Ctrl-54799820	9333041.5	LTR75_1:ERV1:LTR	9	0	0.00	0	NA
VC35C-Ctrl-54799820	9333041.5	LTR77:ERV1:LTR	38	0	0.00	0	NA
VC35C-Ctrl-54799820	9333041.5	LTR91:ERVL:LTR	57	0	0.00	0	NA
VC35C-Ctrl-54799820	9333041.5	LTR9D:ERV1:LTR	11	0	0.00	0	NA
VC35C-Ctrl-54799820	9333041.5	MamRep137:TcMar?:DNA	4	0	0.00	0	NA
VC35C-Ctrl-54799820	9333041.5	MamRep488:hAT-Tip100:DNA	29	0	0.00	0	NA
VC35C-Ctrl-54799820	9333041.5	MARINER1_EC:TcMar-Tigger:DNA	2	0	0.00	0	NA
VC35C-Ctrl-54799820	9333041.5	MER132:TcMar-Pogo:DNA	21	0	0.00	0	NA
VC35C-Ctrl-54799820	9333041.5	MER133B:DNA?:DNA?	22	0	0.00	0	NA
VC35C-Ctrl-54799820	9333041.5	MER47C:TcMar-Tigger:DNA	14	0	0.00	0	NA
VC35C-Ctrl-54799820	9333041.5	MER4CL34:ERV1:LTR	6	0	0.00	0	NA
VC35C-Ctrl-54799820	9333041.5	MER57E3:ERV1:LTR	4	0	0.00	0	NA
VC35C-Ctrl-54799820	9333041.5	MER66A:ERV1:LTR	5	0	0.00	0	NA
VC35C-Ctrl-54799820	9333041.5	MER66C:ERV1:LTR	19	0	0.00	0	NA
VC35C-Ctrl-54799820	9333041.5	MER72:ERV1:LTR	9	0	0.00	0	NA
VC35C-Ctrl-54799820	9333041.5	MER83A-int:ERV1:LTR	1	0	0.00	0	NA
VC35C-Ctrl-54799820	9333041.5	MER83B-int:ERV1:LTR	9	0	0.00	0	NA
VC35C-Ctrl-54799820	9333041.5	MER97c:hAT-Tip100:DNA	64	0	0.00	0	NA
VC35C-Ctrl-54799820	9333041.5	MER97d:hAT-Tip100:DNA	28	0	0.00	0	NA
VC35C-Ctrl-54799820	9333041.5	MLT1E1-int:ERVL-MaLR:LTR	8	0	0.00	0	NA
VC35C-Ctrl-54799820	9333041.5	MLT1E3-int:ERVL-MaLR:LTR	12	0	0.00	0	NA
VC35C-Ctrl-54799820	9333041.5	MLT1E-int:ERVL-MaLR:LTR	9	0	0.00	0	NA
VC35C-Ctrl-54799820	9333041.5	MLT1I-int:ERVL-MaLR:LTR	57	0	0.00	0	NA
VC35C-Ctrl-54799820	9333041.5	MLT1J2-int:ERVL-MaLR:LTR	27	0	0.00	0	NA
VC35C-Ctrl-54799820	9333041.5	MLT1K-int:ERVL-MaLR:LTR	8	0	0.00	0	NA
VC35C-Ctrl-54799820	9333041.5	MLT1L-int:ERVL-MaLR:LTR	13	0	0.00	0	NA
VC35C-Ctrl-54799820	9333041.5	MLT1N2-int:ERVL-MaLR:LTR	3	0	0.00	0	NA
VC35C-Ctrl-54799820	9333041.5	MLT1O-int:ERVL-MaLR:LTR	2	0	0.00	0	NA
VC35C-Ctrl-54799820	9333041.5	nhAT5a_ML:hAT-Charlie:DNA	4	0	0.00	0	NA
VC35C-Ctrl-54799820	9333041.5	Ricksha_0:MuDR:DNA	29	0	0.00	0	NA
VC35C-Ctrl-54799820	9333041.5	Ricksha_b:MuDR:DNA	2	0	0.00	0	NA
VC35C-Ctrl-54799820	9333041.5	Ricksha_b:MULE-MuDR:DNA	6	0	0.00	0	NA
VC35C-Ctrl-54799820	9333041.5	RLTR12F:ERVK:LTR	60	0	0.00	0	NA
VC35C-Ctrl-54799820	9333041.5	RLTR43A:ERVK:LTR	3	0	0.00	0	NA
VC35C-Ctrl-54799820	9333041.5	RLTR43B:ERVK:LTR	1	0	0.00	0	NA
VC35C-Ctrl-54799820	9333041.5	RLTR9A4:ERVK:LTR	35	0	0.00	0	NA
VC35C-Ctrl-54799820	9333041.5	RMER3D2:ERVK:LTR	3	0	0.00	0	NA
VC35C-Ctrl-54799820	9333041.5	RNLTR23:ERVK:LTR	5	0	0.00	0	NA
VC35C-Ctrl-54799820	9333041.5	Tigger1a_Mars:TcMar-Tigger:DNA	2	0	0.00	0	NA
VC35C-Ctrl-54799820	9333041.5	tRNA-His-CAY:tRNA:tRNA	1	0	0.00	0	NA
VC35C-Ctrl-54799820	9333041.5	tRNA-Leu-TTA(m):tRNA:tRNA	1	0	0.00	0	NA
VC35C-Ctrl-54799820	9333041.5	tRNA-Ser-TCA:tRNA:tRNA	1	0	0.00	0	NA
VC35C-Ctrl-54799820	9333041.5	tRNA-Tyr-TAT:tRNA:tRNA	3	0	0.00	0	NA
VC35C-Ctrl-54799820	9333041.5	U7:snRNA:snRNA	49	0	0.00	0	NA
VC35C-Ctrl-54799820	9333041.5	X7D_LINE:CR1:LINE	10	0	0.00	0	NA
